Time	1st	2nd	3rd	4th	5th
0	3.2	-102.4	-102.4	-102.4	2.4
0.002	3.2	-102.4	-102.4	-102.4	2.4
0.004	3.2	-102.4	-102.4	-102.4	1.6
0.006	2.4	-102.4	-102.4	-102.4	1.6
0.008	3.2	-102.4	-102.4	-102.4	2.4
0.01	3.2	-102.4	-102.4	-102.4	1.6
0.012	3.2	-102.4	-102.4	-102.4	2.4
0.014	3.2	-102.4	-102.4	-102.4	2.4
0.016	3.2	-102.4	-102.4	-102.4	1.6
0.018	4	-102.4	-102.4	-102.4	2.4
0.02	2.4	-102.4	-102.4	-102.4	1.6
0.022	3.2	-102.4	-102.4	-102.4	2.4
0.024	3.2	-102.4	-102.4	-102.4	2.4
0.026	2.4	-102.4	-102.4	-102.4	2.4
0.028	3.2	-102.4	-102.4	-102.4	1.6
0.03	3.2	-102.4	-102.4	-102.4	3.2
0.032	3.2	-102.4	-102.4	-102.4	1.6
0.034	2.4	-102.4	-102.4	-102.4	2.4
0.036	3.2	-102.4	-102.4	-102.4	1.6
0.038	2.4	-102.4	-102.4	-102.4	1.6
0.04	4	3.2	-102.4	-102.4	2.4
0.042	3.2	3.2	-102.4	-102.4	1.6
0.044	2.4	3.2	-102.4	-102.4	2.4
0.046	2.4	3.2	-102.4	-102.4	3.2
0.048	3.2	3.2	-102.4	-102.4	1.6
0.05	3.2	3.2	-102.4	-102.4	1.6
0.052	3.2	3.2	-102.4	-102.4	1.6
0.054	3.2	3.2	-102.4	-102.4	2.4
0.056	3.2	3.2	-102.4	-102.4	2.4
0.058	3.2	4	-102.4	-102.4	2.4
0.06	3.2	4	-102.4	-102.4	2.4
0.062	3.2	4	-102.4	-102.4	2.4
0.064	3.2	3.2	-102.4	-102.4	4
0.066	3.2	3.2	-102.4	-102.4	2.4
0.068	3.2	3.2	-102.4	-102.4	0.8
0.07	4	3.2	-102.4	-102.4	1.6
0.072	3.2	3.2	-102.4	-102.4	2.4
0.074	3.2	3.2	-102.4	-102.4	2.4
0.076	3.2	3.2	-102.4	-102.4	2.4
0.078	3.2	2.4	-102.4	-102.4	2.4
0.08	3.2	3.2	-102.4	-102.4	2.4
0.082	3.2	3.2	-102.4	-102.4	2.4
0.084	3.2	3.2	-102.4	-102.4	2.4
0.086	3.2	3.2	-102.4	-102.4	2.4
0.088	3.2	3.2	-102.4	-102.4	0.8
0.09	3.2	4	-102.4	-102.4	2.4
0.092	3.2	4	-102.4	-102.4	3.2
0.094	3.2	3.2	-102.4	-102.4	2.4
0.096	3.2	3.2	-102.4	-102.4	2.4
0.098	3.2	3.2	-102.4	-102.4	2.4
0.1	3.2	2.4	-102.4	-102.4	2.4
0.102	3.2	3.2	-102.4	-102.4	2.4
0.104	3.2	3.2	-102.4	-102.4	2.4
0.106	3.2	3.2	-102.4	-102.4	2.4
0.108	3.2	3.2	-102.4	-102.4	2.4
0.11	2.4	4	-102.4	-102.4	2.4
0.112	3.2	3.2	-102.4	-102.4	3.2
0.114	3.2	3.2	-102.4	-102.4	2.4
0.116	3.2	3.2	-102.4	-102.4	3.2
0.118	3.2	3.2	-102.4	-102.4	3.2
0.12	3.2	4.8	-102.4	-102.4	2.4
0.122	4	3.2	-102.4	-102.4	3.2
0.124	4	3.2	-102.4	-102.4	2.4
0.126	3.2	3.2	-102.4	-102.4	2.4
0.128	3.2	3.2	-102.4	-102.4	2.4
0.13	3.2	4	-102.4	-102.4	2.4
0.132	3.2	3.2	-102.4	-102.4	2.4
0.134	3.2	3.2	-102.4	-102.4	3.2
0.136	2.4	3.2	-102.4	-102.4	2.4
0.138	3.2	4	-102.4	-102.4	2.4
0.14	4	4	-102.4	-102.4	2.4
0.142	3.2	3.2	-102.4	-102.4	2.4
0.144	3.2	4	-102.4	-102.4	2.4
0.146	2.4	3.2	-102.4	-102.4	2.4
0.148	3.2	4	-102.4	-102.4	2.4
0.15	3.2	3.2	-102.4	-102.4	2.4
0.152	3.2	3.2	-102.4	-102.4	3.2
0.154	4	3.2	-102.4	-102.4	3.2
0.156	2.4	3.2	-102.4	-102.4	2.4
0.158	3.2	3.2	-102.4	-102.4	2.4
0.16	3.2	4	-102.4	-102.4	3.2
0.162	4	3.2	-102.4	-102.4	2.4
0.164	3.2	3.2	-102.4	-102.4	2.4
0.166	2.4	4	-102.4	-102.4	2.4
0.168	3.2	3.2	-102.4	-102.4	3.2
0.17	3.2	3.2	-102.4	-102.4	2.4
0.172	3.2	3.2	-102.4	-102.4	3.2
0.174	3.2	3.2	-102.4	-102.4	3.2
0.176	3.2	3.2	-102.4	-102.4	2.4
0.178	2.4	4	-102.4	-102.4	2.4
0.18	3.2	3.2	-102.4	-102.4	2.4
0.182	3.2	3.2	-102.4	-102.4	2.4
0.184	3.2	3.2	-102.4	-102.4	2.4
0.186	3.2	4	-102.4	-102.4	2.4
0.188	4	4	-102.4	-102.4	2.4
0.19	2.4	3.2	-102.4	-102.4	2.4
0.192	3.2	3.2	-102.4	-102.4	2.4
0.194	3.2	2.4	-102.4	-102.4	3.2
0.196	4	3.2	-102.4	-102.4	3.2
0.198	2.4	3.2	-102.4	-102.4	2.4
0.2	3.2	4	-102.4	-102.4	2.4
0.202	2.4	4	-102.4	-102.4	2.4
0.204	3.2	3.2	-102.4	-102.4	3.2
0.206	3.2	4	-102.4	-102.4	3.2
0.208	3.2	3.2	-102.4	-102.4	3.2
0.21	3.2	3.2	-102.4	-102.4	2.4
0.212	3.2	3.2	-102.4	-102.4	3.2
0.214	3.2	3.2	-102.4	-102.4	3.2
0.216	3.2	3.2	-102.4	-102.4	2.4
0.218	3.2	3.2	-102.4	-102.4	2.4
0.22	3.2	3.2	-102.4	-102.4	2.4
0.222	3.2	3.2	-102.4	-102.4	3.2
0.224	3.2	4	-102.4	-102.4	3.2
0.226	3.2	3.2	-102.4	-102.4	3.2
0.228	3.2	3.2	-102.4	-102.4	2.4
0.23	2.4	3.2	-102.4	-102.4	2.4
0.232	3.2	4	-102.4	-102.4	2.4
0.234	3.2	3.2	-102.4	-102.4	3.2
0.236	3.2	3.2	-102.4	-102.4	3.2
0.238	3.2	3.2	-102.4	-102.4	2.4
0.24	3.2	3.2	-102.4	-102.4	2.4
0.242	3.2	3.2	-102.4	-102.4	2.4
0.244	3.2	4	-102.4	-102.4	3.2
0.246	2.4	3.2	-102.4	-102.4	1.6
0.248	3.2	4	-102.4	-102.4	3.2
0.25	1.6	3.2	-102.4	-102.4	2.4
0.252	3.2	3.2	-102.4	-102.4	2.4
0.254	3.2	3.2	-102.4	-102.4	3.2
0.256	3.2	3.2	-102.4	-102.4	3.2
0.258	3.2	3.2	-102.4	-102.4	3.2
0.26	3.2	3.2	-102.4	-102.4	3.2
0.262	2.4	3.2	-102.4	-102.4	3.2
0.264	3.2	4	-102.4	-102.4	3.2
0.266	3.2	3.2	-102.4	-102.4	-102.4
0.268	3.2	4	-102.4	-102.4	-102.4
0.27	2.4	3.2	-102.4	-102.4	-102.4
0.272	3.2	3.2	-102.4	-102.4	-102.4
0.274	3.2	4	-102.4	-102.4	-102.4
0.276	3.2	3.2	-102.4	-102.4	-102.4
0.278	4	3.2	-102.4	-102.4	-102.4
0.28	3.2	3.2	-102.4	-102.4	-102.4
0.282	3.2	3.2	-102.4	-102.4	-102.4
0.284	2.4	4	-102.4	-102.4	-102.4
0.286	3.2	3.2	-102.4	-102.4	-102.4
0.288	3.2	3.2	-102.4	-102.4	-102.4
0.29	2.4	3.2	-102.4	-102.4	-102.4
0.292	3.2	4	-102.4	-102.4	-102.4
0.294	3.2	4	-102.4	-102.4	-102.4
0.296	3.2	3.2	-102.4	-102.4	-102.4
0.298	3.2	3.2	-102.4	-102.4	-102.4
0.3	3.2	4	-102.4	-102.4	-102.4
0.302	3.2	4	-102.4	-102.4	-102.4
0.304	3.2	4	-102.4	-102.4	-102.4
0.306	3.2	2.4	-102.4	-102.4	-102.4
0.308	3.2	3.2	-102.4	-102.4	-102.4
0.31	2.4	3.2	-102.4	-102.4	-102.4
0.312	3.2	3.2	-102.4	-102.4	-102.4
0.314	3.2	4	-102.4	-102.4	-102.4
0.316	3.2	4	-102.4	-102.4	-102.4
0.318	3.2	3.2	-102.4	-102.4	-102.4
0.32	2.4	3.2	-102.4	-102.4	-102.4
0.322	3.2	4	-102.4	-102.4	-102.4
0.324	3.2	3.2	-102.4	-102.4	-102.4
0.326	3.2	3.2	-102.4	-102.4	-102.4
0.328	3.2	4	-102.4	-102.4	-102.4
0.33	3.2	3.2	-102.4	-102.4	-102.4
0.332	3.2	4	-102.4	-102.4	-102.4
0.334	3.2	4	-102.4	-102.4	-102.4
0.336	3.2	3.2	-102.4	-102.4	-102.4
0.338	3.2	3.2	-102.4	-102.4	-102.4
0.34	3.2	3.2	-102.4	-102.4	-102.4
0.342	3.2	4.8	-102.4	-102.4	-102.4
0.344	3.2	4	-102.4	-102.4	-102.4
0.346	2.4	4	-102.4	-102.4	-102.4
0.348	3.2	3.2	-102.4	-102.4	-102.4
0.35	2.4	3.2	-102.4	-102.4	-102.4
0.352	3.2	4	-102.4	-102.4	-102.4
0.354	2.4	4	-102.4	-102.4	-102.4
0.356	3.2	3.2	-102.4	-102.4	-102.4
0.358	3.2	3.2	-102.4	-102.4	-102.4
0.36	2.4	3.2	-102.4	-102.4	-102.4
0.362	3.2	4	-102.4	-102.4	-102.4
0.364	3.2	4	-102.4	-102.4	-102.4
0.366	3.2	4	-102.4	-102.4	-102.4
0.368	2.4	3.2	-102.4	-102.4	-102.4
0.37	3.2	4	-102.4	-102.4	-102.4
0.372	3.2	3.2	-102.4	-102.4	-102.4
0.374	3.2	4	-102.4	-102.4	-102.4
0.376	3.2	3.2	-102.4	-102.4	-102.4
0.378	3.2	4	-102.4	-102.4	-102.4
0.38	2.4	4	-102.4	-102.4	-102.4
0.382	3.2	3.2	-102.4	-102.4	-102.4
0.384	3.2	4	-102.4	-102.4	-102.4
0.386	3.2	3.2	-102.4	-102.4	-102.4
0.388	3.2	3.2	-102.4	-102.4	-102.4
0.39	2.4	4	-102.4	-102.4	-102.4
0.392	2.4	3.2	-102.4	-102.4	-102.4
0.394	3.2	3.2	-102.4	-102.4	-102.4
0.396	3.2	3.2	-102.4	-102.4	-102.4
0.398	3.2	4	-102.4	-102.4	-102.4
0.4	3.2	3.2	-102.4	-102.4	-102.4
0.402	2.4	3.2	-102.4	-102.4	-102.4
0.404	3.2	2.4	-102.4	-102.4	-102.4
0.406	3.2	4	-102.4	-102.4	-102.4
0.408	3.2	3.2	-102.4	-0.8	-102.4
0.41	3.2	3.2	-102.4	-0.8	-102.4
0.412	3.2	3.2	3.2	-1.6	-102.4
0.414	2.4	4	3.2	-1.6	-102.4
0.416	2.4	4	2.4	-0.8	-102.4
0.418	3.2	3.2	3.2	-1.6	-102.4
0.42	3.2	3.2	3.2	-0.8	-102.4
0.422	3.2	3.2	3.2	-2.4	-102.4
0.424	2.4	3.2	2.4	-1.6	-102.4
0.426	3.2	4	4	-0.8	-102.4
0.428	3.2	3.2	3.2	-0.8	-102.4
0.43	3.2	3.2	3.2	-0.8	-102.4
0.432	3.2	3.2	3.2	-0.8	-102.4
0.434	3.2	3.2	3.2	-1.6	-102.4
0.436	3.2	3.2	3.2	-0.8	-102.4
0.438	3.2	4	2.4	-0.8	-102.4
0.44	2.4	3.2	3.2	-0.8	-102.4
0.442	3.2	3.2	2.4	-0.8	-102.4
0.444	3.2	4	3.2	-1.6	-102.4
0.446	3.2	4	4	-0.8	-102.4
0.448	2.4	3.2	3.2	-1.6	-102.4
0.45	3.2	4	3.2	-0.8	-102.4
0.452	3.2	3.2	2.4	-0.8	-102.4
0.454	3.2	3.2	3.2	-0.8	-102.4
0.456	3.2	4	3.2	-0.8	-102.4
0.458	2.4	3.2	3.2	-0.8	-102.4
0.46	3.2	4	3.2	-0.8	-102.4
0.462	3.2	3.2	3.2	-0.8	-102.4
0.464	3.2	3.2	3.2	-0.8	-102.4
0.466	3.2	3.2	3.2	-0.8	-102.4
0.468	3.2	3.2	3.2	-0.8	-102.4
0.47	2.4	3.2	3.2	-1.6	-102.4
0.472	3.2	3.2	3.2	-1.6	-102.4
0.474	3.2	3.2	3.2	-0.8	-102.4
0.476	3.2	4	2.4	-0.8	-102.4
0.478	2.4	3.2	3.2	-1.6	-102.4
0.48	3.2	3.2	3.2	-0.8	-102.4
0.482	2.4	3.2	3.2	-0.8	-102.4
0.484	2.4	3.2	3.2	-2.4	-102.4
0.486	3.2	3.2	3.2	-0.8	-102.4
0.488	3.2	3.2	3.2	-1.6	-102.4
0.49	3.2	4	3.2	-0.8	-102.4
0.492	2.4	3.2	2.4	-0.8	-102.4
0.494	2.4	3.2	3.2	-2.4	-102.4
0.496	3.2	3.2	3.2	-0.8	-102.4
0.498	3.2	4	3.2	-0.8	-102.4
0.5	2.4	3.2	3.2	-0.8	-102.4
0.502	3.2	3.2	3.2	-1.6	-102.4
0.504	3.2	3.2	3.2	-0.8	-102.4
0.506	2.4	4	2.4	-0.8	-102.4
0.508	3.2	3.2	2.4	0	-102.4
0.51	3.2	3.2	3.2	-2.4	-102.4
0.512	2.4	3.2	4	-0.8	-102.4
0.514	3.2	3.2	3.2	-0.8	-102.4
0.516	3.2	4	1.6	-0.8	-102.4
0.518	2.4	3.2	3.2	-0.8	-102.4
0.52	3.2	3.2	2.4	-2.4	-102.4
0.522	3.2	3.2	3.2	-0.8	-102.4
0.524	3.2	3.2	3.2	-0.8	-102.4
0.526	3.2	4	3.2	-0.8	-102.4
0.528	3.2	3.2	3.2	-0.8	-102.4
0.53	2.4	4	3.2	-1.6	-102.4
0.532	3.2	3.2	3.2	-0.8	-102.4
0.534	2.4	4	3.2	-0.8	-102.4
0.536	2.4	3.2	3.2	-0.8	-102.4
0.538	2.4	3.2	3.2	-0.8	-102.4
0.54	2.4	3.2	3.2	-0.8	-102.4
0.542	3.2	4	3.2	-0.8	-102.4
0.544	3.2	4	3.2	-0.8	-102.4
0.546	2.4	3.2	3.2	-0.8	-102.4
0.548	3.2	4	3.2	-0.8	-102.4
0.55	3.2	3.2	3.2	-0.8	-102.4
0.552	3.2	3.2	3.2	-0.8	-102.4
0.554	2.4	3.2	3.2	-0.8	-102.4
0.556	3.2	3.2	3.2	-0.8	-102.4
0.558	2.4	4	3.2	-0.8	-102.4
0.56	2.4	4	3.2	-0.8	-102.4
0.562	3.2	3.2	2.4	-1.6	-102.4
0.564	3.2	3.2	3.2	-0.8	-102.4
0.566	3.2	3.2	3.2	-1.6	-102.4
0.568	2.4	3.2	3.2	-0.8	-102.4
0.57	2.4	3.2	3.2	-0.8	-102.4
0.572	2.4	3.2	2.4	-0.8	-102.4
0.574	3.2	4	4	-0.8	-102.4
0.576	2.4	3.2	3.2	-0.8	-102.4
0.578	2.4	3.2	4	-0.8	-102.4
0.58	2.4	4	3.2	-0.8	-102.4
0.582	2.4	3.2	3.2	-1.6	-102.4
0.584	3.2	3.2	3.2	-0.8	-102.4
0.586	2.4	3.2	3.2	-1.6	-102.4
0.588	3.2	4	3.2	-0.8	-102.4
0.59	3.2	4	3.2	-1.6	-102.4
0.592	4	3.2	3.2	-0.8	-102.4
0.594	3.2	4	3.2	-1.6	-102.4
0.596	3.2	3.2	3.2	-0.8	-102.4
0.598	3.2	3.2	3.2	-1.6	-102.4
0.6	2.4	3.2	3.2	-0.8	-102.4
0.602	2.4	4	3.2	-0.8	-102.4
0.604	3.2	3.2	3.2	-1.6	-102.4
0.606	2.4	4	3.2	-1.6	-102.4
0.608	3.2	4	2.4	-1.6	-102.4
0.61	3.2	3.2	3.2	-0.8	-102.4
0.612	3.2	4	3.2	-1.6	-102.4
0.614	3.2	3.2	3.2	-0.8	-102.4
0.616	2.4	3.2	3.2	-0.8	-102.4
0.618	3.2	3.2	3.2	-0.8	-102.4
0.62	3.2	3.2	3.2	-0.8	-102.4
0.622	2.4	3.2	3.2	-0.8	-102.4
0.624	3.2	4	3.2	-0.8	-102.4
0.626	3.2	3.2	2.4	-1.6	-102.4
0.628	2.4	3.2	3.2	-0.8	-102.4
0.63	3.2	3.2	3.2	-0.8	-102.4
0.632	3.2	4	3.2	-0.8	-102.4
0.634	3.2	4	3.2	-0.8	-102.4
0.636	3.2	4	4	-0.8	-102.4
0.638	2.4	4	3.2	-0.8	-102.4
0.64	2.4	3.2	2.4	-1.6	-102.4
0.642	3.2	4	3.2	-1.6	-102.4
0.644	2.4	3.2	4	-0.8	-102.4
0.646	2.4	4	3.2	-0.8	-102.4
0.648	2.4	3.2	3.2	-0.8	-102.4
0.65	2.4	3.2	3.2	-0.8	-102.4
0.652	3.2	3.2	2.4	-1.6	-102.4
0.654	3.2	3.2	3.2	-0.8	-102.4
0.656	3.2	3.2	3.2	-0.8	-102.4
0.658	2.4	4	3.2	-0.8	-102.4
0.66	2.4	3.2	2.4	-0.8	-102.4
0.662	3.2	4	2.4	-0.8	-102.4
0.664	2.4	4	2.4	-0.8	-102.4
0.666	2.4	3.2	3.2	-0.8	-102.4
0.668	2.4	3.2	4	-0.8	-102.4
0.67	3.2	3.2	3.2	-0.8	-102.4
0.672	2.4	3.2	3.2	-0.8	-102.4
0.674	2.4	4	2.4	-1.6	-102.4
0.676	2.4	3.2	3.2	-0.8	-102.4
0.678	2.4	3.2	3.2	-0.8	-102.4
0.68	2.4	3.2	3.2	-0.8	-102.4
0.682	2.4	3.2	2.4	-1.6	-102.4
0.684	2.4	3.2	3.2	-0.8	-102.4
0.686	3.2	3.2	3.2	-0.8	-102.4
0.688	2.4	3.2	3.2	-0.8	-102.4
0.69	3.2	4	2.4	-1.6	-102.4
0.692	3.2	3.2	3.2	-0.8	-102.4
0.694	3.2	4	2.4	-0.8	-102.4
0.696	2.4	3.2	3.2	-0.8	-102.4
0.698	2.4	3.2	2.4	-0.8	-102.4
0.7	3.2	3.2	3.2	-1.6	-102.4
0.702	2.4	3.2	3.2	-1.6	-102.4
0.704	2.4	4	3.2	-1.6	-102.4
0.706	2.4	4	3.2	-0.8	-102.4
0.708	3.2	4	2.4	-0.8	-102.4
0.71	3.2	3.2	4	-0.8	-102.4
0.712	3.2	3.2	4	-1.6	-102.4
0.714	2.4	3.2	3.2	-0.8	-102.4
0.716	3.2	4	3.2	-0.8	-102.4
0.718	2.4	4	3.2	-0.8	-102.4
0.72	3.2	3.2	3.2	-0.8	-102.4
0.722	3.2	3.2	3.2	-0.8	-102.4
0.724	3.2	3.2	3.2	-0.8	-102.4
0.726	2.4	4	3.2	-1.6	-102.4
0.728	3.2	3.2	3.2	-0.8	-102.4
0.73	3.2	4	4	0	-102.4
0.732	2.4	3.2	3.2	-1.6	-102.4
0.734	2.4	3.2	2.4	-1.6	-102.4
0.736	3.2	4	3.2	-1.6	-102.4
0.738	3.2	4	3.2	-0.8	-102.4
0.74	3.2	4	3.2	-0.8	-102.4
0.742	2.4	3.2	3.2	-0.8	-102.4
0.744	2.4	3.2	3.2	-0.8	-102.4
0.746	3.2	3.2	3.2	-0.8	-102.4
0.748	2.4	3.2	2.4	-0.8	-102.4
0.75	2.4	4	3.2	-0.8	-102.4
0.752	3.2	3.2	3.2	-1.6	-102.4
0.754	2.4	3.2	4	-0.8	-102.4
0.756	2.4	3.2	3.2	-0.8	-102.4
0.758	2.4	4	3.2	-0.8	-102.4
0.76	2.4	3.2	3.2	-0.8	-102.4
0.762	2.4	3.2	2.4	-0.8	-102.4
0.764	3.2	4	3.2	-0.8	-0.8
0.766	2.4	4	3.2	-0.8	-0.8
0.768	2.4	3.2	3.2	-0.8	0
0.77	3.2	3.2	2.4	-0.8	-0.8
0.772	3.2	3.2	3.2	-0.8	-0.8
0.774	2.4	3.2	3.2	-0.8	0
0.776	2.4	4	3.2	-0.8	-0.8
0.778	3.2	3.2	3.2	-0.8	-0.8
0.78	2.4	3.2	3.2	-0.8	-0.8
0.782	2.4	3.2	3.2	-0.8	0
0.784	4	4	3.2	-0.8	-0.8
0.786	2.4	3.2	3.2	-0.8	0
0.788	2.4	4	3.2	-0.8	-0.8
0.79	3.2	3.2	2.4	-0.8	-0.8
0.792	3.2	3.2	1.6	-0.8	0
0.794	2.4	3.2	3.2	-0.8	-0.8
0.796	3.2	3.2	3.2	-1.6	-1.6
0.798	3.2	3.2	4	-0.8	-0.8
0.8	3.2	3.2	4	-0.8	-0.8
0.802	3.2	3.2	4	-0.8	-0.8
0.804	2.4	3.2	3.2	-1.6	-0.8
0.806	2.4	4.8	3.2	-0.8	-0.8
0.808	3.2	4	3.2	-0.8	-0.8
0.81	2.4	4	3.2	-0.8	-0.8
0.812	3.2	4	2.4	-0.8	-0.8
0.814	2.4	3.2	2.4	-1.6	0
0.816	3.2	3.2	3.2	-0.8	-0.8
0.818	2.4	4	4	-0.8	0
0.82	3.2	4	2.4	-0.8	-0.8
0.822	2.4	3.2	3.2	-1.6	-0.8
0.824	3.2	4	3.2	-0.8	-0.8
0.826	2.4	3.2	3.2	-0.8	-0.8
0.828	2.4	2.4	3.2	-1.6	-0.8
0.83	2.4	3.2	3.2	-0.8	-0.8
0.832	2.4	4	3.2	-1.6	-0.8
0.834	3.2	3.2	2.4	-0.8	-0.8
0.836	3.2	3.2	3.2	-0.8	-0.8
0.838	3.2	3.2	3.2	-0.8	-0.8
0.84	3.2	3.2	3.2	-1.6	0
0.842	3.2	3.2	3.2	-0.8	0
0.844	3.2	4	2.4	-0.8	-0.8
0.846	2.4	4	4	-0.8	-0.8
0.848	2.4	3.2	3.2	-0.8	0
0.85	3.2	3.2	3.2	-0.8	-1.6
0.852	2.4	4	3.2	-0.8	-0.8
0.854	2.4	3.2	3.2	-2.4	-0.8
0.856	3.2	3.2	3.2	-0.8	-0.8
0.858	2.4	4	3.2	-0.8	-0.8
0.86	2.4	3.2	3.2	-0.8	-0.8
0.862	2.4	3.2	4	-1.6	-0.8
0.864	2.4	3.2	3.2	-0.8	-0.8
0.866	2.4	4	3.2	-0.8	0
0.868	2.4	3.2	3.2	-1.6	-0.8
0.87	3.2	3.2	3.2	-0.8	-0.8
0.872	3.2	4	3.2	-0.8	-0.8
0.874	3.2	4	3.2	-0.8	-0.8
0.876	3.2	4	3.2	-0.8	0
0.878	2.4	3.2	2.4	-0.8	-0.8
0.88	3.2	3.2	2.4	-1.6	-0.8
0.882	3.2	4	3.2	-0.8	-0.8
0.884	3.2	4.8	3.2	-1.6	-0.8
0.886	3.2	3.2	3.2	-0.8	-0.8
0.888	3.2	3.2	3.2	-0.8	-0.8
0.89	3.2	4	3.2	-0.8	-0.8
0.892	2.4	3.2	3.2	-0.8	-0.8
0.894	4	3.2	3.2	-0.8	-0.8
0.896	3.2	3.2	3.2	-0.8	0
0.898	3.2	3.2	3.2	-1.6	-0.8
0.9	2.4	4	3.2	-1.6	0
0.902	3.2	4	2.4	-0.8	0
0.904	3.2	4	3.2	-0.8	0
0.906	3.2	3.2	3.2	-0.8	-0.8
0.908	2.4	2.4	3.2	-0.8	-0.8
0.91	2.4	2.4	3.2	-0.8	-0.8
0.912	3.2	3.2	3.2	-0.8	-0.8
0.914	2.4	4	4	-0.8	-0.8
0.916	3.2	3.2	3.2	-1.6	-0.8
0.918	3.2	3.2	3.2	-0.8	-0.8
0.92	2.4	3.2	3.2	-0.8	-0.8
0.922	3.2	3.2	3.2	-0.8	0
0.924	3.2	4	3.2	-1.6	-0.8
0.926	3.2	3.2	4	-0.8	0
0.928	3.2	3.2	3.2	-0.8	0
0.93	3.2	4	3.2	-1.6	-0.8
0.932	2.4	4	3.2	-0.8	0
0.934	3.2	4	3.2	-0.8	-1.6
0.936	3.2	3.2	3.2	-0.8	-0.8
0.938	3.2	4	3.2	-0.8	-0.8
0.94	2.4	4	2.4	-0.8	-0.8
0.942	3.2	4	3.2	-0.8	-0.8
0.944	3.2	4	3.2	-1.6	-0.8
0.946	2.4	4	2.4	-0.8	-0.8
0.948	3.2	3.2	3.2	-0.8	-0.8
0.95	3.2	4	3.2	-1.6	-0.8
0.952	3.2	4	3.2	-0.8	0
0.954	3.2	4	3.2	-0.8	-0.8
0.956	2.4	3.2	3.2	-1.6	-0.8
0.958	3.2	3.2	3.2	-0.8	-0.8
0.96	3.2	4	3.2	-0.8	-0.8
0.962	2.4	3.2	3.2	-0.8	-0.8
0.964	3.2	4	3.2	-0.8	-0.8
0.966	3.2	4	3.2	-0.8	-0.8
0.968	3.2	3.2	3.2	-1.6	0
0.97	3.2	3.2	3.2	-0.8	0
0.972	3.2	3.2	3.2	-0.8	-0.8
0.974	3.2	3.2	3.2	-0.8	-0.8
0.976	3.2	4	3.2	-1.6	-0.8
0.978	2.4	2.4	3.2	-0.8	-0.8
0.98	2.4	3.2	3.2	0	-0.8
0.982	2.4	3.2	3.2	-0.8	-0.8
0.984	3.2	3.2	3.2	-0.8	-0.8
0.986	2.4	3.2	3.2	-1.6	0
0.988	3.2	3.2	3.2	-1.6	0
0.99	3.2	3.2	3.2	-1.6	-0.8
0.992	3.2	3.2	3.2	-0.8	-0.8
0.994	4	4	3.2	-1.6	0
0.996	2.4	4	3.2	-0.8	-0.8
0.998	3.2	3.2	3.2	-1.6	-0.8
1	3.2	3.2	3.2	-0.8	-0.8
1.002	3.2	2.4	3.2	-1.6	0
1.004	3.2	3.2	3.2	-0.8	-0.8
1.006	3.2	3.2	3.2	-0.8	-0.8
1.008	3.2	3.2	3.2	-1.6	0
1.01	3.2	3.2	3.2	-0.8	-0.8
1.012	3.2	4	2.4	-0.8	-0.8
1.014	3.2	3.2	3.2	-1.6	-0.8
1.016	3.2	3.2	3.2	-1.6	-0.8
1.018	2.4	3.2	3.2	-0.8	-0.8
1.02	2.4	3.2	3.2	-1.6	-0.8
1.022	3.2	3.2	3.2	-0.8	-0.8
1.024	3.2	3.2	3.2	-1.6	-0.8
1.026	3.2	3.2	3.2	-0.8	0
1.028	4	4	3.2	-1.6	-0.8
1.03	2.4	3.2	4	-0.8	-0.8
1.032	3.2	4	3.2	-1.6	-0.8
1.034	3.2	3.2	2.4	-0.8	-0.8
1.036	2.4	4	3.2	-0.8	0
1.038	2.4	3.2	3.2	-1.6	-0.8
1.04	3.2	3.2	3.2	-0.8	-0.8
1.042	4	4	3.2	-0.8	-0.8
1.044	3.2	3.2	3.2	-0.8	-0.8
1.046	3.2	3.2	3.2	-0.8	0
1.048	2.4	4	3.2	-0.8	-0.8
1.05	3.2	3.2	2.4	-0.8	-0.8
1.052	3.2	4	3.2	-0.8	-0.8
1.054	3.2	4	3.2	0	-0.8
1.056	2.4	4	3.2	-0.8	-0.8
1.058	3.2	3.2	3.2	-0.8	0
1.06	3.2	2.4	3.2	-0.8	-0.8
1.062	3.2	3.2	3.2	-1.6	-0.8
1.064	3.2	4	3.2	-0.8	-0.8
1.066	3.2	4	2.4	-0.8	-0.8
1.068	3.2	4	3.2	-1.6	-0.8
1.07	2.4	3.2	3.2	-1.6	-0.8
1.072	3.2	3.2	4	-0.8	0
1.074	2.4	3.2	3.2	-0.8	-0.8
1.076	1.6	3.2	3.2	-0.8	0.8
1.078	3.2	4	3.2	-0.8	0
1.08	2.4	4	3.2	-1.6	-0.8
1.082	3.2	3.2	3.2	-1.6	0
1.084	3.2	4	3.2	-0.8	0
1.086	2.4	4	2.4	-0.8	-0.8
1.088	2.4	4	2.4	-1.6	-0.8
1.09	3.2	4	4	-1.6	0
1.092	3.2	4	3.2	-0.8	-1.6
1.094	3.2	4	3.2	-0.8	0
1.096	3.2	3.2	3.2	-0.8	-0.8
1.098	3.2	3.2	2.4	-1.6	-0.8
1.1	3.2	3.2	3.2	-0.8	-0.8
1.102	3.2	3.2	3.2	-0.8	-0.8
1.104	3.2	3.2	3.2	-1.6	-0.8
1.106	2.4	3.2	3.2	-0.8	-0.8
1.108	3.2	4	3.2	-1.6	-0.8
1.11	3.2	3.2	3.2	-0.8	-0.8
1.112	4	3.2	4	-1.6	-0.8
1.114	4	4	3.2	-0.8	-0.8
1.116	3.2	4	3.2	-1.6	-0.8
1.118	4	3.2	2.4	-0.8	0
1.12	3.2	3.2	2.4	-0.8	-0.8
1.122	4	4	3.2	-1.6	0
1.124	3.2	3.2	3.2	-0.8	-0.8
1.126	3.2	3.2	4	-1.6	-0.8
1.128	3.2	3.2	3.2	-1.6	-0.8
1.13	3.2	2.4	3.2	-0.8	-0.8
1.132	3.2	4	3.2	-0.8	-0.8
1.134	3.2	3.2	3.2	-0.8	-0.8
1.136	3.2	3.2	3.2	-0.8	0
1.138	3.2	3.2	3.2	-1.6	0
1.14	3.2	4	3.2	-0.8	-0.8
1.142	3.2	3.2	2.4	-0.8	-0.8
1.144	3.2	3.2	3.2	0	-1.6
1.146	3.2	3.2	3.2	0	0
1.148	3.2	4	3.2	-1.6	-0.8
1.15	4	3.2	3.2	-1.6	0
1.152	4	3.2	3.2	-0.8	-0.8
1.154	3.2	4	3.2	-0.8	-0.8
1.156	2.4	4	3.2	-1.6	0
1.158	3.2	3.2	3.2	-1.6	-0.8
1.16	4	4	3.2	-0.8	-0.8
1.162	3.2	3.2	3.2	-0.8	0
1.164	3.2	3.2	3.2	-0.8	-0.8
1.166	4	2.4	3.2	-0.8	-0.8
1.168	3.2	3.2	3.2	-0.8	-0.8
1.17	3.2	4	3.2	-0.8	0
1.172	4	3.2	3.2	-0.8	-0.8
1.174	3.2	4	3.2	-0.8	0
1.176	3.2	3.2	3.2	-0.8	-0.8
1.178	4	3.2	3.2	-0.8	0
1.18	4	3.2	3.2	-0.8	-0.8
1.182	4	3.2	3.2	-0.8	0
1.184	4	4	3.2	-0.8	0
1.186	4	4	3.2	-0.8	-0.8
1.188	3.2	4	3.2	-0.8	-0.8
1.19	4	4	3.2	-0.8	-0.8
1.192	4	4	2.4	-0.8	0
1.194	4	3.2	3.2	-0.8	0
1.196	3.2	3.2	3.2	-0.8	-0.8
1.198	3.2	3.2	3.2	-0.8	-0.8
1.2	4	3.2	3.2	-1.6	0
1.202	4	4	4	-1.6	0
1.204	3.2	3.2	3.2	-0.8	-1.6
1.206	3.2	3.2	2.4	-0.8	-0.8
1.208	2.4	3.2	3.2	-0.8	-0.8
1.21	3.2	4	4	-0.8	-1.6
1.212	3.2	4	4	-1.6	-0.8
1.214	3.2	3.2	3.2	-1.6	-0.8
1.216	3.2	3.2	3.2	-0.8	0
1.218	3.2	4	3.2	-0.8	-0.8
1.22	4	4	3.2	-1.6	-0.8
1.222	4	4	2.4	-0.8	-0.8
1.224	3.2	3.2	2.4	-0.8	0
1.226	3.2	4	4	-0.8	0
1.228	3.2	3.2	2.4	-0.8	-0.8
1.23	4	3.2	2.4	-1.6	-0.8
1.232	4	4	3.2	-1.6	-0.8
1.234	3.2	3.2	3.2	-0.8	-0.8
1.236	3.2	3.2	3.2	-1.6	-0.8
1.238	3.2	4	2.4	-0.8	-0.8
1.24	3.2	4	3.2	-2.4	-0.8
1.242	4	4	3.2	-0.8	-0.8
1.244	3.2	4	2.4	-0.8	-0.8
1.246	4	3.2	3.2	-0.8	0
1.248	3.2	4	3.2	-0.8	-0.8
1.25	3.2	3.2	4	-0.8	-0.8
1.252	3.2	4	3.2	-0.8	-0.8
1.254	3.2	3.2	3.2	-0.8	-0.8
1.256	3.2	3.2	3.2	-0.8	-0.8
1.258	3.2	4	3.2	-0.8	-0.8
1.26	4	3.2	3.2	-1.6	-0.8
1.262	3.2	4	3.2	-0.8	-0.8
1.264	3.2	4	3.2	-0.8	-0.8
1.266	3.2	4	3.2	-0.8	-0.8
1.268	3.2	3.2	3.2	-0.8	-0.8
1.27	4	3.2	3.2	-1.6	-0.8
1.272	4	3.2	3.2	-0.8	-0.8
1.274	3.2	3.2	3.2	-0.8	0
1.276	2.4	3.2	4	-0.8	-0.8
1.278	4	3.2	3.2	-0.8	-0.8
1.28	4	4.8	3.2	-0.8	-0.8
1.282	3.2	4	3.2	-1.6	-0.8
1.284	3.2	4	3.2	-0.8	-0.8
1.286	3.2	4	2.4	-1.6	-0.8
1.288	3.2	4	3.2	-0.8	0
1.29	3.2	3.2	3.2	-1.6	-0.8
1.292	3.2	2.4	3.2	-0.8	-0.8
1.294	3.2	4	3.2	-0.8	-0.8
1.296	3.2	4	4	-1.6	-0.8
1.298	3.2	4	3.2	-0.8	-0.8
1.3	2.4	4	3.2	-0.8	-0.8
1.302	2.4	4	3.2	-1.6	0
1.304	4	4	3.2	-0.8	0
1.306	2.4	3.2	3.2	-0.8	-0.8
1.308	3.2	3.2	2.4	-0.8	-0.8
1.31	3.2	3.2	3.2	-0.8	-0.8
1.312	3.2	3.2	3.2	-0.8	0
1.314	3.2	2.4	3.2	-0.8	-0.8
1.316	3.2	4	2.4	-0.8	-0.8
1.318	3.2	4	4	-1.6	-0.8
1.32	3.2	3.2	3.2	-1.6	-0.8
1.322	4	3.2	3.2	-2.4	0
1.324	2.4	3.2	3.2	-0.8	-0.8
1.326	3.2	3.2	3.2	-0.8	-0.8
1.328	3.2	4	3.2	-0.8	-0.8
1.33	4	4	3.2	-1.6	-0.8
1.332	3.2	3.2	3.2	-2.4	-0.8
1.334	3.2	3.2	2.4	-1.6	-0.8
1.336	3.2	4	3.2	-0.8	-0.8
1.338	3.2	3.2	4	-0.8	-0.8
1.34	3.2	4	2.4	-0.8	-0.8
1.342	3.2	3.2	3.2	-1.6	-0.8
1.344	4	3.2	3.2	-0.8	-0.8
1.346	3.2	4	3.2	-0.8	-0.8
1.348	3.2	4.8	3.2	-1.6	-0.8
1.35	4	2.4	3.2	-0.8	-0.8
1.352	3.2	3.2	3.2	-1.6	-0.8
1.354	3.2	3.2	3.2	-0.8	-0.8
1.356	3.2	4	3.2	-2.4	-0.8
1.358	2.4	3.2	3.2	-0.8	-0.8
1.36	3.2	3.2	3.2	-0.8	0
1.362	4	3.2	3.2	-0.8	-0.8
1.364	3.2	3.2	3.2	-0.8	-0.8
1.366	3.2	4	2.4	-1.6	-0.8
1.368	3.2	4	3.2	-0.8	-0.8
1.37	3.2	3.2	3.2	-0.8	-0.8
1.372	4	3.2	2.4	-0.8	0
1.374	3.2	3.2	2.4	-0.8	-0.8
1.376	3.2	4	4	-0.8	-0.8
1.378	3.2	4	3.2	-0.8	-0.8
1.38	3.2	3.2	3.2	-0.8	-0.8
1.382	3.2	3.2	3.2	-0.8	-0.8
1.384	3.2	4	3.2	-0.8	-0.8
1.386	3.2	3.2	2.4	-0.8	-0.8
1.388	3.2	4	3.2	-0.8	-0.8
1.39	3.2	3.2	3.2	-0.8	0
1.392	3.2	3.2	3.2	-1.6	0
1.394	3.2	4	2.4	-0.8	-0.8
1.396	2.4	4	2.4	-0.8	0
1.398	3.2	3.2	2.4	-0.8	-0.8
1.4	3.2	4	3.2	-0.8	-0.8
1.402	3.2	3.2	3.2	-0.8	-0.8
1.404	3.2	4	3.2	0	-0.8
1.406	3.2	3.2	2.4	-1.6	-0.8
1.408	3.2	3.2	3.2	-1.6	-0.8
1.41	3.2	3.2	3.2	-0.8	0
1.412	3.2	4	3.2	-1.6	-0.8
1.414	3.2	3.2	3.2	-0.8	-0.8
1.416	3.2	4	2.4	-1.6	-0.8
1.418	2.4	3.2	3.2	0	-2.4
1.42	3.2	4	3.2	-0.8	-0.8
1.422	3.2	3.2	2.4	-0.8	-0.8
1.424	2.4	3.2	3.2	-1.6	-0.8
1.426	3.2	3.2	3.2	-0.8	-0.8
1.428	3.2	3.2	3.2	-1.6	-0.8
1.43	4	3.2	3.2	-0.8	-0.8
1.432	3.2	4	3.2	-1.6	-0.8
1.434	3.2	3.2	3.2	-1.6	-0.8
1.436	3.2	4	2.4	-1.6	-0.8
1.438	3.2	4	2.4	-0.8	-0.8
1.44	2.4	3.2	3.2	-1.6	-0.8
1.442	3.2	3.2	4	-1.6	-0.8
1.444	3.2	3.2	3.2	-1.6	-1.6
1.446	3.2	3.2	3.2	-0.8	-0.8
1.448	3.2	3.2	3.2	-0.8	0
1.45	3.2	4	3.2	-0.8	-0.8
1.452	3.2	3.2	4	-0.8	-0.8
1.454	3.2	4	3.2	-0.8	-0.8
1.456	3.2	3.2	3.2	-0.8	-0.8
1.458	3.2	3.2	3.2	-0.8	-0.8
1.46	3.2	4	3.2	-0.8	-0.8
1.462	4	3.2	3.2	-1.6	-0.8
1.464	2.4	3.2	3.2	-0.8	-0.8
1.466	4	4	2.4	-0.8	0
1.468	3.2	4	4	-1.6	-0.8
1.47	3.2	4	3.2	-1.6	-0.8
1.472	3.2	3.2	3.2	-1.6	-0.8
1.474	3.2	3.2	3.2	-0.8	-0.8
1.476	3.2	3.2	3.2	-0.8	-1.6
1.478	3.2	3.2	3.2	-0.8	0
1.48	3.2	3.2	3.2	-0.8	-1.6
1.482	4	4	3.2	-0.8	-0.8
1.484	3.2	3.2	3.2	-1.6	-1.6
1.486	3.2	3.2	3.2	-1.6	-0.8
1.488	3.2	3.2	3.2	-0.8	0
1.49	4	4	2.4	-1.6	-0.8
1.492	4	3.2	3.2	-0.8	-0.8
1.494	2.4	4	3.2	-0.8	0
1.496	3.2	4	2.4	-0.8	0
1.498	3.2	3.2	3.2	-0.8	-0.8
1.5	3.2	3.2	3.2	-0.8	-0.8
1.502	3.2	4	3.2	-1.6	-0.8
1.504	3.2	4	3.2	-1.6	-0.8
1.506	3.2	3.2	3.2	-0.8	0
1.508	3.2	3.2	3.2	-0.8	0
1.51	2.4	4	3.2	-0.8	-0.8
1.512	2.4	3.2	3.2	0	-0.8
1.514	3.2	4	3.2	-0.8	0
1.516	2.4	4	3.2	-1.6	-0.8
1.518	3.2	3.2	3.2	-0.8	-0.8
1.52	3.2	3.2	3.2	-0.8	0
1.522	3.2	4.8	3.2	-0.8	-0.8
1.524	3.2	4	3.2	-0.8	-0.8
1.526	2.4	4	3.2	-0.8	-0.8
1.528	3.2	4	3.2	-1.6	-0.8
1.53	3.2	3.2	3.2	-1.6	-0.8
1.532	3.2	3.2	3.2	-0.8	-0.8
1.534	3.2	4	3.2	-1.6	-0.8
1.536	2.4	3.2	4	-0.8	-0.8
1.538	3.2	3.2	3.2	-1.6	0
1.54	3.2	3.2	3.2	-0.8	-0.8
1.542	3.2	3.2	3.2	-0.8	-0.8
1.544	3.2	3.2	3.2	-0.8	-0.8
1.546	3.2	3.2	3.2	-0.8	0
1.548	3.2	3.2	4	-0.8	-0.8
1.55	3.2	3.2	3.2	-0.8	-0.8
1.552	3.2	4	3.2	-0.8	-0.8
1.554	3.2	3.2	3.2	-0.8	0
1.556	3.2	4	3.2	-0.8	-0.8
1.558	4	4	2.4	-1.6	-0.8
1.56	3.2	3.2	3.2	-1.6	-0.8
1.562	4	3.2	3.2	-0.8	0
1.564	3.2	4	3.2	-1.6	-0.8
1.566	3.2	4	3.2	-1.6	0
1.568	4	3.2	3.2	-0.8	-0.8
1.57	3.2	3.2	3.2	-1.6	-0.8
1.572	2.4	3.2	3.2	-1.6	-0.8
1.574	3.2	3.2	2.4	-0.8	-0.8
1.576	3.2	4	3.2	-0.8	-0.8
1.578	3.2	3.2	3.2	-0.8	-0.8
1.58	3.2	4	3.2	-1.6	-0.8
1.582	3.2	3.2	3.2	-0.8	-0.8
1.584	3.2	3.2	4	-0.8	-0.8
1.586	3.2	3.2	4	-1.6	-0.8
1.588	4	3.2	3.2	-1.6	-0.8
1.59	3.2	2.4	3.2	-0.8	-0.8
1.592	4	3.2	3.2	-0.8	-0.8
1.594	3.2	3.2	3.2	-0.8	-0.8
1.596	3.2	3.2	2.4	-0.8	-0.8
1.598	3.2	3.2	3.2	-0.8	-0.8
1.6	3.2	4	3.2	-1.6	-0.8
1.602	3.2	3.2	3.2	-0.8	-0.8
1.604	3.2	3.2	3.2	-1.6	0
1.606	3.2	3.2	2.4	-0.8	-0.8
1.608	3.2	4	3.2	-0.8	-0.8
1.61	3.2	3.2	3.2	-0.8	0
1.612	3.2	2.4	2.4	-0.8	-0.8
1.614	3.2	3.2	3.2	-0.8	-0.8
1.616	3.2	3.2	2.4	-0.8	-0.8
1.618	3.2	3.2	3.2	-0.8	-0.8
1.62	3.2	4	3.2	-0.8	-0.8
1.622	3.2	3.2	3.2	-1.6	0
1.624	3.2	3.2	3.2	-0.8	-0.8
1.626	2.4	3.2	3.2	-0.8	-0.8
1.628	4	4	3.2	-0.8	-0.8
1.63	3.2	4	3.2	0	-0.8
1.632	4	3.2	2.4	-0.8	-0.8
1.634	3.2	3.2	3.2	-1.6	-0.8
1.636	3.2	3.2	4	-0.8	-0.8
1.638	3.2	3.2	3.2	-1.6	-0.8
1.64	4	3.2	3.2	-0.8	-0.8
1.642	3.2	3.2	3.2	-1.6	-0.8
1.644	3.2	4	1.6	-0.8	-0.8
1.646	3.2	3.2	2.4	-0.8	-0.8
1.648	3.2	4	3.2	-0.8	-0.8
1.65	2.4	3.2	3.2	-1.6	-0.8
1.652	4	4	3.2	-1.6	-0.8
1.654	3.2	3.2	3.2	-0.8	0
1.656	3.2	3.2	3.2	-0.8	-0.8
1.658	2.4	4	3.2	-0.8	-0.8
1.66	3.2	2.4	3.2	-1.6	-0.8
1.662	3.2	4	3.2	-1.6	-0.8
1.664	3.2	4	4	-0.8	-0.8
1.666	3.2	4	2.4	-0.8	-0.8
1.668	3.2	3.2	3.2	-0.8	0
1.67	2.4	3.2	3.2	-1.6	0
1.672	3.2	3.2	2.4	-0.8	0
1.674	3.2	4	3.2	-0.8	-0.8
1.676	3.2	4	3.2	-0.8	-0.8
1.678	2.4	4	3.2	-0.8	-0.8
1.68	4	3.2	3.2	-0.8	-0.8
1.682	3.2	3.2	4	-0.8	-0.8
1.684	3.2	4	3.2	-0.8	-0.8
1.686	3.2	4	3.2	-1.6	-0.8
1.688	3.2	3.2	3.2	-0.8	-0.8
1.69	3.2	3.2	3.2	-0.8	0
1.692	4	3.2	3.2	-0.8	-0.8
1.694	3.2	4	3.2	-0.8	-0.8
1.696	3.2	3.2	2.4	-0.8	-0.8
1.698	4	3.2	2.4	-0.8	-0.8
1.7	3.2	3.2	3.2	-0.8	0
1.702	3.2	2.4	3.2	-0.8	-0.8
1.704	3.2	4	3.2	-1.6	-0.8
1.706	3.2	4	3.2	-0.8	-0.8
1.708	3.2	4	3.2	-0.8	-0.8
1.71	3.2	3.2	3.2	-0.8	-0.8
1.712	3.2	3.2	3.2	-1.6	-0.8
1.714	3.2	4	3.2	-0.8	-1.6
1.716	4	4	3.2	-0.8	0
1.718	3.2	4	2.4	-0.8	0
1.72	3.2	4	4	-1.6	-0.8
1.722	3.2	4	3.2	-0.8	-0.8
1.724	3.2	3.2	3.2	-1.6	-0.8
1.726	3.2	4	3.2	-0.8	-0.8
1.728	3.2	4	3.2	-0.8	-0.8
1.73	2.4	3.2	3.2	-0.8	-0.8
1.732	3.2	2.4	3.2	-1.6	-0.8
1.734	3.2	3.2	3.2	-0.8	-0.8
1.736	3.2	4	2.4	-0.8	-0.8
1.738	3.2	3.2	3.2	-2.4	0
1.74	3.2	3.2	4	-0.8	-0.8
1.742	3.2	2.4	3.2	-0.8	-0.8
1.744	3.2	4	3.2	-0.8	-0.8
1.746	3.2	3.2	3.2	-0.8	-0.8
1.748	3.2	3.2	3.2	-0.8	-0.8
1.75	2.4	3.2	3.2	-0.8	0
1.752	3.2	3.2	3.2	-0.8	-0.8
1.754	4	3.2	2.4	-0.8	-0.8
1.756	3.2	4	3.2	-1.6	-0.8
1.758	2.4	4	3.2	-1.6	-0.8
1.76	3.2	4	3.2	-0.8	-0.8
1.762	3.2	3.2	3.2	-0.8	-0.8
1.764	3.2	3.2	3.2	-0.8	-0.8
1.766	3.2	3.2	3.2	-0.8	-0.8
1.768	3.2	5.6	4	-1.6	-0.8
1.77	3.2	3.2	3.2	-0.8	-0.8
1.772	3.2	3.2	3.2	-1.6	-0.8
1.774	3.2	2.4	3.2	-1.6	-0.8
1.776	3.2	4	2.4	-0.8	0
1.778	3.2	4	2.4	-0.8	-0.8
1.78	3.2	4	3.2	-0.8	-0.8
1.782	2.4	4	3.2	-0.8	-0.8
1.784	3.2	3.2	3.2	-0.8	-0.8
1.786	3.2	3.2	2.4	-1.6	-0.8
1.788	3.2	3.2	3.2	-1.6	-0.8
1.79	3.2	3.2	3.2	-0.8	-0.8
1.792	3.2	3.2	2.4	-0.8	-0.8
1.794	3.2	3.2	3.2	-1.6	-0.8
1.796	2.4	3.2	3.2	-0.8	-0.8
1.798	3.2	3.2	4	-0.8	-0.8
1.8	3.2	4	3.2	-0.8	0
1.802	3.2	3.2	3.2	-0.8	-0.8
1.804	3.2	3.2	3.2	-0.8	-0.8
1.806	3.2	3.2	2.4	-0.8	-0.8
1.808	3.2	3.2	3.2	-0.8	-0.8
1.81	3.2	3.2	3.2	-0.8	-0.8
1.812	4	3.2	3.2	-0.8	-0.8
1.814	2.4	4	3.2	-1.6	0
1.816	3.2	3.2	3.2	-0.8	-0.8
1.818	3.2	4	3.2	-0.8	-0.8
1.82	3.2	4	3.2	-0.8	-0.8
1.822	2.4	4.8	3.2	-1.6	-1.6
1.824	3.2	3.2	3.2	-0.8	-0.8
1.826	3.2	4	3.2	-1.6	-0.8
1.828	3.2	4	3.2	-1.6	-0.8
1.83	3.2	4	3.2	-0.8	-0.8
1.832	3.2	4	3.2	0	-0.8
1.834	2.4	3.2	3.2	-0.8	0
1.836	3.2	3.2	3.2	-0.8	-0.8
1.838	3.2	4	3.2	-0.8	-0.8
1.84	3.2	4	3.2	-0.8	-0.8
1.842	3.2	4	3.2	-0.8	-0.8
1.844	2.4	3.2	3.2	-0.8	-0.8
1.846	3.2	2.4	3.2	-0.8	-0.8
1.848	2.4	3.2	3.2	-0.8	-0.8
1.85	3.2	3.2	3.2	-0.8	0
1.852	3.2	4	3.2	0	-0.8
1.854	3.2	4	3.2	-0.8	-0.8
1.856	3.2	3.2	3.2	-1.6	-0.8
1.858	3.2	4	2.4	-0.8	0
1.86	3.2	3.2	3.2	-0.8	-0.8
1.862	3.2	3.2	3.2	-0.8	0
1.864	3.2	4	3.2	-0.8	-0.8
1.866	4	3.2	3.2	-0.8	0
1.868	3.2	3.2	2.4	-0.8	-0.8
1.87	3.2	3.2	3.2	-0.8	-0.8
1.872	3.2	3.2	3.2	-0.8	-0.8
1.874	3.2	3.2	3.2	-1.6	-0.8
1.876	3.2	3.2	3.2	-0.8	-0.8
1.878	2.4	3.2	2.4	-0.8	-0.8
1.88	2.4	4	2.4	-0.8	-0.8
1.882	3.2	4.8	3.2	-0.8	-0.8
1.884	3.2	4	3.2	-0.8	-0.8
1.886	3.2	3.2	4	-0.8	-0.8
1.888	3.2	2.4	3.2	-0.8	-0.8
1.89	3.2	3.2	3.2	-0.8	-0.8
1.892	3.2	3.2	2.4	-0.8	-0.8
1.894	3.2	4	3.2	-0.8	0
1.896	2.4	3.2	3.2	-1.6	-0.8
1.898	3.2	4	2.4	-1.6	-0.8
1.9	2.4	3.2	2.4	-0.8	-0.8
1.902	3.2	3.2	3.2	-0.8	-0.8
1.904	3.2	4	2.4	-0.8	-0.8
1.906	4	3.2	3.2	-0.8	-0.8
1.908	3.2	4	2.4	-1.6	-0.8
1.91	3.2	3.2	3.2	-0.8	-0.8
1.912	3.2	4	2.4	-0.8	-0.8
1.914	2.4	4	3.2	-0.8	0
1.916	3.2	4	3.2	-1.6	-0.8
1.918	3.2	3.2	3.2	-0.8	-0.8
1.92	3.2	3.2	3.2	-1.6	-0.8
1.922	2.4	4	3.2	-0.8	-0.8
1.924	2.4	4	3.2	-0.8	-0.8
1.926	3.2	4	3.2	-1.6	-0.8
1.928	3.2	3.2	4	-0.8	-0.8
1.93	3.2	4	3.2	-0.8	0
1.932	2.4	4	3.2	-1.6	0
1.934	2.4	4	3.2	0	-0.8
1.936	3.2	4	3.2	-1.6	-0.8
1.938	3.2	4	3.2	-3.2	-0.8
1.94	3.2	3.2	3.2	-0.8	-0.8
1.942	3.2	4	3.2	-0.8	-0.8
1.944	3.2	3.2	3.2	-1.6	-0.8
1.946	3.2	3.2	3.2	-1.6	-0.8
1.948	3.2	3.2	3.2	-0.8	-0.8
1.95	2.4	3.2	4	-0.8	-0.8
1.952	3.2	3.2	2.4	-0.8	-0.8
1.954	3.2	3.2	4	-1.6	-0.8
1.956	2.4	4	3.2	-0.8	-0.8
1.958	3.2	3.2	3.2	-1.6	-0.8
1.96	3.2	3.2	3.2	-1.6	-0.8
1.962	2.4	3.2	3.2	-0.8	-0.8
1.964	3.2	3.2	4	-0.8	-0.8
1.966	2.4	3.2	3.2	-1.6	-1.6
1.968	2.4	3.2	3.2	-1.6	-0.8
1.97	3.2	3.2	3.2	-0.8	-0.8
1.972	3.2	3.2	3.2	-0.8	0
1.974	2.4	4	2.4	-0.8	-0.8
1.976	2.4	4	3.2	-0.8	-0.8
1.978	3.2	4	3.2	-0.8	-0.8
1.98	3.2	4	4	-0.8	-0.8
1.982	3.2	3.2	4	-0.8	-0.8
1.984	2.4	2.4	2.4	-0.8	-0.8
1.986	3.2	3.2	3.2	-0.8	-0.8
1.988	3.2	3.2	3.2	-0.8	-0.8
1.99	3.2	3.2	3.2	-0.8	-0.8
1.992	3.2	3.2	3.2	-0.8	-1.6
1.994	3.2	3.2	3.2	-1.6	-0.8
1.996	3.2	3.2	3.2	-0.8	0
1.998	3.2	4	4	-0.8	-0.8
2	3.2	2.4	3.2	-0.8	-0.8
2.002	3.2	2.4	3.2	-0.8	-0.8
2.004	3.2	4	3.2	-1.6	-0.8
2.006	4	4	2.4	-0.8	-1.6
2.008	2.4	4	3.2	-1.6	-0.8
2.01	3.2	3.2	4	-1.6	-0.8
2.012	2.4	3.2	3.2	-0.8	-0.8
2.014	3.2	2.4	3.2	-0.8	-0.8
2.016	3.2	3.2	3.2	-1.6	-0.8
2.018	3.2	3.2	3.2	-1.6	0
2.02	3.2	2.4	4	-0.8	-0.8
2.022	2.4	4	3.2	-0.8	-0.8
2.024	2.4	3.2	3.2	-0.8	-0.8
2.026	2.4	4	3.2	-0.8	-0.8
2.028	2.4	3.2	3.2	-0.8	-0.8
2.03	3.2	3.2	3.2	-0.8	-0.8
2.032	3.2	4	3.2	-0.8	-0.8
2.034	3.2	2.4	4	-0.8	-0.8
2.036	2.4	2.4	4	-1.6	-0.8
2.038	3.2	3.2	3.2	-1.6	-0.8
2.04	3.2	3.2	4	-0.8	-0.8
2.042	2.4	4	3.2	-0.8	-0.8
2.044	2.4	3.2	2.4	-0.8	-0.8
2.046	3.2	4	3.2	-0.8	-0.8
2.048	3.2	4	4	-1.6	-0.8
2.05	3.2	4	3.2	-0.8	-0.8
2.052	2.4	4	3.2	-0.8	-0.8
2.054	2.4	3.2	3.2	-1.6	-0.8
2.056	2.4	4	3.2	-0.8	-0.8
2.058	3.2	3.2	2.4	-0.8	-2.4
2.06	3.2	4	3.2	-0.8	-0.8
2.062	2.4	3.2	2.4	-0.8	-0.8
2.064	3.2	4	3.2	-0.8	-0.8
2.066	3.2	2.4	3.2	-1.6	-0.8
2.068	3.2	3.2	3.2	-0.8	12
2.07	4	4	3.2	-0.8	13.6
2.072	2.4	3.2	3.2	-0.8	13.6
2.074	3.2	4	3.2	-1.6	13.6
2.076	3.2	4	3.2	-1.6	13.6
2.078	14.4	3.2	2.4	-0.8	13.6
2.08	13.6	3.2	3.2	16	13.6
2.082	13.6	3.2	3.2	14.4	13.6
2.084	13.6	3.2	2.4	14.4	14.4
2.086	13.6	4	3.2	13.6	13.6
2.088	13.6	4	3.2	14.4	13.6
2.09	14.4	3.2	17.6	13.6	13.6
2.092	13.6	4	18.4	13.6	13.6
2.094	13.6	3.2	18.4	14.4	14.4
2.096	12.8	4	18.4	13.6	13.6
2.098	13.6	3.2	18.4	14.4	13.6
2.1	12.8	3.2	18.4	13.6	13.6
2.102	13.6	3.2	18.4	14.4	14.4
2.104	13.6	3.2	19.2	13.6	13.6
2.106	13.6	4	18.4	14.4	14.4
2.108	12.8	3.2	18.4	13.6	13.6
2.11	12.8	3.2	18.4	13.6	14.4
2.112	13.6	3.2	18.4	14.4	13.6
2.114	12.8	4	18.4	13.6	13.6
2.116	13.6	3.2	18.4	13.6	13.6
2.118	13.6	3.2	18.4	13.6	13.6
2.12	12.8	3.2	18.4	13.6	13.6
2.122	12.8	4	18.4	14.4	13.6
2.124	12.8	4	18.4	13.6	13.6
2.126	13.6	4	18.4	13.6	14.4
2.128	13.6	3.2	18.4	14.4	13.6
2.13	13.6	2.4	18.4	13.6	13.6
2.132	13.6	3.2	17.6	13.6	13.6
2.134	12.8	3.2	17.6	14.4	13.6
2.136	13.6	3.2	18.4	13.6	13.6
2.138	13.6	4	17.6	13.6	14.4
2.14	12.8	3.2	17.6	14.4	13.6
2.142	13.6	3.2	18.4	13.6	13.6
2.144	12.8	3.2	19.2	14.4	13.6
2.146	12.8	3.2	17.6	13.6	14.4
2.148	12.8	4	17.6	13.6	13.6
2.15	13.6	4	17.6	15.2	13.6
2.152	13.6	4	18.4	13.6	13.6
2.154	13.6	3.2	18.4	13.6	13.6
2.156	12.8	4	18.4	13.6	13.6
2.158	13.6	4	16.8	13.6	13.6
2.16	13.6	3.2	18.4	14.4	13.6
2.162	12.8	3.2	17.6	13.6	13.6
2.164	12	3.2	17.6	13.6	13.6
2.166	12.8	4	17.6	14.4	13.6
2.168	13.6	4	17.6	14.4	13.6
2.17	12.8	3.2	18.4	14.4	12.8
2.172	12.8	3.2	17.6	13.6	14.4
2.174	12.8	4	18.4	14.4	13.6
2.176	12.8	4	17.6	13.6	13.6
2.178	13.6	3.2	18.4	14.4	13.6
2.18	12.8	3.2	16.8	14.4	13.6
2.182	12.8	3.2	18.4	13.6	13.6
2.184	12.8	3.2	18.4	13.6	13.6
2.186	13.6	3.2	18.4	14.4	13.6
2.188	13.6	4	18.4	14.4	13.6
2.19	12.8	3.2	18.4	14.4	13.6
2.192	13.6	4	18.4	13.6	14.4
2.194	12.8	3.2	18.4	13.6	13.6
2.196	12.8	2.4	18.4	13.6	13.6
2.198	13.6	2.4	18.4	13.6	12.8
2.2	12.8	3.2	16.8	13.6	13.6
2.202	12.8	4	17.6	13.6	13.6
2.204	12.8	4	18.4	13.6	14.4
2.206	12.8	3.2	18.4	14.4	13.6
2.208	13.6	3.2	18.4	13.6	13.6
2.21	13.6	3.2	19.2	13.6	13.6
2.212	12.8	3.2	19.2	13.6	13.6
2.214	12.8	18.4	18.4	12.8	13.6
2.216	13.6	18.4	18.4	13.6	13.6
2.218	13.6	17.6	18.4	14.4	13.6
2.22	13.6	16.8	16.8	12.8	13.6
2.222	12.8	17.6	18.4	13.6	13.6
2.224	12.8	19.2	18.4	13.6	12.8
2.226	12.8	18.4	18.4	13.6	13.6
2.228	13.6	17.6	18.4	14.4	12.8
2.23	13.6	17.6	18.4	13.6	13.6
2.232	13.6	18.4	18.4	13.6	13.6
2.234	12	18.4	18.4	13.6	13.6
2.236	13.6	16.8	18.4	14.4	13.6
2.238	13.6	17.6	17.6	13.6	12.8
2.24	13.6	16.8	18.4	13.6	13.6
2.242	12.8	16.8	17.6	13.6	13.6
2.244	12.8	18.4	18.4	14.4	14.4
2.246	12.8	16.8	18.4	14.4	13.6
2.248	12.8	17.6	18.4	13.6	14.4
2.25	13.6	18.4	18.4	14.4	13.6
2.252	12.8	18.4	19.2	15.2	13.6
2.254	12.8	17.6	17.6	13.6	13.6
2.256	13.6	17.6	18.4	15.2	13.6
2.258	13.6	17.6	18.4	13.6	13.6
2.26	12.8	16.8	18.4	14.4	13.6
2.262	12.8	16.8	18.4	13.6	13.6
2.264	13.6	17.6	18.4	13.6	13.6
2.266	12.8	20	18.4	12.8	13.6
2.268	13.6	17.6	18.4	13.6	13.6
2.27	12.8	16.8	18.4	13.6	13.6
2.272	12.8	18.4	19.2	14.4	13.6
2.274	12.8	18.4	18.4	13.6	13.6
2.276	12.8	18.4	18.4	14.4	13.6
2.278	13.6	17.6	19.2	13.6	13.6
2.28	12.8	16.8	18.4	13.6	13.6
2.282	12	17.6	18.4	13.6	13.6
2.284	12.8	17.6	17.6	13.6	13.6
2.286	12.8	16.8	18.4	14.4	13.6
2.288	12.8	17.6	19.2	13.6	13.6
2.29	13.6	16.8	18.4	13.6	13.6
2.292	13.6	17.6	18.4	13.6	13.6
2.294	13.6	16.8	18.4	13.6	13.6
2.296	12.8	16.8	18.4	13.6	13.6
2.298	12.8	17.6	18.4	13.6	13.6
2.3	12.8	17.6	18.4	12.8	13.6
2.302	12.8	17.6	18.4	13.6	13.6
2.304	13.6	16.8	17.6	13.6	13.6
2.306	12.8	17.6	18.4	14.4	13.6
2.308	13.6	17.6	18.4	14.4	13.6
2.31	12.8	18.4	19.2	13.6	12.8
2.312	13.6	17.6	18.4	13.6	12.8
2.314	12.8	17.6	18.4	13.6	12.8
2.316	12.8	17.6	17.6	13.6	13.6
2.318	12.8	18.4	19.2	13.6	13.6
2.32	12.8	17.6	18.4	13.6	13.6
2.322	12.8	17.6	18.4	13.6	13.6
2.324	12.8	16.8	18.4	13.6	13.6
2.326	13.6	16.8	18.4	13.6	13.6
2.328	12.8	18.4	19.2	13.6	13.6
2.33	13.6	18.4	18.4	13.6	13.6
2.332	12.8	17.6	17.6	13.6	12.8
2.334	13.6	17.6	18.4	14.4	13.6
2.336	12.8	17.6	19.2	13.6	13.6
2.338	12.8	18.4	18.4	14.4	13.6
2.34	12.8	17.6	18.4	13.6	13.6
2.342	12.8	18.4	18.4	13.6	14.4
2.344	13.6	17.6	18.4	14.4	13.6
2.346	13.6	17.6	17.6	13.6	13.6
2.348	12.8	17.6	18.4	13.6	13.6
2.35	12.8	16.8	17.6	13.6	13.6
2.352	13.6	18.4	18.4	13.6	13.6
2.354	13.6	17.6	18.4	14.4	13.6
2.356	13.6	18.4	18.4	13.6	14.4
2.358	13.6	18.4	18.4	14.4	13.6
2.36	13.6	18.4	18.4	13.6	13.6
2.362	13.6	16.8	19.2	13.6	14.4
2.364	12.8	17.6	18.4	13.6	13.6
2.366	12.8	17.6	18.4	13.6	13.6
2.368	13.6	17.6	18.4	13.6	13.6
2.37	13.6	18.4	18.4	13.6	12.8
2.372	12.8	18.4	17.6	14.4	13.6
2.374	12.8	18.4	18.4	13.6	13.6
2.376	13.6	18.4	18.4	13.6	13.6
2.378	13.6	18.4	18.4	14.4	12.8
2.38	12.8	18.4	18.4	14.4	13.6
2.382	12.8	17.6	19.2	13.6	13.6
2.384	12.8	18.4	18.4	13.6	13.6
2.386	13.6	17.6	18.4	13.6	13.6
2.388	12.8	17.6	18.4	13.6	12.8
2.39	12.8	17.6	19.2	13.6	13.6
2.392	13.6	18.4	18.4	13.6	13.6
2.394	13.6	18.4	19.2	13.6	13.6
2.396	13.6	17.6	18.4	13.6	13.6
2.398	13.6	16	18.4	14.4	13.6
2.4	13.6	17.6	17.6	13.6	13.6
2.402	12.8	18.4	18.4	13.6	13.6
2.404	12.8	18.4	18.4	13.6	13.6
2.406	13.6	18.4	18.4	13.6	13.6
2.408	13.6	17.6	18.4	13.6	13.6
2.41	12.8	18.4	19.2	13.6	13.6
2.412	12.8	17.6	18.4	13.6	12.8
2.414	13.6	18.4	18.4	13.6	13.6
2.416	12.8	18.4	17.6	13.6	12.8
2.418	12.8	18.4	18.4	13.6	13.6
2.42	13.6	17.6	18.4	13.6	13.6
2.422	12.8	18.4	19.2	13.6	13.6
2.424	12.8	17.6	19.2	12.8	13.6
2.426	12.8	18.4	19.2	13.6	14.4
2.428	13.6	18.4	19.2	13.6	13.6
2.43	12.8	16.8	18.4	14.4	13.6
2.432	12.8	18.4	19.2	13.6	13.6
2.434	12.8	17.6	19.2	14.4	13.6
2.436	13.6	18.4	18.4	13.6	12.8
2.438	13.6	18.4	18.4	14.4	12.8
2.44	12	18.4	18.4	13.6	13.6
2.442	13.6	18.4	19.2	13.6	13.6
2.444	12.8	18.4	18.4	13.6	13.6
2.446	13.6	18.4	18.4	13.6	12.8
2.448	12.8	17.6	18.4	13.6	13.6
2.45	12.8	17.6	19.2	13.6	13.6
2.452	12.8	16.8	19.2	14.4	13.6
2.454	12.8	18.4	18.4	13.6	13.6
2.456	13.6	18.4	18.4	13.6	12.8
2.458	13.6	18.4	18.4	13.6	13.6
2.46	13.6	19.2	18.4	13.6	12.8
2.462	13.6	17.6	19.2	13.6	13.6
2.464	12.8	17.6	18.4	14.4	13.6
2.466	12.8	17.6	19.2	14.4	13.6
2.468	12.8	17.6	18.4	13.6	13.6
2.47	12.8	17.6	18.4	13.6	13.6
2.472	12.8	17.6	19.2	14.4	13.6
2.474	13.6	17.6	18.4	13.6	13.6
2.476	12.8	17.6	18.4	13.6	13.6
2.478	12.8	16.8	18.4	13.6	13.6
2.48	12.8	18.4	18.4	13.6	13.6
2.482	12.8	18.4	18.4	13.6	13.6
2.484	14.4	17.6	18.4	13.6	13.6
2.486	13.6	17.6	17.6	14.4	12.8
2.488	12.8	17.6	18.4	13.6	13.6
2.49	12.8	18.4	18.4	13.6	13.6
2.492	13.6	17.6	18.4	13.6	13.6
2.494	12.8	18.4	17.6	13.6	13.6
2.496	13.6	17.6	19.2	13.6	13.6
2.498	12.8	17.6	17.6	13.6	13.6
2.5	12.8	16.8	18.4	13.6	14.4
2.502	12.8	18.4	17.6	13.6	13.6
2.504	13.6	17.6	18.4	13.6	13.6
2.506	13.6	18.4	18.4	13.6	13.6
2.508	12.8	17.6	18.4	13.6	13.6
2.51	12.8	18.4	17.6	13.6	13.6
2.512	13.6	17.6	17.6	13.6	13.6
2.514	12.8	18.4	18.4	13.6	13.6
2.516	13.6	16.8	17.6	13.6	13.6
2.518	12.8	16.8	17.6	13.6	13.6
2.52	13.6	17.6	18.4	13.6	13.6
2.522	12.8	18.4	17.6	14.4	13.6
2.524	13.6	18.4	18.4	13.6	12.8
2.526	12.8	17.6	19.2	13.6	13.6
2.528	12.8	18.4	17.6	14.4	13.6
2.53	12.8	17.6	17.6	13.6	13.6
2.532	13.6	17.6	18.4	13.6	13.6
2.534	13.6	18.4	17.6	13.6	13.6
2.536	13.6	17.6	17.6	13.6	13.6
2.538	13.6	17.6	18.4	14.4	13.6
2.54	13.6	17.6	18.4	13.6	13.6
2.542	12.8	18.4	17.6	13.6	13.6
2.544	13.6	18.4	17.6	13.6	13.6
2.546	12.8	17.6	17.6	13.6	13.6
2.548	13.6	16.8	16.8	13.6	14.4
2.55	12.8	17.6	17.6	13.6	14.4
2.552	12.8	17.6	16.8	13.6	12.8
2.554	13.6	18.4	18.4	13.6	13.6
2.556	14.4	17.6	17.6	13.6	13.6
2.558	12.8	17.6	16.8	13.6	13.6
2.56	13.6	18.4	16.8	13.6	13.6
2.562	12.8	17.6	16.8	13.6	13.6
2.564	13.6	17.6	16.8	13.6	13.6
2.566	13.6	18.4	16.8	13.6	13.6
2.568	13.6	18.4	16.8	13.6	14.4
2.57	13.6	18.4	2.4	13.6	13.6
2.572	13.6	18.4	3.2	13.6	13.6
2.574	14.4	18.4	3.2	13.6	13.6
2.576	14.4	18.4	3.2	13.6	14.4
2.578	14.4	17.6	3.2	14.4	14.4
2.58	14.4	17.6	3.2	13.6	13.6
2.582	13.6	17.6	3.2	13.6	13.6
2.584	14.4	17.6	3.2	13.6	12.8
2.586	14.4	17.6	3.2	14.4	13.6
2.588	14.4	18.4	3.2	13.6	13.6
2.59	13.6	17.6	3.2	13.6	13.6
2.592	15.2	17.6	3.2	13.6	13.6
2.594	14.4	17.6	3.2	14.4	13.6
2.596	15.2	17.6	3.2	13.6	13.6
2.598	14.4	18.4	3.2	13.6	13.6
2.6	14.4	18.4	4	13.6	13.6
2.602	14.4	17.6	3.2	13.6	13.6
2.604	15.2	18.4	3.2	13.6	13.6
2.606	14.4	18.4	3.2	13.6	13.6
2.608	15.2	18.4	3.2	13.6	13.6
2.61	15.2	17.6	3.2	13.6	13.6
2.612	14.4	17.6	3.2	13.6	13.6
2.614	15.2	19.2	2.4	14.4	13.6
2.616	15.2	18.4	3.2	13.6	13.6
2.618	14.4	18.4	3.2	13.6	14.4
2.62	15.2	17.6	3.2	13.6	13.6
2.622	15.2	18.4	3.2	13.6	13.6
2.624	15.2	17.6	3.2	13.6	13.6
2.626	15.2	17.6	3.2	13.6	13.6
2.628	15.2	17.6	3.2	13.6	13.6
2.63	15.2	17.6	3.2	13.6	13.6
2.632	4.8	18.4	3.2	13.6	13.6
2.634	3.2	17.6	3.2	13.6	13.6
2.636	3.2	17.6	3.2	13.6	13.6
2.638	3.2	18.4	3.2	14.4	13.6
2.64	3.2	18.4	3.2	12.8	13.6
2.642	4	17.6	3.2	13.6	12.8
2.644	2.4	17.6	3.2	13.6	13.6
2.646	3.2	18.4	3.2	13.6	13.6
2.648	3.2	17.6	3.2	14.4	13.6
2.65	3.2	17.6	3.2	14.4	13.6
2.652	3.2	17.6	3.2	13.6	13.6
2.654	3.2	18.4	3.2	13.6	13.6
2.656	3.2	19.2	3.2	13.6	13.6
2.658	2.4	18.4	3.2	13.6	13.6
2.66	2.4	19.2	4	13.6	13.6
2.662	3.2	18.4	3.2	13.6	13.6
2.664	3.2	18.4	3.2	13.6	13.6
2.666	3.2	17.6	3.2	13.6	13.6
2.668	3.2	18.4	3.2	13.6	13.6
2.67	2.4	18.4	3.2	13.6	13.6
2.672	2.4	16.8	4	13.6	13.6
2.674	3.2	17.6	3.2	13.6	12.8
2.676	2.4	19.2	3.2	13.6	13.6
2.678	3.2	18.4	3.2	14.4	13.6
2.68	2.4	17.6	3.2	15.2	13.6
2.682	3.2	18.4	3.2	13.6	13.6
2.684	3.2	18.4	2.4	12.8	13.6
2.686	4	17.6	3.2	13.6	13.6
2.688	3.2	17.6	3.2	13.6	13.6
2.69	3.2	17.6	3.2	12.8	13.6
2.692	3.2	17.6	4	13.6	13.6
2.694	3.2	17.6	3.2	13.6	14.4
2.696	2.4	16.8	3.2	13.6	13.6
2.698	2.4	19.2	3.2	13.6	12.8
2.7	3.2	18.4	2.4	13.6	13.6
2.702	3.2	18.4	3.2	13.6	12.8
2.704	3.2	18.4	4	13.6	13.6
2.706	3.2	18.4	3.2	13.6	13.6
2.708	3.2	18.4	3.2	13.6	13.6
2.71	3.2	18.4	3.2	13.6	13.6
2.712	3.2	18.4	3.2	13.6	12.8
2.714	2.4	17.6	3.2	13.6	13.6
2.716	3.2	18.4	4	12.8	13.6
2.718	3.2	18.4	2.4	12.8	13.6
2.72	2.4	18.4	3.2	12.8	13.6
2.722	3.2	18.4	2.4	13.6	13.6
2.724	3.2	17.6	4	12.8	13.6
2.726	3.2	18.4	3.2	13.6	13.6
2.728	3.2	18.4	3.2	13.6	13.6
2.73	2.4	18.4	3.2	13.6	12.8
2.732	3.2	18.4	3.2	13.6	13.6
2.734	3.2	18.4	3.2	12.8	12.8
2.736	3.2	17.6	3.2	12.8	12.8
2.738	3.2	18.4	2.4	13.6	13.6
2.74	3.2	16.8	3.2	12	13.6
2.742	2.4	17.6	3.2	12.8	12.8
2.744	3.2	17.6	3.2	-0.8	12.8
2.746	4	17.6	3.2	-1.6	13.6
2.748	3.2	17.6	4	-0.8	12.8
2.75	3.2	19.2	3.2	-0.8	12.8
2.752	3.2	17.6	3.2	-0.8	12.8
2.754	4	17.6	3.2	-0.8	12.8
2.756	2.4	17.6	3.2	-0.8	13.6
2.758	2.4	18.4	3.2	-1.6	12.8
2.76	3.2	18.4	4	-1.6	13.6
2.762	3.2	18.4	3.2	-0.8	12.8
2.764	3.2	17.6	3.2	-0.8	13.6
2.766	3.2	18.4	3.2	-0.8	12.8
2.768	3.2	18.4	3.2	-0.8	12.8
2.77	3.2	17.6	3.2	-0.8	12.8
2.772	3.2	18.4	3.2	-1.6	12.8
2.774	3.2	18.4	3.2	-0.8	12
2.776	3.2	17.6	3.2	-0.8	12.8
2.778	3.2	18.4	3.2	-0.8	12.8
2.78	3.2	18.4	3.2	-0.8	12.8
2.782	3.2	19.2	2.4	-0.8	12.8
2.784	3.2	17.6	3.2	-1.6	12
2.786	3.2	18.4	3.2	-0.8	-0.8
2.788	2.4	18.4	3.2	-0.8	0
2.79	3.2	18.4	3.2	-0.8	-0.8
2.792	3.2	18.4	3.2	-0.8	0
2.794	3.2	19.2	2.4	-1.6	0
2.796	3.2	18.4	2.4	-0.8	-0.8
2.798	2.4	17.6	4	-0.8	-0.8
2.8	3.2	19.2	3.2	-0.8	-0.8
2.802	3.2	18.4	3.2	-1.6	-0.8
2.804	3.2	18.4	2.4	-1.6	-0.8
2.806	3.2	17.6	3.2	-0.8	-0.8
2.808	3.2	17.6	2.4	-0.8	0
2.81	3.2	17.6	3.2	-0.8	-0.8
2.812	2.4	18.4	3.2	-0.8	-0.8
2.814	3.2	18.4	2.4	-0.8	0
2.816	3.2	16.8	3.2	-0.8	-0.8
2.818	3.2	17.6	3.2	-0.8	-0.8
2.82	3.2	18.4	3.2	-0.8	-0.8
2.822	3.2	17.6	3.2	-0.8	0
2.824	3.2	16.8	2.4	-0.8	-0.8
2.826	2.4	17.6	3.2	-0.8	-0.8
2.828	4	16.8	3.2	-0.8	0
2.83	3.2	17.6	3.2	-0.8	-0.8
2.832	4	16.8	3.2	-1.6	0
2.834	3.2	17.6	2.4	-1.6	0
2.836	3.2	16.8	2.4	-0.8	0
2.838	3.2	16.8	3.2	-0.8	0
2.84	3.2	16.8	3.2	-0.8	-0.8
2.842	3.2	16.8	3.2	-0.8	0
2.844	3.2	17.6	3.2	-0.8	-0.8
2.846	2.4	16.8	3.2	-0.8	-0.8
2.848	2.4	16.8	2.4	-0.8	0
2.85	3.2	16.8	3.2	-0.8	-0.8
2.852	3.2	16.8	3.2	-1.6	0
2.854	3.2	16.8	3.2	-1.6	-0.8
2.856	3.2	16.8	4	-0.8	-0.8
2.858	3.2	16.8	3.2	-0.8	-0.8
2.86	2.4	16.8	3.2	-1.6	-0.8
2.862	3.2	16.8	3.2	-0.8	-0.8
2.864	3.2	16.8	3.2	-0.8	0
2.866	2.4	7.2	4	-0.8	-0.8
2.868	3.2	4	3.2	-0.8	0
2.87	3.2	3.2	3.2	-0.8	-0.8
2.872	3.2	3.2	3.2	-0.8	-0.8
2.874	3.2	3.2	3.2	-0.8	-0.8
2.876	3.2	3.2	3.2	-1.6	-0.8
2.878	3.2	3.2	3.2	-0.8	-0.8
2.88	2.4	3.2	3.2	-0.8	-0.8
2.882	4	3.2	3.2	-0.8	-0.8
2.884	3.2	3.2	3.2	0	0
2.886	3.2	4	3.2	0	-0.8
2.888	2.4	4	3.2	-0.8	-0.8
2.89	3.2	3.2	3.2	-0.8	-0.8
2.892	3.2	4	3.2	-0.8	-0.8
2.894	3.2	3.2	4	-0.8	-0.8
2.896	3.2	4	3.2	-0.8	-0.8
2.898	3.2	4	2.4	-0.8	-0.8
2.9	3.2	4	3.2	-0.8	0
2.902	3.2	4	3.2	-0.8	0
2.904	3.2	3.2	3.2	-0.8	-0.8
2.906	3.2	3.2	3.2	0	0
2.908	3.2	3.2	3.2	0	-0.8
2.91	3.2	4	3.2	-1.6	-0.8
2.912	3.2	3.2	2.4	-0.8	-0.8
2.914	3.2	3.2	4	-1.6	0
2.916	3.2	3.2	3.2	-1.6	-0.8
2.918	2.4	3.2	3.2	-1.6	-0.8
2.92	3.2	4	3.2	-1.6	-0.8
2.922	2.4	4	3.2	-2.4	-0.8
2.924	3.2	3.2	3.2	-0.8	-0.8
2.926	3.2	3.2	3.2	-0.8	-0.8
2.928	4	3.2	2.4	-0.8	0
2.93	3.2	3.2	3.2	-0.8	-0.8
2.932	3.2	3.2	3.2	-0.8	-0.8
2.934	3.2	2.4	3.2	-0.8	-0.8
2.936	3.2	3.2	3.2	-0.8	-0.8
2.938	2.4	4	3.2	-1.6	-0.8
2.94	2.4	4	3.2	-0.8	-0.8
2.942	3.2	3.2	3.2	-0.8	0
2.944	3.2	2.4	3.2	-0.8	0
2.946	2.4	4	3.2	-0.8	0
2.948	3.2	3.2	3.2	-0.8	-0.8
2.95	2.4	4	2.4	-0.8	0.8
2.952	3.2	2.4	4	-0.8	0
2.954	3.2	3.2	3.2	-0.8	-0.8
2.956	2.4	3.2	3.2	-0.8	-0.8
2.958	3.2	3.2	3.2	-0.8	-0.8
2.96	3.2	3.2	3.2	0	-0.8
2.962	2.4	4	3.2	-0.8	0
2.964	3.2	4	3.2	-0.8	-0.8
2.966	2.4	3.2	3.2	-0.8	-0.8
2.968	4	3.2	2.4	-0.8	-0.8
2.97	3.2	3.2	3.2	-0.8	-0.8
2.972	2.4	4	3.2	-0.8	0
2.974	3.2	4	3.2	-0.8	0
2.976	3.2	3.2	3.2	-0.8	-0.8
2.978	3.2	3.2	3.2	-0.8	-0.8
2.98	2.4	4	3.2	-0.8	0
2.982	3.2	3.2	3.2	-0.8	0
2.984	3.2	3.2	3.2	-0.8	-0.8
2.986	2.4	3.2	3.2	-1.6	-0.8
2.988	2.4	3.2	3.2	-1.6	-0.8
2.99	3.2	4	3.2	-0.8	-0.8
2.992	3.2	4	2.4	-1.6	-0.8
2.994	3.2	3.2	3.2	-0.8	-0.8
2.996	3.2	3.2	3.2	-0.8	-0.8
2.998	3.2	4	3.2	-0.8	-0.8
3	3.2	3.2	3.2	-0.8	-0.8
3.002	3.2	3.2	3.2	-0.8	-0.8
3.004	2.4	4	3.2	-0.8	0
3.006	4	3.2	3.2	-0.8	-0.8
3.008	3.2	3.2	3.2	-0.8	0
3.01	3.2	3.2	3.2	-0.8	-0.8
3.012	3.2	3.2	3.2	-0.8	-0.8
3.014	3.2	3.2	3.2	-0.8	0
3.016	3.2	4	3.2	-1.6	-0.8
3.018	3.2	3.2	4	-0.8	-0.8
3.02	3.2	3.2	3.2	-0.8	-0.8
3.022	3.2	3.2	2.4	-0.8	-0.8
3.024	3.2	3.2	3.2	-0.8	-0.8
3.026	3.2	4	3.2	-0.8	-0.8
3.028	3.2	4	4	-0.8	0
3.03	3.2	3.2	4	-0.8	-0.8
3.032	3.2	3.2	3.2	-0.8	0
3.034	3.2	4	3.2	-0.8	0
3.036	3.2	3.2	3.2	-1.6	-0.8
3.038	3.2	4	3.2	-1.6	-0.8
3.04	3.2	3.2	3.2	-1.6	-0.8
3.042	4	3.2	3.2	-0.8	-0.8
3.044	3.2	3.2	3.2	-0.8	0
3.046	3.2	4	4	-0.8	-0.8
3.048	3.2	3.2	3.2	-1.6	-0.8
3.05	4	3.2	3.2	-1.6	-0.8
3.052	3.2	3.2	2.4	-0.8	-0.8
3.054	3.2	4	3.2	-0.8	0
3.056	3.2	3.2	3.2	-1.6	-0.8
3.058	3.2	4	4	-0.8	-0.8
3.06	3.2	3.2	3.2	-0.8	-0.8
3.062	3.2	3.2	3.2	-0.8	-0.8
3.064	2.4	3.2	3.2	-0.8	-0.8
3.066	3.2	3.2	3.2	-0.8	-0.8
3.068	2.4	2.4	3.2	-0.8	0
3.07	3.2	3.2	3.2	-1.6	-0.8
3.072	3.2	3.2	2.4	-0.8	-1.6
3.074	3.2	4	3.2	-0.8	-0.8
3.076	3.2	3.2	3.2	0	-0.8
3.078	3.2	4	3.2	-0.8	-0.8
3.08	3.2	4	3.2	-0.8	0
3.082	3.2	4	3.2	-0.8	0
3.084	3.2	4	3.2	-0.8	-0.8
3.086	3.2	3.2	3.2	-0.8	-0.8
3.088	3.2	3.2	2.4	-0.8	0
3.09	3.2	3.2	4	-1.6	-0.8
3.092	2.4	4	3.2	-0.8	-0.8
3.094	3.2	3.2	3.2	-0.8	0
3.096	4	4	2.4	-0.8	0
3.098	3.2	4	3.2	-0.8	0
3.1	3.2	3.2	3.2	-1.6	0
3.102	2.4	3.2	3.2	-1.6	0
3.104	3.2	3.2	3.2	-0.8	0
3.106	4	3.2	2.4	-1.6	0
3.108	2.4	3.2	3.2	-0.8	-0.8
3.11	3.2	4	3.2	-0.8	-0.8
3.112	3.2	4	3.2	-0.8	-0.8
3.114	3.2	3.2	3.2	-0.8	-0.8
3.116	3.2	3.2	3.2	-0.8	-0.8
3.118	3.2	4	3.2	-0.8	-0.8
3.12	3.2	4	3.2	-0.8	-0.8
3.122	4	3.2	3.2	-0.8	-0.8
3.124	3.2	4	4	-0.8	-0.8
3.126	3.2	3.2	3.2	-1.6	-0.8
3.128	3.2	4	3.2	-1.6	-0.8
3.13	3.2	3.2	3.2	0	-0.8
3.132	3.2	4	3.2	-0.8	-0.8
3.134	3.2	3.2	3.2	-0.8	0
3.136	3.2	2.4	3.2	-0.8	-1.6
3.138	3.2	3.2	3.2	-0.8	0
3.14	2.4	3.2	3.2	0	0
3.142	3.2	3.2	2.4	-0.8	-0.8
3.144	3.2	4	3.2	-0.8	-0.8
3.146	3.2	3.2	3.2	-1.6	-0.8
3.148	2.4	3.2	3.2	-0.8	-0.8
3.15	3.2	4	3.2	-0.8	-0.8
3.152	2.4	3.2	3.2	-0.8	0
3.154	3.2	4	3.2	-0.8	0
3.156	3.2	3.2	3.2	-0.8	0
3.158	2.4	4	2.4	-0.8	0
3.16	2.4	3.2	2.4	-0.8	0
3.162	3.2	4.8	3.2	-0.8	0
3.164	3.2	4	2.4	-0.8	-0.8
3.166	3.2	3.2	4	-0.8	-0.8
3.168	2.4	3.2	2.4	0.8	-0.8
3.17	2.4	3.2	3.2	-0.8	-0.8
3.172	3.2	4	2.4	-1.6	0
3.174	3.2	3.2	3.2	-0.8	-0.8
3.176	3.2	3.2	3.2	0	-0.8
3.178	3.2	3.2	3.2	0	-0.8
3.18	3.2	4	3.2	-0.8	-0.8
3.182	3.2	3.2	4	-0.8	0
3.184	3.2	3.2	3.2	-0.8	0
3.186	2.4	4	3.2	-1.6	-0.8
3.188	3.2	3.2	2.4	-0.8	-0.8
3.19	3.2	3.2	3.2	-0.8	-0.8
3.192	3.2	4	3.2	-0.8	0
3.194	3.2	3.2	3.2	-0.8	0
3.196	2.4	3.2	3.2	-0.8	0.8
3.198	2.4	4	3.2	-0.8	-0.8
3.2	3.2	3.2	3.2	-0.8	0
3.202	4	3.2	3.2	0	0
3.204	3.2	3.2	2.4	-0.8	0
3.206	3.2	4	3.2	0	0
3.208	3.2	3.2	3.2	-0.8	-0.8
3.21	3.2	3.2	3.2	-0.8	-0.8
3.212	3.2	3.2	2.4	-1.6	-0.8
3.214	2.4	3.2	4	-0.8	-0.8
3.216	2.4	4	4	-0.8	-0.8
3.218	2.4	4	2.4	-1.6	0
3.22	3.2	4	3.2	-0.8	0
3.222	2.4	2.4	2.4	-0.8	0
3.224	2.4	3.2	2.4	-0.8	0
3.226	2.4	3.2	3.2	-2.4	0
3.228	2.4	4	3.2	-0.8	0
3.23	3.2	3.2	3.2	-0.8	-0.8
3.232	3.2	3.2	3.2	-0.8	-0.8
3.234	3.2	3.2	3.2	-0.8	-0.8
3.236	3.2	4	3.2	-1.6	0
3.238	3.2	3.2	3.2	-0.8	0
3.24	3.2	3.2	3.2	-0.8	-0.8
3.242	3.2	3.2	4	-0.8	-0.8
3.244	3.2	3.2	3.2	-0.8	-0.8
3.246	3.2	3.2	3.2	-0.8	0
3.248	3.2	4	3.2	-0.8	-0.8
3.25	3.2	3.2	3.2	-0.8	0
3.252	2.4	2.4	2.4	-0.8	0
3.254	2.4	3.2	3.2	-1.6	-0.8
3.256	2.4	3.2	4	-2.4	-0.8
3.258	3.2	4	3.2	-1.6	0
3.26	3.2	4	3.2	-1.6	0
3.262	2.4	3.2	3.2	-1.6	0
3.264	3.2	3.2	3.2	-0.8	0
3.266	3.2	3.2	3.2	-0.8	0
3.268	3.2	3.2	4	-0.8	0
3.27	3.2	3.2	3.2	-0.8	-0.8
3.272	2.4	4	3.2	-1.6	-0.8
3.274	2.4	4	3.2	-0.8	-0.8
3.276	3.2	3.2	3.2	-0.8	0
3.278	3.2	3.2	3.2	-0.8	0
3.28	3.2	3.2	3.2	-1.6	0
3.282	3.2	3.2	3.2	-0.8	-0.8
3.284	3.2	3.2	3.2	-0.8	-0.8
3.286	3.2	3.2	3.2	-0.8	0
3.288	3.2	3.2	3.2	-0.8	-0.8
3.29	4	3.2	3.2	-1.6	0
3.292	4	3.2	4	-0.8	-0.8
3.294	2.4	3.2	3.2	-0.8	-0.8
3.296	2.4	2.4	3.2	-1.6	-0.8
3.298	3.2	2.4	3.2	-0.8	0
3.3	4	3.2	3.2	-1.6	0
3.302	3.2	3.2	3.2	-0.8	-0.8
3.304	3.2	4	3.2	-0.8	-0.8
3.306	3.2	3.2	3.2	-0.8	0
3.308	3.2	3.2	2.4	-0.8	-0.8
3.31	4	4	3.2	-0.8	-0.8
3.312	4	3.2	3.2	-0.8	-0.8
3.314	3.2	3.2	3.2	0	0
3.316	2.4	3.2	3.2	-0.8	0
3.318	3.2	3.2	3.2	-0.8	-0.8
3.32	3.2	3.2	4	-0.8	-0.8
3.322	2.4	3.2	3.2	-1.6	0
3.324	3.2	4	3.2	-1.6	-0.8
3.326	3.2	3.2	3.2	-0.8	0
3.328	3.2	3.2	3.2	-0.8	0
3.33	3.2	4	3.2	-0.8	-0.8
3.332	2.4	2.4	3.2	-0.8	0
3.334	3.2	3.2	3.2	-0.8	-0.8
3.336	3.2	3.2	3.2	-0.8	0
3.338	3.2	3.2	3.2	-0.8	-0.8
3.34	3.2	4	3.2	-1.6	-0.8
3.342	3.2	3.2	4	-0.8	0
3.344	3.2	4	3.2	-0.8	0
3.346	2.4	3.2	2.4	-1.6	0
3.348	3.2	3.2	3.2	-0.8	-0.8
3.35	3.2	3.2	3.2	-0.8	0
3.352	2.4	4	3.2	-0.8	0.8
3.354	3.2	3.2	3.2	-0.8	0
3.356	3.2	4	3.2	-1.6	0
3.358	3.2	4	3.2	-0.8	0
3.36	3.2	3.2	3.2	-0.8	0
3.362	3.2	4	3.2	-0.8	0
3.364	3.2	3.2	3.2	-0.8	0
3.366	3.2	3.2	3.2	-1.6	-0.8
3.368	3.2	3.2	3.2	0	0
3.37	3.2	4	3.2	-0.8	-0.8
3.372	3.2	3.2	3.2	-0.8	0
3.374	2.4	3.2	3.2	-1.6	0
3.376	3.2	4	3.2	-0.8	0
3.378	3.2	4	3.2	-0.8	0
3.38	3.2	4	3.2	-0.8	0
3.382	3.2	3.2	4	-1.6	-0.8
3.384	2.4	4	3.2	-0.8	0
3.386	3.2	4	3.2	-0.8	0
3.388	4	3.2	3.2	-0.8	-0.8
3.39	3.2	3.2	3.2	-0.8	-0.8
3.392	3.2	3.2	3.2	-1.6	-0.8
3.394	3.2	3.2	3.2	-0.8	0
3.396	1.6	3.2	3.2	-0.8	0
3.398	3.2	3.2	3.2	-0.8	0
3.4	3.2	4	4	0	-0.8
3.402	3.2	3.2	3.2	-1.6	-0.8
3.404	3.2	4	3.2	-0.8	0
3.406	4	3.2	3.2	-0.8	-0.8
3.408	3.2	3.2	3.2	-1.6	-0.8
3.41	3.2	3.2	3.2	-0.8	-0.8
3.412	2.4	3.2	3.2	-0.8	-0.8
3.414	3.2	3.2	4	-0.8	0
3.416	3.2	3.2	3.2	-0.8	-0.8
3.418	3.2	3.2	3.2	-0.8	-0.8
3.42	3.2	4	3.2	-1.6	0
3.422	4	3.2	3.2	-1.6	0
3.424	2.4	3.2	3.2	-0.8	0
3.426	3.2	4	3.2	-0.8	-0.8
3.428	3.2	4	3.2	-0.8	0
3.43	3.2	3.2	3.2	-0.8	0
3.432	2.4	4	3.2	-0.8	-0.8
3.434	3.2	3.2	3.2	-0.8	-0.8
3.436	3.2	4	3.2	-0.8	-0.8
3.438	3.2	3.2	2.4	-0.8	-0.8
3.44	2.4	3.2	2.4	-0.8	-0.8
3.442	4	3.2	2.4	-1.6	-1.6
3.444	3.2	3.2	4	-0.8	0
3.446	3.2	3.2	3.2	-0.8	0
3.448	2.4	4	3.2	-0.8	0
3.45	3.2	2.4	3.2	-0.8	0.8
3.452	2.4	3.2	3.2	0	0
3.454	3.2	4	3.2	-1.6	0
3.456	3.2	3.2	3.2	-0.8	0
3.458	4	3.2	3.2	-0.8	0
3.46	2.4	4	3.2	-0.8	0
3.462	3.2	3.2	3.2	-0.8	-0.8
3.464	2.4	3.2	3.2	-0.8	-0.8
3.466	2.4	4	3.2	-0.8	-0.8
3.468	3.2	4	2.4	-0.8	-0.8
3.47	4	3.2	3.2	-0.8	-0.8
3.472	2.4	3.2	3.2	-0.8	-0.8
3.474	3.2	3.2	3.2	-1.6	0
3.476	3.2	3.2	2.4	-1.6	-0.8
3.478	3.2	4	3.2	-0.8	0
3.48	2.4	3.2	3.2	-0.8	-0.8
3.482	3.2	3.2	3.2	-0.8	-0.8
3.484	3.2	3.2	3.2	-1.6	-0.8
3.486	4	3.2	3.2	-0.8	0
3.488	4	3.2	2.4	-1.6	0
3.49	4	4.8	3.2	-0.8	0
3.492	3.2	4	4	-0.8	0
3.494	3.2	3.2	3.2	-0.8	-0.8
3.496	3.2	3.2	3.2	-1.6	0
3.498	2.4	3.2	3.2	-0.8	-0.8
3.5	2.4	3.2	3.2	-0.8	-0.8
3.502	2.4	3.2	3.2	-1.6	-0.8
3.504	3.2	4	3.2	-2.4	0
3.506	3.2	4	3.2	-1.6	-0.8
3.508	3.2	4	3.2	-0.8	-0.8
3.51	3.2	2.4	3.2	-0.8	0
3.512	3.2	4	2.4	-0.8	0
3.514	3.2	3.2	3.2	-1.6	0
3.516	3.2	3.2	4	-0.8	-0.8
3.518	3.2	3.2	3.2	-0.8	0
3.52	4	4	3.2	-0.8	0
3.522	2.4	3.2	2.4	-0.8	-0.8
3.524	3.2	4	3.2	-0.8	0.8
3.526	4	4	3.2	-0.8	-0.8
3.528	3.2	3.2	4	-0.8	0
3.53	3.2	3.2	3.2	-0.8	-0.8
3.532	3.2	4	3.2	-1.6	0
3.534	3.2	4	3.2	-0.8	0
3.536	4	4	3.2	-0.8	0
3.538	2.4	3.2	3.2	-0.8	0
3.54	2.4	2.4	3.2	-0.8	-0.8
3.542	3.2	3.2	3.2	-0.8	0
3.544	3.2	4	3.2	-1.6	0
3.546	3.2	4	3.2	-1.6	0
3.548	3.2	3.2	3.2	-0.8	0
3.55	3.2	2.4	3.2	-0.8	-0.8
3.552	3.2	3.2	3.2	-0.8	-0.8
3.554	4	3.2	3.2	-0.8	0.8
3.556	3.2	3.2	3.2	-0.8	-0.8
3.558	3.2	3.2	3.2	-1.6	-0.8
3.56	3.2	2.4	2.4	-0.8	-0.8
3.562	2.4	3.2	2.4	-0.8	-0.8
3.564	3.2	3.2	3.2	-0.8	0
3.566	3.2	4	3.2	-0.8	0
3.568	2.4	4	3.2	-0.8	0
3.57	3.2	3.2	3.2	-0.8	0
3.572	3.2	4	3.2	-1.6	-0.8
3.574	3.2	3.2	3.2	-0.8	0
3.576	3.2	4	2.4	-0.8	-0.8
3.578	3.2	3.2	3.2	-0.8	-0.8
3.58	2.4	3.2	3.2	-1.6	-0.8
3.582	2.4	3.2	3.2	-0.8	0
3.584	3.2	3.2	3.2	-0.8	0
3.586	3.2	4	3.2	-0.8	0
3.588	3.2	4	3.2	-0.8	0
3.59	3.2	3.2	3.2	-0.8	0
3.592	3.2	3.2	3.2	-0.8	0
3.594	3.2	3.2	3.2	-0.8	-0.8
3.596	3.2	3.2	3.2	-0.8	0
3.598	4	4	3.2	-0.8	0
3.6	2.4	4	3.2	-1.6	0
3.602	3.2	3.2	3.2	-0.8	0
3.604	3.2	3.2	3.2	-1.6	-0.8
3.606	3.2	3.2	2.4	-0.8	0
3.608	3.2	4	3.2	-1.6	-0.8
3.61	3.2	4	3.2	-0.8	-0.8
3.612	3.2	3.2	3.2	-0.8	0
3.614	3.2	3.2	3.2	-0.8	-0.8
3.616	4	3.2	3.2	-0.8	0
3.618	3.2	4	3.2	-0.8	-0.8
3.62	3.2	3.2	3.2	-0.8	-0.8
3.622	3.2	3.2	4	-0.8	-0.8
3.624	3.2	3.2	3.2	-0.8	0
3.626	3.2	4	3.2	-0.8	-0.8
3.628	4	3.2	2.4	-0.8	-0.8
3.63	3.2	3.2	3.2	-0.8	0
3.632	3.2	4	3.2	-0.8	0
3.634	4	4	3.2	-1.6	-0.8
3.636	3.2	3.2	3.2	-0.8	-0.8
3.638	4	3.2	3.2	-0.8	-0.8
3.64	3.2	4	3.2	-0.8	0
3.642	3.2	4.8	3.2	-0.8	-0.8
3.644	2.4	4	3.2	-0.8	0.8
3.646	4	4	3.2	0	-0.8
3.648	4	3.2	3.2	-0.8	0
3.65	3.2	3.2	4	-1.6	0
3.652	3.2	4	3.2	-1.6	0
3.654	3.2	3.2	3.2	-0.8	-0.8
3.656	3.2	3.2	3.2	-0.8	0
3.658	2.4	3.2	3.2	-0.8	0
3.66	3.2	3.2	3.2	-1.6	-0.8
3.662	2.4	3.2	3.2	-0.8	0
3.664	3.2	4	2.4	-0.8	0
3.666	3.2	3.2	3.2	-0.8	-0.8
3.668	3.2	3.2	3.2	-1.6	0
3.67	3.2	3.2	2.4	-0.8	0
3.672	3.2	3.2	3.2	-0.8	0
3.674	3.2	4	3.2	-0.8	0
3.676	3.2	3.2	3.2	-0.8	0
3.678	3.2	3.2	3.2	-0.8	0
3.68	3.2	3.2	3.2	-0.8	0
3.682	3.2	3.2	4	-0.8	-0.8
3.684	3.2	3.2	3.2	-0.8	0
3.686	3.2	4	3.2	-0.8	-0.8
3.688	3.2	3.2	3.2	-1.6	0
3.69	2.4	4	3.2	-0.8	0
3.692	3.2	3.2	3.2	-0.8	0
3.694	3.2	3.2	3.2	-1.6	-0.8
3.696	3.2	3.2	3.2	-0.8	0
3.698	3.2	3.2	3.2	-0.8	0
3.7	4	3.2	3.2	-0.8	-0.8
3.702	3.2	3.2	3.2	-0.8	0
3.704	3.2	3.2	3.2	-0.8	0
3.706	3.2	3.2	3.2	-0.8	0.8
3.708	3.2	4	3.2	-1.6	0
3.71	3.2	4	3.2	-0.8	0
3.712	3.2	3.2	2.4	-0.8	0
3.714	2.4	2.4	3.2	-0.8	-0.8
3.716	3.2	3.2	4	-0.8	0
3.718	3.2	3.2	3.2	-0.8	0
3.72	3.2	3.2	2.4	-0.8	-0.8
3.722	3.2	3.2	4	-0.8	0
3.724	4	3.2	3.2	-0.8	0
3.726	3.2	4	3.2	-0.8	0
3.728	3.2	3.2	3.2	-1.6	0
3.73	4	4	3.2	-1.6	0
3.732	4	4	3.2	-0.8	-0.8
3.734	3.2	3.2	3.2	-0.8	0
3.736	4	3.2	3.2	-1.6	0
3.738	3.2	3.2	3.2	-0.8	0
3.74	2.4	4	2.4	-0.8	0
3.742	3.2	3.2	3.2	-1.6	-0.8
3.744	3.2	3.2	3.2	-0.8	-0.8
3.746	3.2	3.2	3.2	-0.8	0
3.748	3.2	4	3.2	-0.8	0
3.75	2.4	4	2.4	-1.6	-0.8
3.752	3.2	3.2	2.4	-0.8	-0.8
3.754	3.2	3.2	3.2	-0.8	-0.8
3.756	2.4	4	3.2	-0.8	0
3.758	3.2	4	3.2	-0.8	0
3.76	3.2	4	3.2	-0.8	-0.8
3.762	3.2	3.2	3.2	-0.8	0
3.764	2.4	4	3.2	-1.6	-0.8
3.766	2.4	3.2	3.2	0	0
3.768	3.2	3.2	3.2	-1.6	0.8
3.77	3.2	4	3.2	-0.8	0.8
3.772	3.2	4	2.4	-0.8	0
3.774	3.2	4	2.4	-0.8	-0.8
3.776	3.2	3.2	2.4	-0.8	0
3.778	3.2	3.2	3.2	-0.8	0
3.78	3.2	3.2	3.2	-0.8	0
3.782	3.2	3.2	3.2	-0.8	-0.8
3.784	3.2	4	3.2	-0.8	-0.8
3.786	2.4	3.2	3.2	0	0
3.788	3.2	3.2	4	0	0
3.79	3.2	3.2	4	-0.8	-0.8
3.792	3.2	4	3.2	-0.8	0
3.794	2.4	4	3.2	-0.8	0
3.796	3.2	4	3.2	-0.8	-0.8
3.798	3.2	3.2	3.2	-1.6	0
3.8	4	2.4	3.2	-0.8	0
3.802	3.2	3.2	3.2	-1.6	0
3.804	3.2	3.2	2.4	-0.8	0
3.806	2.4	3.2	3.2	-0.8	-0.8
3.808	2.4	3.2	3.2	-0.8	0
3.81	3.2	3.2	3.2	-0.8	0
3.812	3.2	3.2	3.2	-0.8	0
3.814	2.4	3.2	3.2	-1.6	-0.8
3.816	3.2	3.2	3.2	-1.6	0
3.818	3.2	3.2	3.2	-0.8	0.8
3.82	3.2	3.2	4	-0.8	0
3.822	3.2	3.2	3.2	-0.8	0
3.824	3.2	3.2	3.2	-0.8	0
3.826	2.4	4	3.2	-0.8	0
3.828	4	4	3.2	-0.8	0
3.83	3.2	3.2	3.2	-0.8	0
3.832	3.2	3.2	3.2	-0.8	0
3.834	3.2	3.2	3.2	-0.8	-0.8
3.836	3.2	4	3.2	-0.8	-0.8
3.838	3.2	3.2	3.2	-0.8	0
3.84	3.2	3.2	3.2	-0.8	0
3.842	3.2	4	3.2	-0.8	-0.8
3.844	3.2	3.2	2.4	-0.8	0
3.846	3.2	3.2	2.4	-0.8	0
3.848	3.2	3.2	2.4	-0.8	-0.8
3.85	3.2	4	3.2	-0.8	0
3.852	3.2	4	3.2	-1.6	0.8
3.854	3.2	3.2	3.2	-0.8	0
3.856	3.2	4	3.2	-0.8	0
3.858	3.2	3.2	3.2	-0.8	0
3.86	3.2	3.2	3.2	-0.8	0
3.862	4	3.2	3.2	-0.8	0
3.864	3.2	3.2	4	-1.6	-0.8
3.866	3.2	3.2	3.2	-1.6	-0.8
3.868	3.2	3.2	3.2	-0.8	0
3.87	3.2	4	3.2	-0.8	-0.8
3.872	3.2	3.2	3.2	-0.8	0
3.874	3.2	4	3.2	-0.8	-0.8
3.876	3.2	3.2	3.2	-1.6	0
3.878	3.2	4	3.2	-1.6	-0.8
3.88	4	4	3.2	-1.6	-0.8
3.882	4	4	3.2	0	-0.8
3.884	3.2	3.2	3.2	-0.8	0
3.886	3.2	3.2	3.2	-0.8	0
3.888	3.2	3.2	3.2	-0.8	0
3.89	3.2	3.2	2.4	-0.8	-1.6
3.892	3.2	4	3.2	-1.6	-0.8
3.894	3.2	3.2	3.2	-1.6	0
3.896	3.2	3.2	3.2	-0.8	-0.8
3.898	4	3.2	3.2	-0.8	0
3.9	3.2	3.2	2.4	-0.8	-0.8
3.902	3.2	4	3.2	-0.8	-0.8
3.904	4	3.2	3.2	-0.8	0.8
3.906	3.2	3.2	4	-0.8	-0.8
3.908	3.2	3.2	3.2	-0.8	0
3.91	3.2	3.2	2.4	-0.8	0
3.912	3.2	3.2	4	-0.8	-0.8
3.914	3.2	4	3.2	-0.8	0
3.916	3.2	3.2	3.2	-0.8	-0.8
3.918	3.2	3.2	4	-0.8	0
3.92	3.2	3.2	3.2	-0.8	0
3.922	3.2	4	3.2	-0.8	0.8
3.924	4	4	4	-1.6	0
3.926	3.2	2.4	3.2	-0.8	-0.8
3.928	3.2	3.2	3.2	-0.8	0
3.93	3.2	3.2	2.4	-0.8	-0.8
3.932	3.2	3.2	3.2	-1.6	-0.8
3.934	3.2	4	2.4	-1.6	-0.8
3.936	3.2	4	3.2	-0.8	-0.8
3.938	3.2	3.2	4	-1.6	0
3.94	3.2	4	3.2	-0.8	-0.8
3.942	3.2	3.2	3.2	-0.8	0
3.944	4	3.2	3.2	-0.8	0
3.946	3.2	3.2	4	-0.8	0
3.948	3.2	3.2	3.2	-0.8	0
3.95	3.2	3.2	3.2	-1.6	0
3.952	3.2	3.2	2.4	-0.8	-0.8
3.954	3.2	4	3.2	-0.8	0
3.956	3.2	3.2	3.2	-0.8	0
3.958	3.2	3.2	3.2	-0.8	0
3.96	4	3.2	4	-0.8	0
3.962	3.2	3.2	3.2	-0.8	0
3.964	3.2	3.2	3.2	-0.8	0
3.966	4	4	3.2	-1.6	0
3.968	3.2	4	3.2	-0.8	-0.8
3.97	3.2	4	3.2	-0.8	0.8
3.972	3.2	3.2	3.2	-0.8	-0.8
3.974	3.2	3.2	3.2	-0.8	-0.8
3.976	3.2	4	2.4	-0.8	0
3.978	3.2	4	3.2	-0.8	-0.8
3.98	4	4	3.2	-0.8	-0.8
3.982	2.4	2.4	3.2	-0.8	0
3.984	3.2	3.2	2.4	-0.8	0.8
3.986	3.2	3.2	4	-0.8	0
3.988	4	3.2	3.2	-0.8	0
3.99	3.2	4.8	3.2	0	0
3.992	4	3.2	3.2	-0.8	0
3.994	2.4	3.2	4	-0.8	0
3.996	3.2	3.2	3.2	-0.8	0
3.998	3.2	3.2	3.2	-0.8	0
4	3.2	4	3.2	0	0
4.002	3.2	3.2	3.2	-0.8	0
4.004	3.2	3.2	2.4	-0.8	0
4.006	2.4	4	3.2	-0.8	0
4.008	3.2	3.2	3.2	-0.8	0
4.01	2.4	4	3.2	-0.8	-0.8
4.012	3.2	3.2	4	-0.8	-0.8
4.014	3.2	3.2	3.2	-0.8	0
4.016	3.2	3.2	3.2	-0.8	0
4.018	4	4	2.4	-0.8	0
4.02	4	4	3.2	-0.8	0
4.022	3.2	4	3.2	-0.8	0
4.024	3.2	3.2	3.2	-0.8	0
4.026	3.2	3.2	3.2	-0.8	0.8
4.028	3.2	4	2.4	0.8	0
4.03	3.2	3.2	3.2	-1.6	0
4.032	3.2	3.2	3.2	-0.8	0
4.034	3.2	4	3.2	-0.8	0
4.036	3.2	3.2	3.2	-0.8	0
4.038	3.2	3.2	3.2	-0.8	0
4.04	3.2	3.2	3.2	-0.8	0
4.042	3.2	3.2	3.2	-0.8	0
4.044	3.2	3.2	4	-0.8	0
4.046	4	3.2	3.2	-0.8	0
4.048	3.2	3.2	4	-0.8	-0.8
4.05	4	3.2	3.2	-0.8	-0.8
4.052	3.2	3.2	3.2	-0.8	0
4.054	3.2	3.2	3.2	-0.8	0
4.056	3.2	3.2	3.2	0	0
4.058	3.2	4	3.2	-0.8	0
4.06	3.2	3.2	3.2	-0.8	0
4.062	3.2	3.2	3.2	-0.8	0
4.064	3.2	3.2	3.2	-0.8	0
4.066	4	3.2	3.2	-0.8	-0.8
4.068	3.2	4	2.4	-0.8	0
4.07	3.2	3.2	3.2	-0.8	0
4.072	3.2	4	3.2	0	0
4.074	3.2	4	3.2	-0.8	0
4.076	3.2	4	3.2	-1.6	0
4.078	4	3.2	2.4	-1.6	0
4.08	3.2	3.2	3.2	-0.8	-0.8
4.082	3.2	3.2	3.2	-0.8	0
4.084	3.2	4	3.2	-0.8	0
4.086	3.2	3.2	3.2	-0.8	0
4.088	3.2	4	2.4	-0.8	0
4.09	3.2	3.2	3.2	-0.8	0
4.092	3.2	3.2	3.2	-0.8	-0.8
4.094	3.2	3.2	3.2	-0.8	0
4.096	3.2	4	3.2	-0.8	0
4.098	3.2	4	3.2	-0.8	0
4.1	4	4	3.2	-1.6	0
4.102	4	3.2	3.2	-0.8	0
4.104	4	3.2	3.2	-0.8	-0.8
4.106	4	3.2	3.2	-0.8	0
4.108	3.2	4	3.2	-0.8	0
4.11	3.2	3.2	2.4	-0.8	-0.8
4.112	2.4	3.2	3.2	-0.8	0
4.114	3.2	4	3.2	-0.8	-0.8
4.116	3.2	4	3.2	-0.8	0
4.118	3.2	3.2	3.2	-0.8	0.8
4.12	3.2	3.2	2.4	-0.8	0
4.122	3.2	3.2	2.4	-0.8	0
4.124	3.2	4	3.2	-0.8	0
4.126	3.2	3.2	3.2	-0.8	0
4.128	3.2	3.2	3.2	-1.6	0
4.13	3.2	4	3.2	-1.6	0
4.132	3.2	4	3.2	-0.8	-0.8
4.134	4	2.4	4	-0.8	0
4.136	3.2	4	3.2	-0.8	0
4.138	4.8	3.2	3.2	-0.8	0
4.14	4	4	3.2	0	0
4.142	3.2	3.2	3.2	-0.8	-0.8
4.144	3.2	2.4	3.2	-0.8	0
4.146	3.2	3.2	3.2	0	-0.8
4.148	3.2	3.2	3.2	0	0.8
4.15	3.2	3.2	3.2	-0.8	-0.8
4.152	3.2	3.2	3.2	-0.8	0
4.154	3.2	3.2	4	-0.8	0
4.156	3.2	3.2	3.2	-0.8	0
4.158	3.2	3.2	3.2	-1.6	0
4.16	3.2	4	4	-0.8	0.8
4.162	2.4	4	3.2	-0.8	0
4.164	3.2	3.2	3.2	-0.8	0
4.166	3.2	3.2	3.2	-0.8	0
4.168	3.2	3.2	3.2	-0.8	-0.8
4.17	4	3.2	3.2	-0.8	0
4.172	3.2	3.2	2.4	-0.8	0
4.174	3.2	4	3.2	-0.8	-0.8
4.176	3.2	3.2	2.4	-1.6	-0.8
4.178	3.2	3.2	3.2	-1.6	-0.8
4.18	3.2	3.2	3.2	-0.8	-0.8
4.182	3.2	4	3.2	-0.8	0
4.184	3.2	3.2	3.2	-0.8	0
4.186	4	3.2	3.2	-1.6	0
4.188	4	3.2	3.2	-0.8	0
4.19	3.2	4	3.2	0	-0.8
4.192	3.2	4	3.2	-0.8	0
4.194	4	4	3.2	-0.8	-0.8
4.196	3.2	4	3.2	-0.8	0
4.198	3.2	3.2	4	-0.8	0
4.2	4	3.2	3.2	-0.8	0
4.202	3.2	3.2	3.2	-0.8	0.8
4.204	3.2	3.2	3.2	-0.8	0
4.206	4	4	3.2	-0.8	0
4.208	3.2	4	3.2	-0.8	0.8
4.21	3.2	3.2	3.2	-0.8	0
4.212	4	3.2	3.2	-0.8	0
4.214	3.2	3.2	4	-0.8	0.8
4.216	3.2	3.2	3.2	-0.8	0
4.218	4	4	3.2	-0.8	-0.8
4.22	4	3.2	3.2	-0.8	0
4.222	3.2	3.2	3.2	-0.8	0
4.224	3.2	3.2	3.2	-0.8	0
4.226	3.2	3.2	2.4	-0.8	1.6
4.228	3.2	3.2	3.2	-0.8	0
4.23	3.2	4	3.2	-0.8	0
4.232	3.2	3.2	2.4	-0.8	0.8
4.234	4	3.2	3.2	-0.8	0
4.236	3.2	4	3.2	-0.8	0
4.238	3.2	2.4	3.2	-0.8	0
4.24	4	4	2.4	-0.8	0
4.242	3.2	3.2	3.2	-0.8	0
4.244	3.2	3.2	3.2	-0.8	0
4.246	3.2	3.2	3.2	-0.8	0
4.248	3.2	3.2	3.2	-0.8	-0.8
4.25	3.2	3.2	3.2	-0.8	0
4.252	4	3.2	3.2	-0.8	0
4.254	4	4	3.2	-0.8	0
4.256	3.2	2.4	2.4	-0.8	0
4.258	3.2	3.2	4	-0.8	0
4.26	3.2	4	3.2	-0.8	0.8
4.262	4	4	2.4	-0.8	0
4.264	3.2	3.2	3.2	-0.8	0
4.266	3.2	3.2	3.2	-0.8	0
4.268	3.2	3.2	2.4	0	0.8
4.27	4	4	3.2	-0.8	0
4.272	3.2	3.2	3.2	-1.6	0
4.274	3.2	3.2	3.2	-0.8	0
4.276	4	3.2	3.2	-0.8	-0.8
4.278	3.2	3.2	4	-0.8	-0.8
4.28	3.2	3.2	3.2	-0.8	0
4.282	3.2	4	2.4	-0.8	0
4.284	3.2	3.2	3.2	-0.8	0
4.286	3.2	3.2	3.2	-0.8	0
4.288	3.2	3.2	3.2	-0.8	0
4.29	4	3.2	3.2	-0.8	0
4.292	3.2	4	3.2	-1.6	0
4.294	4	4	3.2	-0.8	-0.8
4.296	3.2	3.2	3.2	-0.8	-0.8
4.298	3.2	3.2	3.2	0	0
4.3	3.2	3.2	3.2	-0.8	0
4.302	4	3.2	3.2	-0.8	0
4.304	3.2	4	3.2	-0.8	0
4.306	3.2	3.2	3.2	-0.8	0
4.308	3.2	3.2	3.2	-0.8	0
4.31	3.2	3.2	3.2	0	0
4.312	3.2	4	3.2	-0.8	0
4.314	4	3.2	3.2	-0.8	-0.8
4.316	4	3.2	3.2	-0.8	0
4.318	2.4	3.2	3.2	-0.8	-0.8
4.32	3.2	3.2	3.2	-0.8	0
4.322	3.2	3.2	3.2	-0.8	0
4.324	3.2	3.2	3.2	-0.8	0
4.326	3.2	3.2	3.2	-0.8	0
4.328	3.2	4	3.2	-0.8	0
4.33	3.2	3.2	3.2	-0.8	0
4.332	4	3.2	3.2	-0.8	0
4.334	4	3.2	3.2	-0.8	0
4.336	2.4	4	3.2	-0.8	0.8
4.338	3.2	4	3.2	-0.8	0
4.34	4	4	3.2	-0.8	0
4.342	3.2	3.2	3.2	-0.8	0
4.344	3.2	4	3.2	-0.8	0
4.346	4	3.2	3.2	-0.8	0.8
4.348	3.2	3.2	2.4	-0.8	0
4.35	3.2	3.2	3.2	-0.8	0.8
4.352	3.2	3.2	3.2	-0.8	0
4.354	3.2	3.2	3.2	-0.8	0
4.356	3.2	3.2	3.2	-0.8	0.8
4.358	3.2	4	3.2	-0.8	0
4.36	4	3.2	4	-0.8	0
4.362	3.2	3.2	3.2	-0.8	0
4.364	4	3.2	4	-0.8	0
4.366	3.2	3.2	3.2	-0.8	0.8
4.368	4	4	4	0	0.8
4.37	3.2	3.2	3.2	-0.8	0
4.372	4	4	3.2	-0.8	0
4.374	4	3.2	3.2	-0.8	-0.8
4.376	4	4	3.2	-0.8	0
4.378	3.2	3.2	3.2	-0.8	0
4.38	3.2	3.2	2.4	-0.8	0
4.382	3.2	3.2	3.2	-0.8	0
4.384	4	3.2	3.2	0	0.8
4.386	3.2	4	3.2	-0.8	0.8
4.388	3.2	4	3.2	0	0
4.39	3.2	3.2	3.2	-0.8	0
4.392	3.2	3.2	3.2	0	-0.8
4.394	4	3.2	3.2	0	0.8
4.396	3.2	3.2	3.2	-0.8	0
4.398	3.2	3.2	3.2	-0.8	0
4.4	3.2	3.2	3.2	-0.8	0
4.402	3.2	3.2	4	-0.8	0
4.404	3.2	3.2	3.2	-0.8	0.8
4.406	4	3.2	3.2	0	0
4.408	3.2	3.2	3.2	-0.8	0
4.41	4	3.2	3.2	-0.8	0
4.412	4	3.2	3.2	-0.8	0
4.414	3.2	3.2	3.2	0	0.8
4.416	4	4	3.2	-0.8	0.8
4.418	4	3.2	4	0	0
4.42	3.2	3.2	2.4	-0.8	0
4.422	3.2	4	3.2	-0.8	0
4.424	4	3.2	3.2	-0.8	0.8
4.426	3.2	3.2	3.2	-0.8	0
4.428	4	3.2	3.2	-0.8	0
4.43	4	3.2	3.2	-0.8	0
4.432	3.2	3.2	4	-0.8	-0.8
4.434	3.2	3.2	3.2	-0.8	0
4.436	3.2	3.2	3.2	-0.8	0
4.438	4	3.2	2.4	-0.8	0.8
4.44	3.2	3.2	4	-1.6	0
4.442	3.2	4	3.2	-0.8	0
4.444	3.2	4	3.2	-0.8	0
4.446	4	3.2	2.4	-0.8	0.8
4.448	3.2	3.2	3.2	0	0.8
4.45	4	4	3.2	-0.8	0
4.452	3.2	3.2	3.2	-0.8	0
4.454	-102.4	3.2	3.2	0	0
4.456	-102.4	3.2	4	-1.6	0
4.458	-102.4	3.2	3.2	-0.8	0.8
4.46	-102.4	3.2	4	0	0
4.462	-102.4	3.2	3.2	-0.8	0
4.464	-102.4	2.4	3.2	0	0
4.466	-102.4	4	3.2	-0.8	0
4.468	-102.4	2.4	3.2	-0.8	0.8
4.47	-102.4	4	3.2	-0.8	0.8
4.472	-102.4	3.2	3.2	-0.8	0.8
4.474	-102.4	4	3.2	-0.8	0
4.476	-102.4	4	3.2	0	0
4.478	-102.4	4	3.2	-0.8	0.8
4.48	-102.4	3.2	2.4	-0.8	0
4.482	-102.4	3.2	4	0	0.8
4.484	-102.4	3.2	3.2	0	0
4.486	-102.4	3.2	2.4	0	0.8
4.488	-102.4	3.2	3.2	-0.8	0.8
4.49	-102.4	3.2	3.2	-0.8	0
4.492	-102.4	4	3.2	-0.8	0.8
4.494	-102.4	3.2	2.4	-0.8	0
4.496	-102.4	4	3.2	0	0.8
4.498	-102.4	4	3.2	-0.8	0
4.5	-102.4	3.2	3.2	-1.6	0.8
4.502	-102.4	3.2	3.2	-0.8	0.8
4.504	-102.4	3.2	2.4	-0.8	0
4.506	-102.4	3.2	3.2	-0.8	0
4.508	-102.4	3.2	3.2	-0.8	0
4.51	-102.4	4	3.2	-0.8	0.8
4.512	-102.4	3.2	3.2	0	0
4.514	-102.4	3.2	3.2	0.8	0
4.516	-102.4	4	3.2	0	0
4.518	-102.4	3.2	3.2	-0.8	0
4.52	-102.4	4	4	0	0.8
4.522	-102.4	3.2	3.2	0	0.8
4.524	-102.4	2.4	4	-0.8	0
4.526	-102.4	3.2	3.2	-0.8	0.8
4.528	-102.4	4	3.2	0	0
4.53	-102.4	3.2	3.2	0	0
4.532	-102.4	3.2	3.2	0	0
4.534	-102.4	3.2	3.2	-0.8	0.8
4.536	-102.4	3.2	3.2	0	0.8
4.538	-102.4	3.2	3.2	-0.8	0
4.54	-102.4	4	4	-0.8	0.8
4.542	-102.4	3.2	3.2	-0.8	0
4.544	-102.4	3.2	3.2	0.8	0
4.546	-102.4	-102.4	2.4	0	0.8
4.548	-102.4	-102.4	3.2	0	0.8
4.55	-102.4	-102.4	3.2	0	0
4.552	-102.4	-102.4	3.2	-0.8	0.8
4.554	-102.4	-102.4	2.4	0	0.8
4.556	-102.4	-102.4	2.4	0	0.8
4.558	-102.4	-102.4	3.2	-0.8	0
4.56	-102.4	-102.4	3.2	-0.8	0
4.562	-102.4	-102.4	4	-0.8	0.8
4.564	-102.4	-102.4	3.2	-0.8	0.8
4.566	-102.4	-102.4	3.2	0	0
4.568	-102.4	-102.4	3.2	-0.8	0.8
4.57	-102.4	-102.4	3.2	-0.8	0
4.572	-102.4	-102.4	2.4	-0.8	0.8
4.574	-102.4	-102.4	3.2	-0.8	0.8
4.576	-102.4	-102.4	4	-0.8	0.8
4.578	-102.4	-102.4	2.4	-0.8	0
4.58	-102.4	-102.4	3.2	0	0
4.582	-102.4	-102.4	4	0	1.6
4.584	-102.4	-102.4	3.2	-0.8	-0.8
4.586	-102.4	-102.4	3.2	0	0.8
4.588	-102.4	-102.4	3.2	-0.8	0.8
4.59	-102.4	-102.4	3.2	-0.8	0.8
4.592	-102.4	-102.4	3.2	-1.6	0.8
4.594	-102.4	-102.4	3.2	-0.8	0.8
4.596	-102.4	-102.4	3.2	0	0.8
4.598	-102.4	-102.4	3.2	0	0.8
4.6	-102.4	-102.4	3.2	0	0.8
4.602	-102.4	-102.4	3.2	-0.8	0.8
4.604	-102.4	-102.4	3.2	0	0.8
4.606	-102.4	-102.4	3.2	0	0.8
4.608	-102.4	-102.4	4	-0.8	0.8
4.61	-102.4	-102.4	3.2	-0.8	0
4.612	-102.4	-102.4	3.2	-0.8	0.8
4.614	-102.4	-102.4	3.2	0	-0.8
4.616	-102.4	-102.4	3.2	-0.8	0.8
4.618	-102.4	-102.4	3.2	0	0.8
4.62	-102.4	-102.4	3.2	0	0
4.622	-102.4	-102.4	3.2	0	0.8
4.624	-102.4	-102.4	3.2	-0.8	0.8
4.626	-102.4	-102.4	3.2	-0.8	0.8
4.628	-102.4	-102.4	2.4	-0.8	0
4.63	-102.4	-102.4	3.2	0	0.8
4.632	-102.4	-102.4	3.2	-0.8	0
4.634	-102.4	-102.4	3.2	-0.8	0.8
4.636	-102.4	-102.4	3.2	0	0.8
4.638	-102.4	-102.4	3.2	-0.8	0.8
4.64	-102.4	-102.4	3.2	-0.8	0.8
4.642	-102.4	-102.4	3.2	0	0.8
4.644	-102.4	-102.4	3.2	0	0.8
4.646	-102.4	-102.4	3.2	-0.8	0.8
4.648	-102.4	-102.4	4	-0.8	0.8
4.65	-102.4	-102.4	3.2	0	0.8
4.652	-102.4	-102.4	4	-0.8	0.8
4.654	-102.4	-102.4	3.2	0	0.8
4.656	-102.4	-102.4	3.2	0	0.8
4.658	-102.4	-102.4	3.2	-0.8	0.8
4.66	-102.4	-102.4	3.2	-0.8	0.8
4.662	-102.4	-102.4	3.2	0	0
4.664	-102.4	-102.4	3.2	0	0.8
4.666	-102.4	-102.4	3.2	0	0.8
4.668	-102.4	-102.4	2.4	-0.8	0.8
4.67	-102.4	-102.4	3.2	-0.8	0.8
4.672	-102.4	-102.4	4	0	0.8
4.674	-102.4	-102.4	3.2	0	0.8
4.676	-102.4	-102.4	3.2	-0.8	0.8
4.678	-102.4	-102.4	3.2	-0.8	0
4.68	-102.4	-102.4	3.2	-0.8	0.8
4.682	-102.4	-102.4	3.2	-0.8	0.8
4.684	-102.4	-102.4	3.2	0	1.6
4.686	-102.4	-102.4	2.4	0	0.8
4.688	-102.4	-102.4	3.2	0	1.6
4.69	-102.4	-102.4	3.2	-0.8	0.8
4.692	-102.4	-102.4	3.2	0	0.8
4.694	-102.4	-102.4	3.2	0	0.8
4.696	-102.4	-102.4	3.2	0	0.8
4.698	-102.4	-102.4	3.2	0	2.4
4.7	-102.4	-102.4	3.2	0	1.6
4.702	-102.4	-102.4	3.2	0	0.8
4.704	-102.4	-102.4	3.2	0	1.6
4.706	-102.4	-102.4	3.2	0	0.8
4.708	-102.4	-102.4	3.2	0	0.8
4.71	-102.4	-102.4	3.2	0	0.8
4.712	-102.4	-102.4	3.2	0	0.8
4.714	-102.4	-102.4	3.2	0	0.8
4.716	-102.4	-102.4	3.2	0	1.6
4.718	-102.4	-102.4	3.2	0.8	1.6
4.72	-102.4	-102.4	4	0	1.6
4.722	-102.4	-102.4	3.2	0	1.6
4.724	-102.4	-102.4	3.2	-0.8	0.8
4.726	-102.4	-102.4	3.2	0	1.6
4.728	-102.4	-102.4	3.2	0	2.4
4.73	-102.4	-102.4	3.2	-0.8	0.8
4.732	-102.4	-102.4	2.4	0	0.8
4.734	-102.4	-102.4	4	0	1.6
4.736	-102.4	-102.4	2.4	0	1.6
4.738	-102.4	-102.4	3.2	-0.8	0.8
4.74	-102.4	-102.4	3.2	-0.8	0.8
4.742	-102.4	-102.4	3.2	0	0.8
4.744	-102.4	-102.4	3.2	0	0.8
4.746	-102.4	-102.4	2.4	0	2.4
4.748	-102.4	-102.4	2.4	0	1.6
4.75	-102.4	-102.4	3.2	0	1.6
4.752	-102.4	-102.4	2.4	0.8	1.6
4.754	-102.4	-102.4	3.2	0.8	1.6
4.756	-102.4	-102.4	3.2	-0.8	1.6
4.758	-102.4	-102.4	3.2	0	1.6
4.76	-102.4	-102.4	3.2	0	0.8
4.762	-102.4	-102.4	4	0	0.8
4.764	-102.4	-102.4	3.2	0	0.8
4.766	-102.4	-102.4	4	-0.8	1.6
4.768	-102.4	-102.4	3.2	0	1.6
4.77	-102.4	-102.4	3.2	-0.8	2.4
4.772	-102.4	-102.4	3.2	0	1.6
4.774	-102.4	-102.4	3.2	0	1.6
4.776	-102.4	-102.4	3.2	0	1.6
4.778	-102.4	-102.4	3.2	0	1.6
4.78	-102.4	-102.4	3.2	0.8	0.8
4.782	-102.4	-102.4	3.2	0	0.8
4.784	-102.4	-102.4	3.2	-0.8	0.8
4.786	-102.4	-102.4	3.2	0	0.8
4.788	-102.4	-102.4	3.2	-0.8	0.8
4.79	-102.4	-102.4	3.2	0	1.6
4.792	-102.4	-102.4	3.2	0.8	1.6
4.794	-102.4	-102.4	3.2	0	0.8
4.796	-102.4	-102.4	3.2	0.8	0.8
4.798	-102.4	-102.4	4	0	1.6
4.8	-102.4	-102.4	2.4	0	1.6
4.802	-102.4	-102.4	3.2	0	1.6
4.804	-102.4	-102.4	4	0	2.4
4.806	-102.4	-102.4	3.2	0	0.8
4.808	-102.4	-102.4	3.2	0	0.8
4.81	-102.4	-102.4	2.4	-0.8	1.6
4.812	-102.4	-102.4	2.4	0	1.6
4.814	-102.4	-102.4	3.2	0	0.8
4.816	-102.4	-102.4	3.2	0	0.8
4.818	-102.4	-102.4	4	0	0.8
4.82	-102.4	-102.4	3.2	0	1.6
4.822	-102.4	-102.4	3.2	0.8	1.6
4.824	-102.4	-102.4	4	0	0.8
4.826	-102.4	-102.4	3.2	0	2.4
4.828	-102.4	-102.4	3.2	0	1.6
4.83	-102.4	-102.4	3.2	-0.8	1.6
4.832	-102.4	-102.4	3.2	0.8	1.6
4.834	-102.4	-102.4	3.2	0	1.6
4.836	-102.4	-102.4	3.2	0	1.6
4.838	-102.4	-102.4	4	0.8	1.6
4.84	-102.4	-102.4	3.2	0	1.6
4.842	-102.4	-102.4	3.2	0	0.8
4.844	-102.4	-102.4	3.2	0	1.6
4.846	-102.4	-102.4	3.2	-0.8	1.6
4.848	-102.4	-102.4	3.2	0	1.6
4.85	-102.4	-102.4	2.4	0	1.6
4.852	-102.4	-102.4	3.2	0	1.6
4.854	-102.4	-102.4	3.2	0	0.8
4.856	-102.4	-102.4	3.2	0	1.6
4.858	-102.4	-102.4	4	0	2.4
4.86	-102.4	-102.4	3.2	0	1.6
4.862	-102.4	-102.4	3.2	1.6	1.6
4.864	-102.4	-102.4	3.2	0	1.6
4.866	-102.4	-102.4	2.4	0	1.6
4.868	-102.4	-102.4	4	0	1.6
4.87	-102.4	-102.4	3.2	0	1.6
4.872	-102.4	-102.4	4	0	2.4
4.874	-102.4	-102.4	3.2	0	2.4
4.876	-102.4	-102.4	3.2	0.8	1.6
4.878	-102.4	-102.4	3.2	0.8	1.6
4.88	-102.4	-102.4	3.2	0	1.6
4.882	-102.4	-102.4	3.2	0	1.6
4.884	-102.4	-102.4	3.2	0.8	2.4
4.886	-102.4	-102.4	2.4	0.8	1.6
4.888	-102.4	-102.4	3.2	0.8	1.6
4.89	-102.4	-102.4	3.2	0.8	1.6
4.892	-102.4	-102.4	3.2	0.8	1.6
4.894	-102.4	-102.4	2.4	0.8	2.4
4.896	-102.4	-102.4	2.4	0	0.8
4.898	-102.4	-102.4	4	0.8	0.8
4.9	-102.4	-102.4	3.2	0	2.4
4.902	-102.4	-102.4	4	0	1.6
4.904	-102.4	-102.4	3.2	0.8	1.6
4.906	-102.4	-102.4	3.2	0.8	2.4
4.908	-102.4	-102.4	2.4	0.8	0.8
4.91	-102.4	-102.4	3.2	0.8	1.6
4.912	-102.4	-102.4	3.2	0.8	1.6
4.914	-102.4	-102.4	3.2	-102.4	2.4
4.916	-102.4	-102.4	-102.4	-102.4	1.6
4.918	-102.4	-102.4	-102.4	-102.4	2.4
4.92	-102.4	-102.4	-102.4	-102.4	1.6
4.922	-102.4	-102.4	-102.4	-102.4	1.6
4.924	-102.4	-102.4	-102.4	-102.4	2.4
4.926	-102.4	-102.4	-102.4	-102.4	2.4
4.928	-102.4	-102.4	-102.4	-102.4	1.6
4.93	-102.4	-102.4	-102.4	-102.4	2.4
4.932	-102.4	-102.4	-102.4	-102.4	2.4
4.934	-102.4	-102.4	-102.4	-102.4	2.4
4.936	-102.4	-102.4	-102.4	-102.4	1.6
4.938	-102.4	-102.4	-102.4	-102.4	0.8
4.94	-102.4	-102.4	-102.4	-102.4	1.6
4.942	-102.4	-102.4	-102.4	-102.4	1.6
4.944	-102.4	-102.4	-102.4	-102.4	2.4
4.946	-102.4	-102.4	-102.4	-102.4	2.4
4.948	-102.4	-102.4	-102.4	-102.4	2.4
4.95	-102.4	-102.4	-102.4	-102.4	2.4
4.952	3.2	-102.4	-102.4	-102.4	2.4
4.954	3.2	-102.4	-102.4	-102.4	2.4
4.956	3.2	-102.4	-102.4	-102.4	2.4
4.958	3.2	-102.4	-102.4	-102.4	2.4
4.96	3.2	-102.4	-102.4	-102.4	2.4
4.962	3.2	-102.4	-102.4	-102.4	2.4
4.964	3.2	-102.4	-102.4	-102.4	1.6
4.966	3.2	-102.4	-102.4	-102.4	1.6
4.968	3.2	-102.4	-102.4	-102.4	3.2
4.97	3.2	-102.4	-102.4	-102.4	2.4
4.972	3.2	-102.4	-102.4	-102.4	2.4
4.974	3.2	-102.4	-102.4	-102.4	2.4
4.976	4	-102.4	-102.4	-102.4	1.6
4.978	3.2	-102.4	-102.4	-102.4	2.4
4.98	3.2	-102.4	-102.4	-102.4	2.4
4.982	3.2	-102.4	-102.4	-102.4	1.6
4.984	3.2	-102.4	-102.4	-102.4	2.4
4.986	2.4	-102.4	-102.4	-102.4	2.4
4.988	3.2	-102.4	-102.4	-102.4	2.4
4.99	3.2	-102.4	-102.4	-102.4	2.4
4.992	4	-102.4	-102.4	-102.4	2.4
4.994	3.2	-102.4	-102.4	-102.4	1.6
4.996	2.4	-102.4	-102.4	-102.4	2.4
4.998	3.2	-102.4	-102.4	-102.4	0.8
