Time	1st	2nd	3rd	4th	5th
0	-102.4	-102.4	-102.4	4	4.8
0.002	-102.4	-102.4	-102.4	4.8	4
0.004	-102.4	-102.4	-102.4	4.8	4
0.006	-102.4	4	-102.4	4	3.2
0.008	-102.4	4	-102.4	4	4.8
0.01	-102.4	4	-102.4	4	3.2
0.012	-102.4	4.8	-102.4	4	4
0.014	-102.4	4	-102.4	4.8	3.2
0.016	-102.4	4	-102.4	4.8	4
0.018	-102.4	4	-102.4	4	4
0.02	-102.4	4.8	-102.4	4	4
0.022	-102.4	4	-102.4	4.8	4
0.024	-102.4	4.8	-102.4	3.2	4.8
0.026	-102.4	4	-102.4	4.8	4
0.028	-102.4	4	-102.4	4	4.8
0.03	-102.4	4	-102.4	4	4
0.032	-102.4	4	-102.4	4	4
0.034	-102.4	4	-102.4	4	4
0.036	-102.4	4.8	-102.4	4.8	3.2
0.038	-102.4	4	-102.4	4	4
0.04	-102.4	4	-102.4	4.8	4
0.042	-102.4	4	-102.4	4.8	4
0.044	-102.4	4	-102.4	3.2	4
0.046	-102.4	4	-102.4	3.2	3.2
0.048	-102.4	4	-102.4	4	4.8
0.05	-102.4	4	-102.4	4	3.2
0.052	-102.4	4	-102.4	4.8	4
0.054	-102.4	4	-102.4	4	4
0.056	-102.4	4.8	-102.4	3.2	4
0.058	-102.4	5.6	-102.4	4	4
0.06	-102.4	4	-102.4	4.8	4
0.062	-102.4	4	-102.4	4.8	4
0.064	-102.4	4	-102.4	4	4.8
0.066	-102.4	4	-102.4	4	4
0.068	-102.4	4	-102.4	4	4
0.07	-102.4	4	-102.4	4	4
0.072	-102.4	4.8	-102.4	4	4
0.074	-102.4	4	-102.4	4	3.2
0.076	-102.4	4.8	-102.4	4	4
0.078	-102.4	4	-102.4	4	4
0.08	-102.4	4.8	-102.4	4.8	3.2
0.082	-102.4	4	-102.4	4	4
0.084	-102.4	4	-102.4	5.6	4.8
0.086	-102.4	4	-102.4	4	4.8
0.088	-102.4	4	-102.4	3.2	4.8
0.09	-102.4	4	-102.4	4	4
0.092	-102.4	4	-102.4	4	4
0.094	-102.4	4	-102.4	4.8	4
0.096	-102.4	3.2	-102.4	4	4
0.098	-102.4	4	-102.4	4	3.2
0.1	-102.4	4.8	-102.4	5.6	4
0.102	-102.4	4	-102.4	4	3.2
0.104	-102.4	4	-102.4	4.8	4
0.106	-102.4	4	-102.4	4	4
0.108	-102.4	4.8	-102.4	4	3.2
0.11	-102.4	4	-102.4	4	4
0.112	-102.4	4	-102.4	4	4
0.114	-102.4	4	-102.4	4.8	4
0.116	-102.4	4	-102.4	4	4
0.118	-102.4	4	-102.4	4	4
0.12	-102.4	4.8	-102.4	4	3.2
0.122	-102.4	4	-102.4	4.8	4.8
0.124	-102.4	4	-102.4	4	4.8
0.126	-102.4	4	-102.4	4.8	4
0.128	-102.4	4	-102.4	4.8	4.8
0.13	-102.4	4	-102.4	4	4
0.132	-102.4	4	-102.4	4	4
0.134	-102.4	4	-102.4	4.8	4
0.136	-102.4	4	-102.4	3.2	4
0.138	-102.4	4.8	-102.4	4	3.2
0.14	-102.4	4	-102.4	4	4
0.142	-102.4	4.8	-102.4	4	4
0.144	-102.4	4	-102.4	4.8	4.8
0.146	-102.4	4.8	-102.4	4	4
0.148	-102.4	3.2	-102.4	4	4
0.15	-102.4	4.8	-102.4	4.8	3.2
0.152	-102.4	4	-102.4	4.8	4
0.154	-102.4	4	-102.4	4	4
0.156	-102.4	4	-102.4	4.8	4
0.158	-102.4	4	-102.4	4	4
0.16	-102.4	4	-102.4	4	5.6
0.162	-102.4	4	-102.4	4	4
0.164	-102.4	4	-102.4	4	4.8
0.166	-102.4	4	-102.4	4	4
0.168	-102.4	4.8	-102.4	4	4
0.17	-102.4	4	-102.4	4	4.8
0.172	-102.4	4.8	-102.4	4	4
0.174	-102.4	4	-102.4	5.6	4
0.176	-102.4	4	-102.4	4	4
0.178	-102.4	4.8	-102.4	4	4
0.18	-102.4	4.8	-102.4	4	4
0.182	-102.4	4	-102.4	4	4
0.184	-102.4	4	-102.4	4	4.8
0.186	-102.4	4	-102.4	4.8	4
0.188	-102.4	4	-102.4	4	4
0.19	-102.4	4.8	-102.4	4.8	3.2
0.192	-102.4	4	-102.4	4	3.2
0.194	-102.4	4	-102.4	4.8	4
0.196	-102.4	4	-102.4	4	4
0.198	-102.4	4	-102.4	4	4
0.2	-102.4	4	-102.4	4.8	3.2
0.202	-102.4	4.8	-102.4	4	4.8
0.204	-102.4	4.8	-102.4	4	5.6
0.206	-102.4	4	-102.4	4	4
0.208	-102.4	4	-102.4	4	4
0.21	-102.4	4	-102.4	4.8	4
0.212	-102.4	5.6	-102.4	4	3.2
0.214	-102.4	4.8	-102.4	4.8	4
0.216	-102.4	4	-102.4	4	4
0.218	-102.4	4	-102.4	4	4
0.22	-102.4	4.8	-102.4	4.8	4
0.222	-102.4	4	-102.4	4.8	4
0.224	-102.4	4	-102.4	4	4
0.226	-102.4	4	-102.4	4	3.2
0.228	-102.4	4	-102.4	4	5.6
0.23	-102.4	4	-102.4	4	4.8
0.232	-102.4	4.8	-102.4	3.2	3.2
0.234	-102.4	4.8	-102.4	-102.4	4.8
0.236	-102.4	4.8	-102.4	-102.4	4
0.238	-102.4	4.8	-102.4	-102.4	4
0.24	-102.4	4	-102.4	-102.4	4
0.242	-102.4	4	-102.4	-102.4	4
0.244	-102.4	4	-102.4	-102.4	3.2
0.246	-102.4	4	-102.4	-102.4	4
0.248	-102.4	4	-102.4	-102.4	4
0.25	-102.4	4.8	-102.4	-102.4	4
0.252	-102.4	4	-102.4	-102.4	4
0.254	-102.4	4.8	-102.4	-102.4	4.8
0.256	-102.4	4	-102.4	-102.4	2.4
0.258	-102.4	4	-102.4	-102.4	4
0.26	-102.4	4	-102.4	-102.4	3.2
0.262	-102.4	4	-102.4	-102.4	4
0.264	-102.4	4.8	-102.4	-102.4	4
0.266	-102.4	4	-102.4	-102.4	4
0.268	-102.4	4	-102.4	-102.4	4.8
0.27	-102.4	4	-102.4	-102.4	4.8
0.272	-102.4	4.8	-102.4	-102.4	4
0.274	-102.4	4	-102.4	-102.4	4
0.276	-102.4	4	-102.4	-102.4	3.2
0.278	-102.4	4	-102.4	-102.4	3.2
0.28	-102.4	4	-102.4	-102.4	4
0.282	-102.4	4	-102.4	-102.4	4
0.284	-102.4	4	-102.4	-102.4	4
0.286	-102.4	4	-102.4	-102.4	4
0.288	-102.4	4.8	-102.4	-102.4	4
0.29	-102.4	4	-102.4	-102.4	4.8
0.292	-102.4	4	-102.4	-102.4	4.8
0.294	-102.4	4	-102.4	-102.4	4
0.296	-102.4	4	4	-102.4	4
0.298	-102.4	4.8	4	-102.4	4
0.3	-102.4	4	4	-102.4	4
0.302	-102.4	4	4	-102.4	4
0.304	-102.4	4.8	4	-102.4	4
0.306	-102.4	4.8	4	-102.4	4
0.308	-102.4	4	3.2	-102.4	4
0.31	-102.4	4.8	4	-102.4	4
0.312	-102.4	4	4.8	-102.4	4
0.314	-102.4	4	3.2	-102.4	3.2
0.316	-102.4	4	4	-102.4	4
0.318	-102.4	4	4.8	-102.4	4
0.32	-102.4	4	3.2	-102.4	4.8
0.322	-102.4	4	4	-102.4	4
0.324	-102.4	4	4	-102.4	4
0.326	-102.4	3.2	4	-102.4	4
0.328	-102.4	4	4	-102.4	4
0.33	-102.4	4	4.8	-102.4	3.2
0.332	-102.4	4	4.8	-102.4	4
0.334	-102.4	4.8	4	-102.4	4
0.336	-102.4	4	4	-102.4	3.2
0.338	-102.4	4.8	4	-102.4	4
0.34	-102.4	4	4	-102.4	4
0.342	-102.4	4.8	4	-102.4	4
0.344	-102.4	4	3.2	-102.4	3.2
0.346	-102.4	4	4	-102.4	2.4
0.348	-102.4	4.8	4	-102.4	3.2
0.35	-102.4	4	3.2	-102.4	4
0.352	-102.4	4.8	4	-102.4	4.8
0.354	-102.4	4.8	4	-102.4	4
0.356	-102.4	4	2.4	-102.4	4
0.358	-102.4	4	4	-102.4	4
0.36	-102.4	3.2	4	-102.4	4
0.362	-102.4	4	4	-102.4	4
0.364	-102.4	4	4.8	-102.4	3.2
0.366	-102.4	4.8	4	-102.4	3.2
0.368	-102.4	4	3.2	-102.4	4.8
0.37	-102.4	4.8	4	-102.4	3.2
0.372	-102.4	4.8	4	-102.4	3.2
0.374	-102.4	4.8	4	-102.4	4.8
0.376	-102.4	4	4	-102.4	4
0.378	-102.4	4	4	-102.4	4
0.38	-102.4	4.8	4.8	-102.4	4
0.382	-102.4	4	4	-102.4	3.2
0.384	-102.4	4	4	-102.4	3.2
0.386	-102.4	4.8	4	-102.4	3.2
0.388	-102.4	4.8	4	-102.4	4.8
0.39	-102.4	4	4	-102.4	4
0.392	-102.4	4	3.2	-102.4	4
0.394	-102.4	4	4.8	-102.4	4
0.396	-102.4	4	4.8	-102.4	4
0.398	-102.4	4.8	4	-102.4	3.2
0.4	-102.4	4	4	-102.4	4.8
0.402	-102.4	4.8	4	-102.4	4
0.404	-102.4	4	3.2	-102.4	4.8
0.406	-102.4	4.8	4	-102.4	3.2
0.408	-102.4	4	3.2	-102.4	4
0.41	-102.4	4	4	-102.4	5.6
0.412	-102.4	3.2	4	-102.4	4
0.414	-102.4	4	4	-102.4	4
0.416	-102.4	4	4.8	-102.4	5.6
0.418	-102.4	4	4.8	-102.4	4
0.42	-102.4	4	4	-102.4	4
0.422	-102.4	3.2	4.8	-102.4	4
0.424	-102.4	4	4.8	-102.4	4
0.426	-102.4	5.6	4	-102.4	4
0.428	-102.4	4	4.8	-102.4	2.4
0.43	-102.4	4.8	4	-102.4	4
0.432	-102.4	4	4.8	-102.4	4
0.434	-102.4	4.8	4	-102.4	4.8
0.436	-102.4	4.8	4	-102.4	3.2
0.438	-102.4	4	4	-102.4	4.8
0.44	-102.4	4.8	4.8	-102.4	3.2
0.442	-102.4	4	3.2	-102.4	4
0.444	-102.4	4	3.2	-102.4	4
0.446	-102.4	4	3.2	-102.4	4
0.448	-102.4	4	4.8	-102.4	4
0.45	-102.4	4.8	4.8	-102.4	4
0.452	-102.4	4	3.2	-102.4	4
0.454	-102.4	4	4	-102.4	4.8
0.456	-102.4	4	3.2	-102.4	4
0.458	-102.4	4	4	-102.4	4
0.46	-102.4	4.8	4	-102.4	4.8
0.462	-102.4	4.8	4	-102.4	4.8
0.464	-102.4	4	4	-102.4	4
0.466	-102.4	4	4.8	-102.4	4
0.468	-102.4	4	4	-102.4	4
0.47	-102.4	4.8	4	-102.4	4
0.472	-102.4	4	4.8	-102.4	4
0.474	-102.4	4.8	4	-102.4	4.8
0.476	-102.4	4	3.2	-102.4	4.8
0.478	-102.4	4	4.8	-102.4	4
0.48	-102.4	4	3.2	-102.4	4
0.482	-102.4	4	4	-102.4	4
0.484	-102.4	4	4	-102.4	4
0.486	-102.4	4	4	-102.4	3.2
0.488	-102.4	4	3.2	-102.4	4.8
0.49	3.2	4	4	-102.4	4.8
0.492	4	4.8	4	-102.4	4
0.494	4	4	4.8	-102.4	4
0.496	4	4.8	4.8	-102.4	3.2
0.498	3.2	4.8	4	-102.4	4
0.5	4	4	4	-102.4	4
0.502	4.8	4.8	3.2	-102.4	4
0.504	4	4.8	4.8	-102.4	4
0.506	3.2	4	4	-102.4	4.8
0.508	4	4	4	-102.4	4
0.51	4	4	4	-102.4	4
0.512	3.2	4	3.2	-102.4	4.8
0.514	4	4.8	4	-102.4	4
0.516	4	4.8	4	-102.4	4
0.518	3.2	4	3.2	-102.4	4
0.52	4	4.8	4	-102.4	4
0.522	4	4	4	-102.4	4
0.524	4	4	4	-102.4	4
0.526	3.2	3.2	4	-102.4	3.2
0.528	4	4	4	-102.4	4
0.53	4	4	4	-102.4	4.8
0.532	4	3.2	4	-102.4	4
0.534	4	4.8	4	-102.4	4.8
0.536	4	4	4	-102.4	4
0.538	4	4.8	4.8	-102.4	4
0.54	4	4.8	4	-102.4	3.2
0.542	4	4	4	-102.4	4
0.544	3.2	4	4	-102.4	4
0.546	4	4	4	-102.4	4.8
0.548	3.2	4.8	4	-102.4	4
0.55	4	4	4	-102.4	4
0.552	4	4	4	-102.4	4.8
0.554	4.8	4.8	4.8	-102.4	4
0.556	4	4.8	4	-102.4	4
0.558	4	4	4.8	-102.4	4
0.56	4	4	4	-102.4	4.8
0.562	4	4	3.2	-102.4	3.2
0.564	4.8	4.8	4	-102.4	4
0.566	3.2	4	4.8	-102.4	4
0.568	3.2	4	4	-102.4	4
0.57	4.8	4	4	-102.4	3.2
0.572	4	4.8	4	-102.4	4
0.574	4	3.2	4	-102.4	4
0.576	4	4	3.2	-102.4	4
0.578	4	4.8	3.2	-102.4	4.8
0.58	4	4	4.8	-102.4	4
0.582	4	4	4.8	-102.4	3.2
0.584	4.8	4.8	3.2	-102.4	4
0.586	4.8	4	4	-102.4	4.8
0.588	4	4	4.8	-102.4	4.8
0.59	3.2	4.8	3.2	-102.4	3.2
0.592	4	4	4	-102.4	4
0.594	4	3.2	4	-102.4	4
0.596	4	4	4.8	-102.4	4
0.598	4	4	4	-102.4	4
0.6	4	4	3.2	-102.4	4
0.602	3.2	4.8	4	-102.4	4
0.604	4	4.8	3.2	-102.4	4
0.606	4	4.8	4	-102.4	4
0.608	4	3.2	3.2	-102.4	4
0.61	4	4	4	-102.4	4
0.612	4	4.8	4.8	-102.4	4.8
0.614	4	4	4.8	-102.4	4
0.616	4	4.8	4.8	-102.4	4.8
0.618	4	4.8	4.8	-102.4	4
0.62	4	5.6	4	-102.4	4
0.622	4	4	4	-102.4	3.2
0.624	4	4	4	-102.4	4
0.626	4	4	4	-102.4	4
0.628	4	4.8	4	-102.4	3.2
0.63	4	4	3.2	-102.4	3.2
0.632	4	4.8	3.2	-102.4	3.2
0.634	4	4	4	-102.4	4
0.636	4	4	4	-102.4	4
0.638	3.2	4.8	3.2	-102.4	4
0.64	3.2	4.8	4	-102.4	4
0.642	3.2	4.8	4.8	-102.4	4
0.644	4	4	4	-102.4	3.2
0.646	4	4	3.2	-102.4	4
0.648	4	4	4	-102.4	4.8
0.65	4	4	3.2	-102.4	3.2
0.652	4	4	3.2	-102.4	4
0.654	4	4.8	3.2	-102.4	4
0.656	4	4	4	-102.4	4.8
0.658	4.8	4	3.2	-102.4	4
0.66	3.2	4	4	-102.4	4
0.662	4	4.8	4	-102.4	3.2
0.664	4	4	4	-102.4	4
0.666	4	3.2	4	-102.4	4
0.668	4	4.8	4	-102.4	4
0.67	4	4	4	-102.4	3.2
0.672	3.2	4.8	4	-102.4	3.2
0.674	3.2	4.8	3.2	-102.4	4
0.676	4	4	4	-102.4	4
0.678	4	4	4	-102.4	4
0.68	4	4	4.8	-102.4	4.8
0.682	4	4	4	-102.4	4
0.684	4	4	4	-102.4	3.2
0.686	4	4	4	-102.4	4
0.688	4	4	4	-102.4	4
0.69	4	4.8	3.2	-102.4	4.8
0.692	4	4	3.2	-102.4	4
0.694	4	4	4	-102.4	4
0.696	4	4.8	4	-102.4	4
0.698	4	4.8	4	-102.4	4
0.7	4	3.2	4	-102.4	4
0.702	4	4.8	4.8	-102.4	4
0.704	4	4	3.2	-102.4	4
0.706	4	4.8	4	-102.4	4
0.708	4	4.8	4	-102.4	4.8
0.71	4.8	4.8	4	-102.4	3.2
0.712	4	4.8	4	-102.4	4
0.714	4.8	4	4	-102.4	4
0.716	4	4.8	4	-102.4	5.6
0.718	3.2	4	4	-102.4	4
0.72	4	4.8	4	-102.4	4
0.722	4	4	3.2	-102.4	3.2
0.724	4	4.8	4	-102.4	4
0.726	4	4	4	-102.4	4
0.728	4.8	4	3.2	-102.4	4
0.73	4	4.8	4	-102.4	4
0.732	4	4.8	4	4	4
0.734	4	4.8	4	4.8	4
0.736	4	4	4	3.2	4
0.738	4	4	4.8	4	4
0.74	3.2	4	4	4	4
0.742	4	4	4	4.8	4
0.744	4.8	4	4	4	3.2
0.746	4.8	4.8	4	4	4.8
0.748	4	3.2	3.2	4.8	4
0.75	4.8	4	4	4	4
0.752	4	4	4	4	4
0.754	4	4	4	4	4
0.756	3.2	4	3.2	4	4
0.758	4	4	4	4.8	4
0.76	4	4	3.2	4	4
0.762	4	3.2	4	4	4
0.764	4	4.8	4	5.6	4
0.766	3.2	4	3.2	4	4
0.768	4	4	3.2	4	4
0.77	5.6	4	4	4	4
0.772	4	4.8	4	5.6	4
0.774	4	4	4	4	4
0.776	4	4.8	4	4	4
0.778	4	4	4	4	4
0.78	4	4	4	4	4
0.782	4	4	4	4	4
0.784	4	4	4	4	4.8
0.786	4	4	4.8	4	4
0.788	4	4	4	4	3.2
0.79	4	4.8	4	4.8	3.2
0.792	3.2	4	4	3.2	4
0.794	4	4.8	4	4	4
0.796	4	4	4.8	4	4.8
0.798	4	4.8	4	4	3.2
0.8	4	4.8	4	4	4
0.802	4	4	3.2	4.8	4
0.804	4	4.8	4	4	4.8
0.806	4	4	4	4	4.8
0.808	4	4.8	4	4.8	4
0.81	3.2	4	4	4	4
0.812	4	4	4	4	4.8
0.814	4	4	3.2	3.2	3.2
0.816	4	4	4	4	4
0.818	4	4.8	4	4	4
0.82	4	4.8	4	4	3.2
0.822	4	3.2	4.8	4	4
0.824	4	4	4	4	4
0.826	4	4	3.2	4.8	4
0.828	4.8	4	4	4	4
0.83	4	4	4.8	4	4
0.832	4	3.2	4.8	4	4
0.834	4	4.8	4.8	4.8	4.8
0.836	4	4	3.2	4	4
0.838	4	4.8	4	4	3.2
0.84	4	4	4.8	4	4.8
0.842	3.2	4	4	4.8	4
0.844	4	4	4	4.8	4
0.846	4	4.8	3.2	4.8	4.8
0.848	4	4	4	4	4
0.85	4	4.8	4	4	3.2
0.852	4.8	4	4.8	4.8	4
0.854	4	4	4	4	3.2
0.856	4	4	4	4	4
0.858	4	4	4	4.8	4
0.86	4.8	3.2	3.2	3.2	3.2
0.862	4	4.8	4.8	4.8	3.2
0.864	4	4	4.8	4	4
0.866	4	4	4	4	4
0.868	4	4	3.2	4	4
0.87	4	4.8	4	4	4
0.872	4	4	4	3.2	4
0.874	4	4	4	3.2	4
0.876	4	4	4	4	4
0.878	4	4.8	3.2	4	4
0.88	3.2	4	4	4	3.2
0.882	4	4	4	4	4
0.884	4	4	4	4	4
0.886	4	4.8	4.8	4	4
0.888	4.8	4	4	3.2	4
0.89	4	4	4	4.8	4
0.892	4	4	4	4	4
0.894	4	4.8	4	4	4
0.896	4	4	4	3.2	4
0.898	4.8	4.8	4	4	4
0.9	4	4	4	4	4
0.902	4	4	4	4	4
0.904	3.2	4.8	4	4	4
0.906	4.8	4	4.8	4.8	4
0.908	4	5.6	4	4.8	4
0.91	4	4.8	4	4.8	4
0.912	4	4.8	4	4.8	4
0.914	4	4	4	4	4
0.916	4	4	4.8	4	4.8
0.918	4	4	3.2	4	3.2
0.92	4	4	3.2	4	4
0.922	4.8	4.8	4	4	3.2
0.924	3.2	4	4	3.2	4
0.926	3.2	4	4	3.2	4
0.928	3.2	4.8	4.8	4.8	4
0.93	4	4.8	4	4	3.2
0.932	3.2	3.2	3.2	4	3.2
0.934	4	4	3.2	4	4
0.936	4.8	4	4	4	4
0.938	4	5.6	3.2	4	4
0.94	4.8	4	4	4	4
0.942	4	4	4	4	4.8
0.944	3.2	4	4	4	4
0.946	3.2	4	4	4	4
0.948	4	4	4.8	3.2	4
0.95	4	4	4	4	3.2
0.952	3.2	4.8	4	4	4
0.954	3.2	4.8	4	4	4
0.956	3.2	4.8	4	4	4
0.958	4	4	4	3.2	4
0.96	4	4.8	4	4	5.6
0.962	4	4	4	4	4.8
0.964	4	4	4	4	4
0.966	4	4	4	4.8	4.8
0.968	4	4.8	3.2	4	4
0.97	4	4.8	4	4	4
0.972	4	5.6	4	4	4
0.974	4	4.8	4	4	4
0.976	4.8	4	4	4	3.2
0.978	4	4	4.8	4	4
0.98	4	4.8	4.8	4	4.8
0.982	4	4	4	4.8	4
0.984	4	4	4	4	4
0.986	3.2	4	4	4.8	4
0.988	4	4	3.2	4	4
0.99	4	4	4	4	4
0.992	4.8	4.8	4	4	4
0.994	4	4.8	4	4	2.4
0.996	4	4	4	4.8	3.2
0.998	4	4	4.8	4	4
1	4	4	4	4	4.8
1.002	4	4	4	4	4
1.004	3.2	4	4	4	4
1.006	4	4	4	3.2	4
1.008	4	4	4	4	4
1.01	4	4.8	4	4	4
1.012	4	4.8	4	4	3.2
1.014	4	4	4	4	4
1.016	4	4	4	4	3.2
1.018	4	4	4	4	3.2
1.02	3.2	4.8	4	4	4
1.022	4	4	4	4	4
1.024	3.2	4	4	4	4
1.026	4.8	4	4.8	4	3.2
1.028	4	4.8	3.2	4.8	4
1.03	4	4	4	3.2	4
1.032	4	4	4.8	4	4
1.034	4	4.8	4	4	4
1.036	4	4	4.8	4	3.2
1.038	3.2	4	4	4.8	3.2
1.04	3.2	4	4	4	4
1.042	4	4.8	4.8	4	4
1.044	4.8	4.8	3.2	4	4
1.046	4	4	4	4	4
1.048	4	4	3.2	4	4
1.05	4	4	4.8	4	4
1.052	4	4.8	3.2	4	4.8
1.054	4	4	4	4.8	4
1.056	4	4.8	3.2	4	4
1.058	4	4	4	4	4.8
1.06	4	4	4	4	4
1.062	4	4	4	4	4
1.064	3.2	4.8	4	4	3.2
1.066	4	4	4	3.2	4.8
1.068	4	4	4	4	4
1.07	3.2	4.8	4.8	4.8	4.8
1.072	4	4	4.8	4	4
1.074	4	4.8	4	4	4.8
1.076	4	4	4	4	4.8
1.078	4	4	4	4	3.2
1.08	4	4	4.8	4.8	4
1.082	4	4.8	4	4.8	3.2
1.084	4	4	4	4	3.2
1.086	4	4	3.2	4	4
1.088	4	4	4	4	3.2
1.09	4	4.8	4	4	4
1.092	4	4	4	4.8	4.8
1.094	4	4	5.6	4	4.8
1.096	4.8	4	4.8	4	3.2
1.098	4	4	4	4	4
1.1	4	4	4	4	4.8
1.102	4	4.8	4.8	4	4
1.104	4	4	4	4	4
1.106	4	4	4	4.8	3.2
1.108	4	4	4	4.8	4
1.11	3.2	4	4	3.2	4
1.112	2.4	4.8	4	4.8	4
1.114	3.2	4	4	4	3.2
1.116	4	4	4	4	4.8
1.118	4	4	2.4	3.2	4
1.12	4	4	4	4	4
1.122	4	4	4.8	4	4
1.124	4	4.8	4	3.2	4
1.126	4	4.8	4	4	4
1.128	4.8	4.8	4	4	4
1.13	3.2	4.8	4	4	4
1.132	3.2	4	4	4	4
1.134	4	4	4	4.8	4
1.136	3.2	4	4	4	4
1.138	4	4	4	4	3.2
1.14	4.8	4	4	4	4
1.142	4	4	4	4	4
1.144	4	4.8	4	4	4
1.146	4	4	4	4	3.2
1.148	4	4	4.8	4	3.2
1.15	4	4	3.2	4	4.8
1.152	4	4	4	4	4
1.154	3.2	4.8	3.2	3.2	4
1.156	3.2	4.8	4	4.8	3.2
1.158	4	4.8	4	4	4
1.16	4.8	4	4.8	4	4.8
1.162	4	4.8	4	4	4
1.164	3.2	4	4	4.8	4
1.166	4	4	4	4	3.2
1.168	4	4	4	4.8	4.8
1.17	4.8	4	3.2	4	3.2
1.172	3.2	4	4	4	4.8
1.174	3.2	4	4.8	3.2	4
1.176	4	4.8	4.8	4	4
1.178	4	4.8	4	4	4
1.18	4	4	4.8	4	4
1.182	4	4	3.2	4	4
1.184	4	4.8	4	4	3.2
1.186	4	4.8	4	4	3.2
1.188	4	4	3.2	4	3.2
1.19	4	4	5.6	4	4
1.192	3.2	4	4	4	4.8
1.194	3.2	4.8	4	4	4.8
1.196	3.2	5.6	4	4	4
1.198	4	4	4	4	4
1.2	4	4	4.8	4	4.8
1.202	4	4	4	4	3.2
1.204	4	4.8	4	4	4
1.206	4	4.8	4	4	4
1.208	3.2	4.8	4	4	4
1.21	4.8	4	4	4	4
1.212	4	4	4	4	4
1.214	4	4	3.2	4	4
1.216	4	4.8	4	4	4
1.218	3.2	4	3.2	4	4
1.22	4	4.8	4	4	4
1.222	4	4	4	4	3.2
1.224	4	4	4.8	4	4
1.226	4	4	4	3.2	4
1.228	4	4.8	4	4	3.2
1.23	3.2	4	4	4.8	4
1.232	4	4	4	4	4
1.234	4	4	4	4	3.2
1.236	4	4.8	4	4	3.2
1.238	4	4	4.8	4	3.2
1.24	3.2	4	4	4	4
1.242	4	4	4	4	4
1.244	4	4	4.8	4	4
1.246	4	4.8	4	4	4
1.248	4.8	4	4	3.2	4
1.25	3.2	4	4.8	4	4
1.252	4	4	4.8	4	5.6
1.254	4	4	4	4	4
1.256	4	4	4	4	3.2
1.258	4	4	3.2	3.2	3.2
1.26	4.8	4	4	4	4
1.262	4	4	4	4.8	3.2
1.264	4	4	4.8	4	4.8
1.266	4	4	4	4.8	4
1.268	4	4	4	4	4
1.27	4	4	2.4	4	4
1.272	4	4	4	4	3.2
1.274	3.2	4.8	4	4	4
1.276	4	4.8	4	4	4
1.278	4	4	4	4	4.8
1.28	4	4.8	4.8	4	4
1.282	4	3.2	4	3.2	4
1.284	3.2	4	4	4	4
1.286	4	4	4	4	4
1.288	4	4.8	4	4	4
1.29	4	4	4	4	3.2
1.292	4	4.8	3.2	4.8	4
1.294	4	4	3.2	4	4
1.296	4	4	3.2	4.8	4
1.298	3.2	4.8	5.6	4	4
1.3	4	4	4.8	4	4
1.302	4	4.8	4	4	4
1.304	4	4	4	4	4
1.306	4	4	4	4	4
1.308	4	4.8	4.8	4	3.2
1.31	3.2	4	4	4	4
1.312	4	4.8	4	4	3.2
1.314	4	4	4	4	4.8
1.316	4	4	4	4	4
1.318	4.8	4	4	3.2	3.2
1.32	4.8	4.8	4.8	4	4
1.322	4	4	4	4	4.8
1.324	4	4.8	4	4	3.2
1.326	4	4.8	4.8	4	3.2
1.328	3.2	4	4	4	4
1.33	4	4	4	4.8	4
1.332	4	4	4	4	4
1.334	4	4.8	4	4.8	4
1.336	3.2	4	4.8	4	4
1.338	4	4.8	4	4	4
1.34	4	4	4	4	4
1.342	4	4	4	4	4.8
1.344	4	4	4	4	4.8
1.346	4	4	4	4	4
1.348	4	4	4	4	4
1.35	3.2	4	4	4	4
1.352	3.2	4	4.8	4	4
1.354	4.8	3.2	4	4	4
1.356	4.8	4	4	4	4
1.358	4	4.8	4.8	4	4
1.36	4	4	4	4	4
1.362	4	4.8	3.2	4	4
1.364	4	4	4	4	4
1.366	4	4.8	4	4	3.2
1.368	4	4	4	4	4
1.37	4	4.8	4	4	3.2
1.372	3.2	4	4	4.8	4
1.374	4	4.8	4	4.8	4
1.376	4	3.2	4	4.8	4.8
1.378	3.2	4.8	3.2	4	4
1.38	4	4	4.8	4	4
1.382	4	4	4	4	4
1.384	4	4	4	4.8	4
1.386	4	4.8	4	4	4
1.388	4	4	4.8	4	3.2
1.39	4	4.8	4	4	4
1.392	4	4.8	4	4	4
1.394	4	4.8	4	4	4
1.396	4	4.8	4	4	4
1.398	4	4	4.8	4	4
1.4	4	4	4	4	4
1.402	5.6	4	4.8	4	4
1.404	4	4.8	4	4	4
1.406	4.8	4	4	4.8	4
1.408	4	4.8	4	4	3.2
1.41	3.2	4	4	4	4
1.412	4	4	4.8	4	3.2
1.414	4	4.8	4.8	4	4.8
1.416	4	4.8	4	4	4
1.418	4	4	4	4	4
1.42	4	4	4	4	4
1.422	4	4.8	4.8	4	4
1.424	3.2	5.6	4	4	4
1.426	4	4.8	4	4.8	4.8
1.428	4	4	4.8	4	4
1.43	4	4	4	4	4
1.432	4	4.8	4	4	3.2
1.434	3.2	4.8	4	4	4
1.436	4	4	4	4.8	4
1.438	4	4	4	4	4.8
1.44	4	4.8	4	4.8	3.2
1.442	4	4	4	4	4
1.444	4	4	3.2	4	4
1.446	4	4.8	4	4	4.8
1.448	4	4	4.8	4.8	4
1.45	4	4	4	4	4
1.452	4.8	4.8	4.8	3.2	3.2
1.454	4	4.8	4	4	5.6
1.456	4	4	4.8	4	4
1.458	3.2	4	4	4.8	4
1.46	4	4	3.2	4	4
1.462	4	4	4	4	4.8
1.464	4.8	4.8	4	4	4
1.466	3.2	4	4	4	4
1.468	4	4	4	4	4.8
1.47	4	4.8	4	4	4
1.472	4	4	5.6	4.8	4
1.474	3.2	4	3.2	4	4
1.476	4	4.8	4.8	4	4.8
1.478	4	4	4	4	4.8
1.48	4	4.8	4	4	4
1.482	3.2	4	4	3.2	4.8
1.484	4	4	4	4	4
1.486	4	4.8	4	4	4
1.488	4	4	4	4	4.8
1.49	4	4	4.8	4.8	4
1.492	4	4	4	4	4
1.494	4	4	3.2	4	4
1.496	4	4	3.2	4	3.2
1.498	4	4.8	4.8	4	4
1.5	4	4	4	4	3.2
1.502	4	4.8	4	4	4
1.504	4	4	4	3.2	4
1.506	4	4.8	4	4	4
1.508	4	4	4.8	4.8	4
1.51	4	4	3.2	4	4
1.512	4	4	4	4	3.2
1.514	4	4	4	4.8	4
1.516	4	4	4	4	3.2
1.518	4	4	4	4.8	4.8
1.52	4	4	4	4	3.2
1.522	4	4.8	4	4	3.2
1.524	4	4	4	3.2	4.8
1.526	3.2	4	4.8	4	4.8
1.528	4	4	4.8	4	3.2
1.53	4	4	4	3.2	4
1.532	4	4.8	4	4.8	4
1.534	3.2	4	4	4	4
1.536	4	4	4	4	3.2
1.538	4	4	4.8	3.2	4
1.54	4	4	4	4.8	4
1.542	3.2	4	3.2	4	4
1.544	4	4	4	4.8	4
1.546	4	4	4	4.8	4
1.548	4	4.8	4	4	4
1.55	4	4	4	4	5.6
1.552	4	4.8	4	4	4
1.554	4	4	4	4	4
1.556	4.8	4	4	4	3.2
1.558	4	4	3.2	4	4
1.56	4	4.8	4	4	4.8
1.562	4	4.8	4	4	4
1.564	4	4	4	4	4.8
1.566	4	4	4	4	3.2
1.568	4	4	3.2	4	4
1.57	4	4	4	4	4
1.572	3.2	4	4	4	4.8
1.574	4	4	4	4.8	4.8
1.576	4	4	4	4.8	4
1.578	4	4	4.8	4	3.2
1.58	3.2	4.8	4	4	4
1.582	4	4	4	4.8	3.2
1.584	3.2	4.8	4	4	4
1.586	4	4	4	4	4
1.588	4	4	4	4	4
1.59	4.8	4	4	4	4
1.592	4	4	4.8	4	4
1.594	4	4.8	4.8	4.8	4
1.596	4	4	4.8	4.8	4
1.598	4.8	4	4	4.8	4
1.6	4.8	4	4	4	4
1.602	3.2	4.8	4	4	4
1.604	4	4.8	4.8	4	4
1.606	4	5.6	3.2	4.8	4
1.608	4	4	3.2	4	4
1.61	3.2	4.8	4	4	4
1.612	4	4	4	4	4
1.614	4	4	4.8	4.8	4
1.616	4	4	4	3.2	4
1.618	4	3.2	4	4	4
1.62	4	4	3.2	4	4
1.622	4	4.8	4	4	4.8
1.624	3.2	4.8	4	4	4
1.626	3.2	4	3.2	4	4
1.628	3.2	4	4	4	4
1.63	4.8	4.8	4	4	3.2
1.632	4	4.8	4.8	4	4
1.634	4	4	4	4	4
1.636	4	4	4	4	4
1.638	4	4	4	4	3.2
1.64	4	3.2	4	4	4
1.642	4	4	3.2	4	4
1.644	3.2	4.8	4	4.8	4
1.646	4	4	4.8	4	4
1.648	4	4	4.8	4	4
1.65	4	4	4	4	4.8
1.652	4	4	4	4	4.8
1.654	4	4.8	4	4	4.8
1.656	3.2	4	4	4	4
1.658	4	4	4	4	3.2
1.66	4	3.2	4.8	4	4
1.662	4	4.8	3.2	4	4
1.664	4	4.8	4	3.2	4
1.666	4.8	4	4	4	4
1.668	4	4	4	4	4
1.67	4	4	4.8	4	4
1.672	4	4.8	4	4	4
1.674	3.2	4	4.8	4	4
1.676	4	4	4	3.2	4
1.678	4.8	4	4	4	3.2
1.68	4	4.8	4.8	4.8	4
1.682	4	4.8	4.8	4	4
1.684	4	5.6	4	4	4
1.686	3.2	4.8	4	4.8	3.2
1.688	4	4.8	4	4	4
1.69	4	4	4	4.8	3.2
1.692	4	4.8	3.2	4	4
1.694	4	4	4	4.8	4
1.696	4	4	4	4	4
1.698	4.8	4	4	4	4
1.7	4	3.2	4.8	4	4
1.702	4	3.2	4	4	4
1.704	4	4.8	4	4	4
1.706	3.2	4	4	4	4
1.708	4	4	4.8	4	3.2
1.71	4	4	3.2	4	4.8
1.712	4	4	4	4.8	4
1.714	4	4.8	4	4	4
1.716	3.2	4.8	4	4	3.2
1.718	4	4.8	4.8	3.2	4
1.72	4	4	4	4	3.2
1.722	2.4	4	4	4	4
1.724	4.8	4	3.2	4	3.2
1.726	4	4.8	4.8	3.2	4.8
1.728	4	4	4	4	4
1.73	4	4.8	4	4	4
1.732	3.2	4.8	3.2	4	4
1.734	3.2	4	4	4.8	4
1.736	4	4	4	4.8	3.2
1.738	4	3.2	4.8	4	3.2
1.74	4	4	4	4	4
1.742	4	4	4	4.8	4
1.744	4	3.2	4	4.8	4.8
1.746	4	4	3.2	4	4.8
1.748	4	4.8	4	4.8	4
1.75	4.8	4.8	4	4	4
1.752	4	3.2	4	4.8	4
1.754	4	2.4	4.8	4	4
1.756	4	3.2	3.2	4.8	4
1.758	3.2	4	4	4	4
1.76	4.8	4	4.8	4	3.2
1.762	3.2	4	4	4.8	4
1.764	4	3.2	21.6	4	4.8
1.766	3.2	5.6	21.6	4	4
1.768	4	3.2	21.6	4	4.8
1.77	4	4.8	21.6	4	4
1.772	4	4	21.6	4	4
1.774	4	4	22.4	4	3.2
1.776	5.6	4	22.4	3.2	4.8
1.778	4.8	3.2	21.6	4	4
1.78	4.8	3.2	21.6	4	3.2
1.782	4	4	21.6	4	4
1.784	3.2	4	22.4	4	4
1.786	3.2	3.2	21.6	4	4.8
1.788	4	4	22.4	4	4
1.79	4	4	22.4	4	4
1.792	4	4.8	22.4	4	3.2
1.794	4	4	23.2	3.2	4
1.796	4	4	22.4	4	4
1.798	4	4	21.6	4	4
1.8	4	4.8	22.4	4.8	3.2
1.802	4	4	21.6	4	23.2
1.804	4	4.8	24	4	22.4
1.806	4	4	21.6	4	24
1.808	4	5.6	22.4	4	23.2
1.81	4	4.8	22.4	4	23.2
1.812	4	4	24	4	23.2
1.814	4	4	22.4	4	23.2
1.816	4	3.2	23.2	3.2	22.4
1.818	4	4	21.6	4	23.2
1.82	4	4	22.4	4	23.2
1.822	4	4	22.4	4	23.2
1.824	4	4	22.4	4	22.4
1.826	3.2	4	21.6	3.2	23.2
1.828	4	4	23.2	4	23.2
1.83	4	4.8	22.4	4	23.2
1.832	3.2	4.8	22.4	4	23.2
1.834	4	4	21.6	4	23.2
1.836	4	3.2	22.4	3.2	23.2
1.838	4	4.8	23.2	4.8	22.4
1.84	4	4	22.4	4	23.2
1.842	4	4	21.6	4.8	22.4
1.844	4.8	4	22.4	3.2	24
1.846	3.2	4	22.4	4	22.4
1.848	4	4.8	22.4	4	23.2
1.85	4	4	23.2	4	23.2
1.852	4	4.8	22.4	4	24
1.854	4	4	22.4	3.2	22.4
1.856	4	4.8	22.4	4	22.4
1.858	3.2	4	21.6	3.2	23.2
1.86	4	4	22.4	4	23.2
1.862	4	4.8	22.4	4	22.4
1.864	4	4.8	22.4	4	21.6
1.866	4	4	22.4	4	23.2
1.868	4	4	22.4	4	23.2
1.87	3.2	4	22.4	4	24
1.872	4	4	23.2	4	23.2
1.874	20.8	4.8	22.4	4	23.2
1.876	20.8	4	22.4	4	22.4
1.878	21.6	4	22.4	4	23.2
1.88	20.8	4	22.4	4	23.2
1.882	20.8	4	22.4	4.8	24
1.884	21.6	4.8	23.2	4	22.4
1.886	20.8	5.6	22.4	4	22.4
1.888	21.6	4	23.2	4	22.4
1.89	22.4	4.8	22.4	4.8	24
1.892	21.6	4	22.4	4	23.2
1.894	21.6	4	23.2	4	23.2
1.896	22.4	4	22.4	4	23.2
1.898	21.6	4.8	22.4	4	22.4
1.9	21.6	4.8	22.4	4.8	22.4
1.902	20.8	4	22.4	4	23.2
1.904	21.6	4.8	22.4	4	22.4
1.906	22.4	4	22.4	4.8	23.2
1.908	21.6	4	23.2	4	23.2
1.91	22.4	4	23.2	4	22.4
1.912	21.6	4	23.2	3.2	24
1.914	22.4	4	23.2	4	22.4
1.916	21.6	4.8	22.4	4	23.2
1.918	21.6	4	23.2	4	23.2
1.92	21.6	4.8	23.2	3.2	24
1.922	22.4	4.8	22.4	22.4	22.4
1.924	21.6	4.8	23.2	22.4	22.4
1.926	21.6	4.8	23.2	24	23.2
1.928	22.4	4	24	22.4	22.4
1.93	23.2	4	22.4	22.4	23.2
1.932	22.4	3.2	22.4	23.2	23.2
1.934	22.4	4.8	22.4	24	23.2
1.936	22.4	4	23.2	23.2	24
1.938	23.2	4	23.2	22.4	21.6
1.94	23.2	3.2	22.4	23.2	23.2
1.942	21.6	4	22.4	23.2	22.4
1.944	22.4	4	22.4	24.8	22.4
1.946	22.4	4.8	22.4	23.2	23.2
1.948	22.4	4	22.4	23.2	21.6
1.95	22.4	4	22.4	23.2	24
1.952	22.4	4	22.4	23.2	24
1.954	22.4	4	23.2	22.4	22.4
1.956	22.4	4	22.4	23.2	22.4
1.958	22.4	4.8	22.4	24	22.4
1.96	23.2	4	23.2	23.2	22.4
1.962	22.4	4.8	22.4	23.2	22.4
1.964	22.4	4	22.4	22.4	24
1.966	22.4	5.6	22.4	23.2	24
1.968	23.2	4.8	22.4	23.2	23.2
1.97	22.4	4.8	23.2	24	22.4
1.972	22.4	4.8	22.4	22.4	23.2
1.974	22.4	4	22.4	23.2	23.2
1.976	22.4	5.6	22.4	23.2	23.2
1.978	22.4	4	22.4	24	22.4
1.98	23.2	4.8	22.4	23.2	22.4
1.982	23.2	4	22.4	24	23.2
1.984	22.4	4.8	22.4	24	24
1.986	22.4	4	22.4	23.2	23.2
1.988	23.2	4.8	22.4	24	23.2
1.99	23.2	4	23.2	23.2	22.4
1.992	23.2	3.2	22.4	22.4	23.2
1.994	23.2	4	23.2	24	22.4
1.996	23.2	4	22.4	23.2	22.4
1.998	23.2	4	22.4	23.2	23.2
2	23.2	4	22.4	23.2	22.4
2.002	23.2	4.8	22.4	23.2	23.2
2.004	23.2	4	22.4	22.4	22.4
2.006	23.2	4	23.2	22.4	22.4
2.008	22.4	4	22.4	23.2	24
2.01	23.2	4.8	21.6	23.2	22.4
2.012	22.4	4.8	22.4	24	23.2
2.014	22.4	4.8	22.4	23.2	23.2
2.016	23.2	3.2	22.4	23.2	23.2
2.018	23.2	22.4	22.4	23.2	23.2
2.02	23.2	22.4	22.4	24	24
2.022	22.4	23.2	22.4	23.2	23.2
2.024	24	22.4	22.4	23.2	23.2
2.026	23.2	23.2	23.2	22.4	24
2.028	23.2	22.4	22.4	22.4	22.4
2.03	23.2	22.4	22.4	23.2	23.2
2.032	24	22.4	22.4	23.2	22.4
2.034	23.2	22.4	22.4	24	23.2
2.036	22.4	22.4	23.2	23.2	24
2.038	23.2	23.2	22.4	23.2	23.2
2.04	23.2	22.4	23.2	24	22.4
2.042	23.2	21.6	23.2	22.4	22.4
2.044	22.4	22.4	22.4	23.2	23.2
2.046	22.4	23.2	23.2	24	23.2
2.048	23.2	22.4	22.4	23.2	22.4
2.05	24	22.4	23.2	23.2	23.2
2.052	21.6	22.4	22.4	23.2	23.2
2.054	23.2	22.4	23.2	23.2	22.4
2.056	21.6	22.4	22.4	22.4	23.2
2.058	22.4	22.4	22.4	23.2	23.2
2.06	22.4	22.4	22.4	23.2	24
2.062	23.2	22.4	23.2	23.2	24
2.064	22.4	22.4	23.2	24	22.4
2.066	22.4	23.2	22.4	24	23.2
2.068	22.4	23.2	22.4	22.4	22.4
2.07	22.4	23.2	22.4	23.2	22.4
2.072	23.2	23.2	22.4	22.4	22.4
2.074	23.2	23.2	22.4	23.2	23.2
2.076	22.4	22.4	22.4	24	22.4
2.078	22.4	23.2	22.4	23.2	23.2
2.08	22.4	23.2	22.4	23.2	22.4
2.082	21.6	23.2	22.4	23.2	23.2
2.084	23.2	22.4	22.4	23.2	23.2
2.086	22.4	22.4	22.4	22.4	23.2
2.088	22.4	23.2	22.4	23.2	23.2
2.09	21.6	23.2	22.4	24	23.2
2.092	23.2	23.2	22.4	24	24
2.094	22.4	23.2	23.2	23.2	24
2.096	22.4	22.4	22.4	23.2	23.2
2.098	23.2	22.4	22.4	23.2	24
2.1	22.4	22.4	23.2	24	23.2
2.102	22.4	23.2	23.2	23.2	23.2
2.104	22.4	23.2	22.4	23.2	22.4
2.106	22.4	22.4	23.2	22.4	23.2
2.108	22.4	22.4	22.4	23.2	23.2
2.11	22.4	24	22.4	22.4	24
2.112	22.4	22.4	22.4	24	23.2
2.114	23.2	22.4	22.4	23.2	24
2.116	22.4	22.4	23.2	24	24
2.118	22.4	23.2	22.4	22.4	23.2
2.12	23.2	23.2	23.2	23.2	22.4
2.122	22.4	23.2	22.4	23.2	24
2.124	21.6	23.2	22.4	24	22.4
2.126	22.4	22.4	22.4	22.4	23.2
2.128	21.6	23.2	23.2	23.2	24
2.13	21.6	23.2	22.4	23.2	23.2
2.132	21.6	23.2	22.4	22.4	23.2
2.134	23.2	23.2	22.4	24	23.2
2.136	23.2	23.2	22.4	23.2	23.2
2.138	23.2	22.4	22.4	24	23.2
2.14	22.4	23.2	23.2	24	22.4
2.142	22.4	24	22.4	24	23.2
2.144	23.2	23.2	22.4	23.2	24
2.146	23.2	22.4	22.4	24	21.6
2.148	21.6	22.4	22.4	24	23.2
2.15	21.6	23.2	23.2	23.2	22.4
2.152	22.4	22.4	22.4	23.2	21.6
2.154	22.4	23.2	22.4	23.2	23.2
2.156	21.6	22.4	22.4	23.2	23.2
2.158	22.4	23.2	22.4	22.4	22.4
2.16	21.6	23.2	22.4	23.2	23.2
2.162	22.4	23.2	22.4	23.2	23.2
2.164	23.2	24	22.4	23.2	23.2
2.166	22.4	23.2	22.4	23.2	23.2
2.168	21.6	22.4	21.6	23.2	23.2
2.17	22.4	23.2	22.4	23.2	23.2
2.172	22.4	23.2	23.2	23.2	22.4
2.174	23.2	23.2	22.4	24	22.4
2.176	22.4	22.4	23.2	23.2	22.4
2.178	23.2	22.4	22.4	23.2	23.2
2.18	22.4	22.4	23.2	22.4	22.4
2.182	23.2	22.4	22.4	23.2	23.2
2.184	23.2	22.4	22.4	24	23.2
2.186	23.2	22.4	23.2	23.2	22.4
2.188	22.4	23.2	22.4	23.2	24
2.19	23.2	22.4	22.4	24	23.2
2.192	23.2	22.4	22.4	22.4	23.2
2.194	23.2	22.4	22.4	23.2	22.4
2.196	22.4	22.4	23.2	24	23.2
2.198	22.4	22.4	21.6	24	23.2
2.2	22.4	23.2	23.2	24	23.2
2.202	22.4	22.4	22.4	23.2	23.2
2.204	23.2	22.4	22.4	22.4	23.2
2.206	22.4	22.4	22.4	23.2	24
2.208	22.4	23.2	23.2	24	24
2.21	22.4	22.4	22.4	24	22.4
2.212	23.2	23.2	22.4	23.2	22.4
2.214	22.4	22.4	22.4	23.2	22.4
2.216	23.2	22.4	22.4	23.2	24
2.218	22.4	23.2	23.2	23.2	23.2
2.22	22.4	24	23.2	23.2	23.2
2.222	22.4	23.2	22.4	23.2	22.4
2.224	23.2	22.4	22.4	24	23.2
2.226	22.4	23.2	23.2	22.4	22.4
2.228	22.4	23.2	22.4	24	24
2.23	22.4	24	23.2	23.2	22.4
2.232	23.2	22.4	22.4	23.2	22.4
2.234	22.4	23.2	23.2	22.4	23.2
2.236	23.2	23.2	23.2	23.2	24
2.238	22.4	23.2	23.2	23.2	23.2
2.24	23.2	22.4	22.4	23.2	22.4
2.242	22.4	23.2	23.2	24	23.2
2.244	22.4	23.2	22.4	23.2	22.4
2.246	22.4	22.4	22.4	23.2	21.6
2.248	21.6	23.2	23.2	23.2	24
2.25	22.4	23.2	22.4	24	23.2
2.252	23.2	24	23.2	24	23.2
2.254	23.2	22.4	23.2	23.2	23.2
2.256	22.4	23.2	22.4	22.4	23.2
2.258	22.4	22.4	22.4	24	23.2
2.26	22.4	22.4	23.2	23.2	23.2
2.262	22.4	23.2	24	23.2	23.2
2.264	22.4	23.2	22.4	24	21.6
2.266	23.2	24	22.4	23.2	24
2.268	23.2	23.2	23.2	23.2	24
2.27	23.2	23.2	22.4	22.4	23.2
2.272	22.4	23.2	23.2	23.2	24
2.274	23.2	23.2	22.4	23.2	22.4
2.276	22.4	22.4	22.4	23.2	23.2
2.278	22.4	23.2	22.4	22.4	23.2
2.28	23.2	23.2	22.4	23.2	23.2
2.282	22.4	23.2	22.4	23.2	23.2
2.284	23.2	23.2	22.4	23.2	23.2
2.286	24	23.2	22.4	23.2	22.4
2.288	22.4	22.4	22.4	24	23.2
2.29	22.4	23.2	22.4	24	22.4
2.292	22.4	24	22.4	23.2	22.4
2.294	23.2	23.2	24	23.2	24
2.296	23.2	24	21.6	23.2	24
2.298	21.6	22.4	23.2	23.2	23.2
2.3	22.4	22.4	21.6	22.4	23.2
2.302	22.4	23.2	22.4	23.2	22.4
2.304	22.4	23.2	23.2	23.2	23.2
2.306	22.4	22.4	22.4	24	22.4
2.308	22.4	23.2	22.4	23.2	23.2
2.31	22.4	23.2	22.4	23.2	24
2.312	22.4	23.2	22.4	23.2	23.2
2.314	22.4	23.2	23.2	23.2	23.2
2.316	22.4	24	22.4	23.2	22.4
2.318	23.2	21.6	22.4	24	24
2.32	21.6	23.2	22.4	22.4	23.2
2.322	22.4	23.2	22.4	21.6	24
2.324	22.4	22.4	22.4	23.2	22.4
2.326	23.2	23.2	23.2	24	22.4
2.328	22.4	23.2	23.2	23.2	23.2
2.33	21.6	23.2	23.2	24	23.2
2.332	22.4	23.2	23.2	24	23.2
2.334	22.4	23.2	23.2	23.2	24
2.336	22.4	23.2	22.4	24	23.2
2.338	22.4	24	22.4	24	23.2
2.34	22.4	23.2	24	23.2	22.4
2.342	21.6	23.2	23.2	23.2	24
2.344	23.2	23.2	23.2	23.2	22.4
2.346	23.2	22.4	23.2	24	23.2
2.348	22.4	22.4	23.2	24	22.4
2.35	21.6	23.2	23.2	23.2	22.4
2.352	22.4	23.2	22.4	23.2	23.2
2.354	22.4	23.2	22.4	22.4	23.2
2.356	23.2	22.4	23.2	24	23.2
2.358	22.4	23.2	22.4	23.2	23.2
2.36	22.4	23.2	23.2	24	24
2.362	21.6	22.4	23.2	24	23.2
2.364	22.4	24	22.4	23.2	23.2
2.366	22.4	23.2	23.2	24	23.2
2.368	22.4	23.2	23.2	23.2	23.2
2.37	22.4	22.4	23.2	24	22.4
2.372	22.4	22.4	23.2	24	23.2
2.374	23.2	22.4	23.2	24	23.2
2.376	22.4	23.2	22.4	24	22.4
2.378	22.4	22.4	22.4	23.2	23.2
2.38	22.4	24	23.2	23.2	23.2
2.382	21.6	23.2	23.2	23.2	23.2
2.384	22.4	23.2	23.2	23.2	23.2
2.386	22.4	23.2	22.4	23.2	24
2.388	22.4	23.2	22.4	23.2	22.4
2.39	21.6	23.2	22.4	23.2	23.2
2.392	22.4	23.2	23.2	23.2	22.4
2.394	21.6	23.2	23.2	24	23.2
2.396	23.2	23.2	22.4	23.2	23.2
2.398	22.4	22.4	23.2	23.2	22.4
2.4	23.2	22.4	23.2	22.4	23.2
2.402	22.4	23.2	23.2	23.2	22.4
2.404	22.4	23.2	22.4	23.2	22.4
2.406	22.4	24	22.4	23.2	24
2.408	22.4	22.4	23.2	22.4	23.2
2.41	22.4	22.4	22.4	22.4	24
2.412	22.4	22.4	22.4	24	23.2
2.414	22.4	23.2	22.4	24	23.2
2.416	22.4	22.4	22.4	23.2	23.2
2.418	22.4	23.2	22.4	23.2	23.2
2.42	22.4	23.2	23.2	23.2	23.2
2.422	22.4	22.4	22.4	23.2	22.4
2.424	22.4	23.2	22.4	23.2	24
2.426	22.4	23.2	23.2	23.2	23.2
2.428	22.4	22.4	23.2	23.2	21.6
2.43	22.4	22.4	22.4	23.2	22.4
2.432	22.4	23.2	22.4	24	23.2
2.434	22.4	23.2	22.4	22.4	24
2.436	22.4	23.2	22.4	23.2	23.2
2.438	22.4	23.2	22.4	23.2	23.2
2.44	21.6	23.2	22.4	24	23.2
2.442	22.4	23.2	23.2	23.2	23.2
2.444	21.6	23.2	22.4	23.2	22.4
2.446	21.6	23.2	22.4	23.2	24
2.448	22.4	23.2	22.4	24	24
2.45	22.4	23.2	20.8	24	23.2
2.452	22.4	23.2	23.2	24	23.2
2.454	22.4	23.2	23.2	24	23.2
2.456	21.6	24	22.4	23.2	23.2
2.458	22.4	23.2	22.4	23.2	22.4
2.46	22.4	22.4	23.2	22.4	24
2.462	23.2	22.4	22.4	23.2	22.4
2.464	22.4	23.2	22.4	24	23.2
2.466	22.4	23.2	22.4	24	24
2.468	22.4	23.2	23.2	24	24
2.47	22.4	23.2	23.2	23.2	23.2
2.472	23.2	22.4	22.4	23.2	23.2
2.474	22.4	22.4	23.2	24	23.2
2.476	23.2	23.2	22.4	24	23.2
2.478	22.4	22.4	23.2	22.4	21.6
2.48	22.4	22.4	22.4	24	23.2
2.482	22.4	24	23.2	23.2	24
2.484	23.2	24	22.4	24	22.4
2.486	22.4	23.2	23.2	24	23.2
2.488	23.2	23.2	23.2	23.2	23.2
2.49	22.4	23.2	23.2	23.2	23.2
2.492	23.2	23.2	23.2	23.2	24
2.494	22.4	23.2	22.4	24	23.2
2.496	22.4	23.2	22.4	24	23.2
2.498	22.4	21.6	23.2	23.2	24
2.5	23.2	24	22.4	24	23.2
2.502	23.2	23.2	23.2	23.2	24
2.504	22.4	23.2	23.2	23.2	23.2
2.506	22.4	24	22.4	24	23.2
2.508	22.4	23.2	23.2	23.2	23.2
2.51	22.4	22.4	23.2	23.2	22.4
2.512	22.4	23.2	23.2	22.4	22.4
2.514	22.4	22.4	22.4	22.4	23.2
2.516	22.4	23.2	22.4	24	23.2
2.518	22.4	22.4	22.4	24	23.2
2.52	21.6	24	22.4	23.2	23.2
2.522	23.2	24	23.2	23.2	23.2
2.524	22.4	23.2	23.2	22.4	23.2
2.526	22.4	22.4	23.2	24	22.4
2.528	22.4	22.4	22.4	24	24
2.53	22.4	22.4	23.2	22.4	23.2
2.532	22.4	22.4	22.4	23.2	22.4
2.534	22.4	24	22.4	23.2	23.2
2.536	22.4	23.2	23.2	22.4	24
2.538	21.6	22.4	22.4	23.2	24
2.54	21.6	22.4	22.4	24	23.2
2.542	23.2	22.4	22.4	23.2	22.4
2.544	21.6	23.2	22.4	23.2	24
2.546	22.4	22.4	22.4	23.2	23.2
2.548	22.4	23.2	22.4	23.2	23.2
2.55	22.4	22.4	23.2	23.2	23.2
2.552	21.6	23.2	22.4	24	23.2
2.554	22.4	23.2	22.4	22.4	22.4
2.556	22.4	22.4	22.4	24	24
2.558	21.6	23.2	22.4	23.2	23.2
2.56	21.6	23.2	22.4	23.2	22.4
2.562	22.4	23.2	21.6	22.4	23.2
2.564	22.4	22.4	21.6	23.2	24
2.566	21.6	23.2	21.6	23.2	24
2.568	20.8	23.2	21.6	23.2	24
2.57	21.6	22.4	21.6	23.2	22.4
2.572	21.6	22.4	22.4	22.4	22.4
2.574	21.6	22.4	21.6	22.4	23.2
2.576	21.6	22.4	21.6	22.4	23.2
2.578	21.6	23.2	22.4	23.2	23.2
2.58	21.6	22.4	20.8	23.2	23.2
2.582	21.6	23.2	21.6	22.4	24
2.584	22.4	22.4	20.8	22.4	24
2.586	21.6	22.4	21.6	23.2	24
2.588	21.6	22.4	20.8	23.2	24
2.59	21.6	22.4	20	22.4	23.2
2.592	21.6	22.4	21.6	21.6	23.2
2.594	22.4	23.2	20.8	22.4	23.2
2.596	21.6	22.4	20.8	22.4	24
2.598	21.6	22.4	4	22.4	23.2
2.6	20.8	22.4	4	23.2	23.2
2.602	21.6	23.2	4	22.4	23.2
2.604	20.8	22.4	4	22.4	23.2
2.606	21.6	22.4	3.2	22.4	23.2
2.608	20.8	23.2	4	22.4	24
2.61	21.6	22.4	4	22.4	24
2.612	20.8	22.4	3.2	22.4	22.4
2.614	21.6	23.2	4	22.4	24
2.616	21.6	22.4	4.8	22.4	24
2.618	20.8	21.6	4	23.2	23.2
2.62	20.8	22.4	3.2	22.4	23.2
2.622	20	22.4	4	22.4	23.2
2.624	21.6	22.4	4	21.6	23.2
2.626	20.8	22.4	4	22.4	24
2.628	21.6	22.4	4	22.4	22.4
2.63	21.6	22.4	4	21.6	24
2.632	20.8	22.4	3.2	23.2	24
2.634	21.6	22.4	4	22.4	23.2
2.636	20.8	22.4	4	22.4	23.2
2.638	20	21.6	4	22.4	23.2
2.64	5.6	22.4	4	22.4	23.2
2.642	4.8	22.4	4.8	21.6	22.4
2.644	4.8	22.4	4	21.6	22.4
2.646	4	21.6	4	21.6	23.2
2.648	4	22.4	4	21.6	23.2
2.65	4	22.4	4	21.6	23.2
2.652	4.8	22.4	3.2	22.4	23.2
2.654	4	22.4	4.8	21.6	24
2.656	4.8	21.6	4	21.6	23.2
2.658	4	22.4	3.2	20.8	24
2.66	4	21.6	3.2	22.4	21.6
2.662	4	22.4	4.8	20.8	23.2
2.664	4	21.6	3.2	21.6	22.4
2.666	4.8	21.6	4	4	23.2
2.668	4	22.4	4	7.2	23.2
2.67	3.2	21.6	3.2	4	22.4
2.672	4	21.6	4.8	4	22.4
2.674	4	21.6	4.8	4	22.4
2.676	4	22.4	4	4	23.2
2.678	4	21.6	4	4	23.2
2.68	4	22.4	4	4	22.4
2.682	4	21.6	4.8	4	22.4
2.684	4	21.6	4	4	22.4
2.686	4	21.6	4	4	23.2
2.688	4	22.4	4	3.2	22.4
2.69	4	21.6	4	4	22.4
2.692	4	20.8	4	4	22.4
2.694	4	22.4	4.8	4	21.6
2.696	4	21.6	4	4	21.6
2.698	4	22.4	4	3.2	21.6
2.7	4	20.8	4	4.8	20.8
2.702	4	16.8	4	4	22.4
2.704	4	4	4	4	22.4
2.706	4	4	4	3.2	20.8
2.708	4	4	4.8	4	21.6
2.71	4	4.8	4	4	20.8
2.712	4	4.8	4.8	4	22.4
2.714	4	4	4	4.8	22.4
2.716	4	4	4	4	22.4
2.718	4.8	5.6	3.2	4	21.6
2.72	3.2	4	4	3.2	4
2.722	4	4	4	4	4
2.724	4	3.2	4	4	4
2.726	4.8	4	4	4	4.8
2.728	4	4	4	4	4
2.73	4	4.8	4	4.8	4
2.732	4	4	4	4	3.2
2.734	4	4	4	4	4.8
2.736	4	4	4.8	4	4.8
2.738	3.2	4	4	4	4.8
2.74	4	4.8	4	4	4
2.742	4	4	4	4	4
2.744	3.2	4	4	4	4
2.746	4	4.8	4.8	4	4
2.748	4	4.8	4	3.2	4
2.75	3.2	4	4.8	4	3.2
2.752	4	4.8	4	4	4.8
2.754	4	4	4	4	4.8
2.756	4	4.8	3.2	4	4.8
2.758	3.2	4.8	4.8	4	4
2.76	4	4	4	4	4
2.762	4	4	4	4	4
2.764	4	4	4	3.2	3.2
2.766	4	4	4	4.8	4
2.768	4	4	4.8	4	4
2.77	4	4.8	4	4	4
2.772	4	3.2	4	4	4
2.774	3.2	4.8	4	4	4
2.776	4	4	4.8	4.8	4
2.778	4	4	4	4	4
2.78	4	4.8	4.8	4	4.8
2.782	4	4.8	4	4	4.8
2.784	4	4.8	4	4	4
2.786	4	4	4	4.8	4
2.788	4.8	4	4	4	3.2
2.79	4	4.8	4	4	4
2.792	4	4	4	4	4
2.794	4	4.8	4	4.8	4
2.796	4	4	4	4	4
2.798	4	4	4	4.8	3.2
2.8	4	4	4.8	4	4
2.802	4	4.8	4	4	4
2.804	4	4	4	4	4
2.806	4.8	4	4	4	4.8
2.808	4	4	4.8	4.8	4
2.81	4	4.8	4	4	4
2.812	4	4	4	4	3.2
2.814	4	4.8	4	4	4
2.816	4	4	4	5.6	4
2.818	4	4	4.8	4	4
2.82	4	4	4	4	4
2.822	4	4	5.6	4	4
2.824	4	4	3.2	4	4
2.826	4	4	3.2	4	4.8
2.828	4	4.8	4	4	3.2
2.83	4	4	4	4	4
2.832	4	4	4	4	4
2.834	4	4.8	4.8	4	4
2.836	4	4	4	4	4
2.838	4.8	4	3.2	4.8	4.8
2.84	4	4	4	4.8	4
2.842	4	4	4	4	3.2
2.844	4	4.8	4.8	4	4
2.846	4	4	4	4	4.8
2.848	4	4	4.8	4	4
2.85	4	4.8	4.8	4	4
2.852	4	4.8	4	4	4.8
2.854	4	4	4	4	4
2.856	4	4	4	4	4
2.858	4	4	3.2	4	4.8
2.86	4	4	4	4.8	4
2.862	4	4.8	4.8	4.8	4.8
2.864	4	4.8	4	4	4
2.866	4	4	4	4	4
2.868	4	4	4	4	4
2.87	4	4	4	4	4
2.872	4	4	4	4	4
2.874	4	4.8	4	4.8	4
2.876	3.2	4	4	4.8	4.8
2.878	4	4	4.8	4	4
2.88	4.8	4.8	4	4.8	4
2.882	4	4.8	4.8	4	4.8
2.884	4	4	4	4	4
2.886	4	4.8	4.8	4	4.8
2.888	4	4	4	4	4
2.89	4	4	4	4	4
2.892	4.8	4	4.8	4	3.2
2.894	4	4.8	4	4	4.8
2.896	4.8	4.8	4	4	4
2.898	4	3.2	4	4.8	4
2.9	4	4	4	4	4
2.902	4	4	4	4	4.8
2.904	4	4.8	4	4	4
2.906	4	4	4	4	4
2.908	4	4.8	4.8	4	3.2
2.91	4	3.2	4	4	4
2.912	4	4	4.8	4.8	4
2.914	4	4	4.8	3.2	4.8
2.916	4	4.8	4.8	4.8	4
2.918	4.8	4	4	4	4
2.92	4	4	4.8	4	4
2.922	4.8	4.8	4	4	4
2.924	4	4.8	4	5.6	4
2.926	4	4.8	4	4	4.8
2.928	4	4.8	4	4	4.8
2.93	4.8	4	4	4	4
2.932	4	4	4	4.8	4
2.934	4	5.6	4	4	4.8
2.936	5.6	4	4.8	4	4
2.938	4	4	4	3.2	3.2
2.94	4	4	4	4	4
2.942	4.8	4	3.2	4	4.8
2.944	4	4.8	4	3.2	4.8
2.946	4.8	4	4	4.8	3.2
2.948	4	4	4	3.2	4
2.95	4	4.8	4	4	4
2.952	4	4.8	4	4	4
2.954	4	4	4	4.8	4
2.956	4	4	4	4	4
2.958	4	4	4	4	4
2.96	4	4.8	4	4	4
2.962	4	4	4	4	4
2.964	4.8	4	3.2	4.8	4.8
2.966	4	4	4	4	4
2.968	4	4.8	4	4	3.2
2.97	4	4	4	4	4
2.972	4	4	4	4	4
2.974	4.8	4	4	4	4.8
2.976	4.8	4.8	4	4.8	4
2.978	4	4	4	4	4
2.98	4	4	4.8	4	4
2.982	4	4	4.8	4	4
2.984	4	4.8	4.8	4.8	4
2.986	4	4	4.8	4	4
2.988	4	4	4	4.8	4
2.99	4	4	4	4	4
2.992	4	4	4	4.8	4
2.994	4.8	4	4	4	4
2.996	4	4	4	4	4
2.998	4	4	4	4	4
3	4	4	4	4	4
3.002	4	4	4	4	4
3.004	4	4	4	4	3.2
3.006	4.8	4	4.8	4	4
3.008	4	4	4	4	4
3.01	4	4	4	4	4.8
3.012	4	4	4	3.2	4
3.014	4	4.8	4	4	4
3.016	4	4	4	4	4
3.018	4	4	4	4	4
3.02	4	4	4	4	4
3.022	4	4	4	4.8	4
3.024	4	4	4	4	4.8
3.026	4	4.8	4	4	4.8
3.028	4	4	4	4	3.2
3.03	4	4	3.2	4	4
3.032	4	4	4	4	4
3.034	4	4	4	4.8	4.8
3.036	4	4	4	4.8	4
3.038	4	4	4	3.2	4.8
3.04	4	4	4	4	4
3.042	4	4	4	3.2	4
3.044	4	4	4	4	4
3.046	4.8	4	4	4.8	4
3.048	4	4	4.8	4	4
3.05	4	4	4.8	4	4.8
3.052	4	4	4	4	4
3.054	4	4	4	4	4.8
3.056	4.8	4	4	4	4
3.058	4	4	4.8	4	4.8
3.06	4.8	4	4	4	4
3.062	4.8	3.2	4	4	4
3.064	4.8	4.8	4	4	4
3.066	5.6	4	4	4	4.8
3.068	4	3.2	4.8	4	4
3.07	4	4	4	4	3.2
3.072	4	4	4	4	4
3.074	4.8	3.2	4	4	4
3.076	4	4	4.8	4	4
3.078	4	4	4	4	5.6
3.08	4	4	4	4	4
3.082	4.8	4.8	4.8	4	4
3.084	4	4	4.8	4	4
3.086	4	4	4	4	4
3.088	4.8	4	4.8	4.8	4
3.09	4	4	4.8	4	4
3.092	4	4	4.8	3.2	4
3.094	4	4	4	4	4
3.096	4.8	4	4.8	4	4
3.098	4	4.8	4	4	4
3.1	4	3.2	4.8	4.8	4.8
3.102	4	4	3.2	4.8	4.8
3.104	4	4.8	4	4	4.8
3.106	4	4	4	3.2	4
3.108	5.6	4.8	4	4	4
3.11	4	4	4	4.8	4.8
3.112	4	3.2	4.8	4.8	4
3.114	4	4	4	4	4
3.116	4.8	4	3.2	4	4
3.118	4	4	4	4.8	4
3.12	4	3.2	4.8	4	4
3.122	4	4	4	4	4
3.124	4	4	4	4	4.8
3.126	4	4	4	3.2	5.6
3.128	4	4	4	4	4
3.13	4	4.8	4	4	4.8
3.132	4	4	4	4	3.2
3.134	4	4.8	4	4	4.8
3.136	4.8	4	4	4	4.8
3.138	4	4	4	4.8	4.8
3.14	4	3.2	4	3.2	4
3.142	4	4	4	4	4.8
3.144	4	4	4.8	4	4
3.146	4.8	4	4	4	4
3.148	3.2	4	4	3.2	4.8
3.15	4	4	4	4.8	4
3.152	4	4	4	4.8	4
3.154	4	4	4	4.8	4
3.156	4.8	4	4	4	4
3.158	4	4	4	4	4.8
3.16	4	4	4	4	4.8
3.162	4.8	3.2	4	4	4
3.164	4	4	4.8	4	4
3.166	4	4.8	4	4	4
3.168	4	4	4.8	4	4.8
3.17	4	4	4	4	4.8
3.172	4	4	4	4.8	4.8
3.174	4	4	4	4	4
3.176	4.8	4	4	4	4
3.178	4.8	3.2	4.8	3.2	4
3.18	4	4	3.2	4	4.8
3.182	4	4	4	4	4
3.184	4.8	4.8	4	4	4
3.186	4	3.2	4.8	4.8	4
3.188	4.8	4	4.8	4	4
3.19	4	4	4	4	4
3.192	4	4	3.2	4	4
3.194	4	4	4	4	4
3.196	4	4.8	4.8	4	4
3.198	4.8	4	4.8	4	4
3.2	3.2	4	4.8	4	4
3.202	4	4	4.8	4.8	4.8
3.204	4.8	4	4.8	4	4
3.206	4	4	4	4	4.8
3.208	4	4.8	4.8	4	4
3.21	4	4	4	3.2	4
3.212	4	4	4	4	4.8
3.214	4	3.2	3.2	4	4
3.216	4.8	4	4.8	4	4
3.218	4	4	4.8	4	4
3.22	4	4	4	4	4
3.222	4	4	4	4	4
3.224	4	3.2	4	4.8	4
3.226	4	4	4	4	4
3.228	4	4	4.8	4	4
3.23	4	4	4.8	4	4
3.232	3.2	4	4	4	4
3.234	4	4	4	4.8	4
3.236	4	4	4	4	4
3.238	4	4	4	4	3.2
3.24	4	4	4	4	4
3.242	3.2	4	4.8	4.8	4
3.244	4.8	4	4	4	4
3.246	4	4	4.8	4	4
3.248	4	4	4.8	4	4
3.25	4	4.8	4	4	4.8
3.252	4	3.2	4	4	4.8
3.254	3.2	4	4.8	4.8	4.8
3.256	4	4	3.2	4	4.8
3.258	4.8	5.6	4	4	3.2
3.26	4	4	4.8	4.8	4
3.262	4	3.2	4	4	4
3.264	4	4	4	4	4
3.266	3.2	4	4	4	4.8
3.268	3.2	4.8	4	4	3.2
3.27	4	4	4.8	3.2	4
3.272	4.8	3.2	4	4	4
3.274	4	4	4	4	4
3.276	4	4.8	4	4.8	4
3.278	4	4.8	4	4	4
3.28	4	4	4.8	4	3.2
3.282	4.8	4	4	3.2	4
3.284	4	3.2	4	4.8	4
3.286	4	4	4	4	4
3.288	4	4	4	4	3.2
3.29	4	4	4	3.2	4
3.292	4	4	5.6	4	3.2
3.294	4	4	4.8	4	4
3.296	4	4	3.2	4.8	3.2
3.298	4	4	4	4	3.2
3.3	4	4.8	4	4	3.2
3.302	3.2	4	4	4	3.2
3.304	3.2	4.8	4	4	3.2
3.306	3.2	4	4.8	4.8	4
3.308	4.8	4	3.2	4	4
3.31	3.2	3.2	4	4.8	4
3.312	4	4	4	4	3.2
3.314	4	4	4	4	4
3.316	4.8	3.2	4.8	4	3.2
3.318	4	4	4.8	4	4
3.32	4	4	4	4	3.2
3.322	4	4.8	4.8	4	3.2
3.324	4	4	4	3.2	3.2
3.326	3.2	4	4.8	4	4
3.328	4	4	4.8	4	3.2
3.33	4	4	4	4	3.2
3.332	4	4	4	4	4
3.334	4	4	4	4.8	3.2
3.336	4	4	4	3.2	4
3.338	4.8	4.8	3.2	4.8	4
3.34	4	4	4	4	4
3.342	4	4	4	4	4
3.344	4	3.2	5.6	4	4
3.346	4	4	4.8	4	4
3.348	4.8	4	4	4	4
3.35	4.8	4	4	4	3.2
3.352	4	3.2	4.8	3.2	4
3.354	3.2	4	4	4	4
3.356	4	3.2	4	4.8	4
3.358	4	4	4	4	4
3.36	4	4.8	4	4	4
3.362	3.2	4	4	4	3.2
3.364	3.2	4	4	4	3.2
3.366	4.8	3.2	4	4	4
3.368	4	4	4	4	2.4
3.37	4	4	4	4	4
3.372	3.2	4	4	4	3.2
3.374	4	4	4.8	4	4
3.376	3.2	4	4	4	4
3.378	4	4.8	4.8	4	3.2
3.38	4	4	4.8	4	3.2
3.382	4	4	4	4	4
3.384	4	4.8	4	3.2	3.2
3.386	4	4	4	4	3.2
3.388	4	4	5.6	4	2.4
3.39	4	4	4	4	4
3.392	4	4	4	4	3.2
3.394	4	3.2	4	4	3.2
3.396	3.2	4	4.8	4	3.2
3.398	4	4.8	4.8	4	3.2
3.4	4	4	4.8	4	4
3.402	4	4	4.8	4	3.2
3.404	4	3.2	4.8	3.2	4
3.406	4	4	4	4	2.4
3.408	4	4	4	4	3.2
3.41	4	4	4	3.2	4
3.412	4	4	4.8	4	3.2
3.414	3.2	4	4	4	3.2
3.416	4	4	4	4	3.2
3.418	4	4.8	4	4	3.2
3.42	4	4	4	4	4
3.422	3.2	3.2	4	3.2	4
3.424	4.8	4	4	4	3.2
3.426	4	4.8	4	4	3.2
3.428	4	4	4	4	3.2
3.43	4	4	4.8	4	3.2
3.432	4	3.2	4.8	4	3.2
3.434	4	4	4	4	3.2
3.436	4	4	4	4	3.2
3.438	4	4	4	4	3.2
3.44	4	4	4	4.8	3.2
3.442	4.8	4	4	4	4
3.444	3.2	4	4.8	4	3.2
3.446	4	4	4	4	2.4
3.448	3.2	4	4	4.8	3.2
3.45	4	4	4	4	3.2
3.452	4	4.8	4.8	4	3.2
3.454	4	3.2	4	4	2.4
3.456	4	4	4.8	4	4
3.458	4	4	4	4.8	3.2
3.46	4	4	4	4	2.4
3.462	3.2	4	4	4	3.2
3.464	3.2	4	4.8	4	3.2
3.466	4	4	4	4	2.4
3.468	4	4	4.8	4	2.4
3.47	3.2	4	4	4	3.2
3.472	4	4	4	4	3.2
3.474	3.2	4	4	4	3.2
3.476	4	4	4.8	4	3.2
3.478	4	4	4	4	2.4
3.48	4	4	3.2	3.2	3.2
3.482	4	4	4	3.2	3.2
3.484	4	4	4	4	4
3.486	4	4.8	4	4	2.4
3.488	3.2	4	4	4	3.2
3.49	4	4	4	4	3.2
3.492	4	4	4	4	3.2
3.494	4	4.8	4	3.2	3.2
3.496	4	4	4	4	3.2
3.498	3.2	4.8	4	4	3.2
3.5	4	3.2	4	4	2.4
3.502	4	4	4	4	3.2
3.504	4	4	4	4	3.2
3.506	4	4.8	4.8	3.2	3.2
3.508	3.2	3.2	4.8	4	4
3.51	4	4	4	4	3.2
3.512	3.2	4	4	4	3.2
3.514	4.8	4	4	4	3.2
3.516	4	4	4.8	4	3.2
3.518	4	4	3.2	4	4
3.52	4	4	4	4.8	2.4
3.522	4	4	3.2	4	3.2
3.524	4	4.8	4	4	3.2
3.526	4	4	4	4	4
3.528	4	4	4.8	4	3.2
3.53	4	4	3.2	4.8	3.2
3.532	4	4	4.8	4.8	3.2
3.534	4	4	4	4	3.2
3.536	4	4	4	4	3.2
3.538	4	4	4	4	3.2
3.54	3.2	4	4	4.8	3.2
3.542	4.8	4	4	4	4
3.544	4	4	4	3.2	3.2
3.546	4	4	4.8	4	3.2
3.548	3.2	4	4	4	4
3.55	4	4	4	4	3.2
3.552	4	4	2.4	4	3.2
3.554	4	4.8	4	4.8	3.2
3.556	4	4.8	4	4	3.2
3.558	4	4	4.8	4	3.2
3.56	3.2	3.2	4	4.8	2.4
3.562	4	4	4	4	3.2
3.564	4	4	4	4.8	3.2
3.566	4	4	4	4	3.2
3.568	4	4	3.2	4	3.2
3.57	3.2	4	4.8	3.2	3.2
3.572	4	4	4	4	3.2
3.574	3.2	4	3.2	4	2.4
3.576	4	4.8	4	4	3.2
3.578	4	4.8	4	4	3.2
3.58	4	4	3.2	4	3.2
3.582	4	4	4	4	3.2
3.584	4	4	4.8	4.8	3.2
3.586	4	4	4	4	4
3.588	4.8	4	3.2	4	3.2
3.59	4	4	4	4	3.2
3.592	4	4.8	5.6	4.8	3.2
3.594	4	2.4	4	4	3.2
3.596	4.8	4	4	4	3.2
3.598	4	4	3.2	4	3.2
3.6	3.2	4	4	4	3.2
3.602	4	4	4	4	3.2
3.604	4	4.8	4.8	3.2	4
3.606	3.2	3.2	3.2	4	4
3.608	3.2	4.8	4	4	4
3.61	3.2	4	4	4	4
3.612	4	4	4	4	3.2
3.614	4	4	4	4	2.4
3.616	4	4.8	4	4	3.2
3.618	3.2	4	4	4	2.4
3.62	4	4	4	4	2.4
3.622	4	4	4	4	2.4
3.624	3.2	4	4	4	3.2
3.626	4	4	4	3.2	3.2
3.628	4	4	4	4	3.2
3.63	4	4	3.2	4	4
3.632	3.2	3.2	4	4.8	4
3.634	4	4.8	4.8	4	4
3.636	3.2	4	4.8	4	3.2
3.638	3.2	4	4	4	4
3.64	4	4	4.8	4	3.2
3.642	4	4	3.2	4	2.4
3.644	4	4.8	4.8	4	2.4
3.646	4	3.2	4.8	4	3.2
3.648	4	4	4	4	3.2
3.65	4.8	4	4	4	3.2
3.652	3.2	4	4.8	4	3.2
3.654	4	4	4	3.2	2.4
3.656	4	4.8	4	4	3.2
3.658	4	4	4	4	3.2
3.66	4	4	4	4	3.2
3.662	4	4	4	4	3.2
3.664	4	4	4	3.2	3.2
3.666	4	3.2	3.2	4	3.2
3.668	4	4	4	4.8	3.2
3.67	4	4	4	4.8	3.2
3.672	4	4.8	3.2	4	3.2
3.674	4	4	4	4	4
3.676	4	4	4	4.8	3.2
3.678	4	4	4.8	4	3.2
3.68	5.6	4	4	4	3.2
3.682	4	4	4.8	4	4
3.684	4	4	3.2	4	4
3.686	4	5.6	4	4	4
3.688	4	4	4	4.8	3.2
3.69	4	5.6	3.2	4.8	3.2
3.692	4	4.8	4	4	4
3.694	4	4	3.2	4	3.2
3.696	4	4	4	4	3.2
3.698	4	4.8	3.2	3.2	4
3.7	4	4	4	4	3.2
3.702	4	4.8	4.8	4	3.2
3.704	3.2	4.8	4	4	3.2
3.706	4	4.8	4	4	3.2
3.708	4	4	4	4	4
3.71	4	4	4	4	3.2
3.712	4.8	4	4	4.8	4
3.714	4	4	4	4	4
3.716	4	3.2	4	4	4
3.718	3.2	4	4	4	4
3.72	4	4	4.8	4	4
3.722	3.2	4	4	4	4
3.724	4.8	4	4	4	3.2
3.726	4	4	4	4	4
3.728	4	4	4	4	3.2
3.73	4	4.8	4.8	4	3.2
3.732	4	4	4	4.8	4
3.734	4.8	4	3.2	4	4
3.736	3.2	4.8	4	4	3.2
3.738	4	4	4	4	4
3.74	4	4.8	4.8	4	3.2
3.742	4	3.2	4	4	3.2
3.744	4	4	4	4	3.2
3.746	4	4	3.2	4	4
3.748	3.2	4	4	4	3.2
3.75	4	3.2	3.2	4	3.2
3.752	4	4	4.8	5.6	3.2
3.754	4	4	4	4	4
3.756	4	4	4	4.8	4
3.758	4	4.8	4	4	3.2
3.76	3.2	4	4	4	3.2
3.762	4	3.2	4	4.8	3.2
3.764	4	4	4	4	4
3.766	4	4.8	3.2	4	3.2
3.768	3.2	4.8	3.2	4	4
3.77	3.2	4	3.2	4	4
3.772	3.2	4	4	4.8	4
3.774	4	3.2	4.8	4	4
3.776	4.8	4	3.2	4	4
3.778	3.2	4	4	4	4
3.78	4	4	4	4.8	4
3.782	4	4	4	4	4
3.784	4	4	4	4	4
3.786	4	4	4.8	4	4
3.788	3.2	4	4	4	4
3.79	3.2	4	4	4	4
3.792	4	4	4	4	3.2
3.794	4	4	4	4	4
3.796	4.8	4	4	4.8	4
3.798	4	3.2	4	3.2	4
3.8	4	4	4.8	4	4
3.802	4	4	3.2	4	4
3.804	4	4	4	4	4
3.806	4	4.8	4	4	4
3.808	4	4	4	4	3.2
3.81	4	4	4	4	3.2
3.812	3.2	4	4	4.8	2.4
3.814	4	4	3.2	4	3.2
3.816	4	4	4	4	4
3.818	4	4	4	4	3.2
3.82	4	4	4	4	4
3.822	3.2	3.2	3.2	4	3.2
3.824	4	4.8	4.8	4	4
3.826	4	4	4	4	4
3.828	4	4	4	4	3.2
3.83	4	3.2	4.8	4	4
3.832	2.4	4	4	4	3.2
3.834	3.2	4	4	3.2	3.2
3.836	4	4.8	4	4	4
3.838	4	4	4.8	4.8	4
3.84	4	4	4	2.4	4
3.842	4	3.2	4	4	4
3.844	4	4	4	4	2.4
3.846	4	4	4.8	4	3.2
3.848	4	4	4	4	3.2
3.85	4	4	4	4	4
3.852	3.2	4	3.2	4	4
3.854	3.2	4.8	4	4	3.2
3.856	4	4	4	4	2.4
3.858	4	4.8	4	4	4
3.86	4	4	5.6	4	4
3.862	4	4.8	4	4	4.8
3.864	4	4	3.2	4	3.2
3.866	4	4	4	4	3.2
3.868	4	4	4	4	3.2
3.87	4	4.8	4	4	4
3.872	4	3.2	4	4	4
3.874	3.2	4	4.8	3.2	4
3.876	4	4	4	4	3.2
3.878	4	4	4	4	4
3.88	4	4	4	4	4
3.882	4	4	4	4	3.2
3.884	3.2	4	4	4	3.2
3.886	4	4	4	4	3.2
3.888	4	4	4	4.8	3.2
3.89	4	4.8	4.8	4	3.2
3.892	4	4	4	4.8	4
3.894	4	4.8	4	4	3.2
3.896	4	4	4	4	3.2
3.898	4	4	4	4.8	3.2
3.9	4	3.2	4	4	4
3.902	4	4.8	3.2	4	4
3.904	4	4	4	3.2	4
3.906	4	4	4	4.8	3.2
3.908	4	4	4	4	3.2
3.91	4	5.6	4	4	3.2
3.912	3.2	3.2	3.2	4	3.2
3.914	3.2	4	4	4	3.2
3.916	4	4	4	4	4
3.918	4.8	3.2	4	4	3.2
3.92	4	4	4	4	4
3.922	4	3.2	4	4.8	4
3.924	3.2	4.8	4	4	3.2
3.926	4	4	4	4	3.2
3.928	4	4	4	4.8	4
3.93	4	4	3.2	4	3.2
3.932	3.2	4	4	4	4
3.934	4	4.8	4.8	4.8	3.2
3.936	4	4	4	3.2	3.2
3.938	4	3.2	4	4	4
3.94	4	3.2	4	4	3.2
3.942	4	4	4.8	4	4
3.944	3.2	4.8	4	4	3.2
3.946	3.2	4	4	4	3.2
3.948	4.8	4.8	4	4.8	3.2
3.95	4	3.2	4	4.8	4
3.952	3.2	5.6	4	4.8	4
3.954	3.2	4	4	4	4
3.956	4	4.8	3.2	4	3.2
3.958	4.8	4	3.2	4	3.2
3.96	3.2	3.2	4	4	2.4
3.962	4	3.2	4	4	4
3.964	4	4.8	4.8	4.8	3.2
3.966	4	4	4	4	4
3.968	4	4	4.8	4	4
3.97	4	4	4	4	3.2
3.972	4	4	4	4	4
3.974	3.2	4	4	4	4
3.976	4.8	4	4	4	3.2
3.978	3.2	4	4	4	3.2
3.98	4	3.2	4	4.8	3.2
3.982	4	4	4	4	3.2
3.984	3.2	4.8	4	4.8	4
3.986	3.2	4	4	3.2	3.2
3.988	4	4.8	4	4	4
3.99	4	4	4	4	3.2
3.992	3.2	4	3.2	4	3.2
3.994	3.2	4	4	4.8	4
3.996	4	4	4	4	2.4
3.998	4	4.8	4	4	3.2
4	4	4	4	5.6	3.2
4.002	4	4	4.8	4.8	3.2
4.004	4	3.2	4	4	4
4.006	3.2	4	4	4	3.2
4.008	4.8	4	4	4	4
4.01	4	4	4.8	4	3.2
4.012	4	4	3.2	4	4
4.014	3.2	3.2	4	4	3.2
4.016	4	4.8	3.2	4	3.2
4.018	4	4	4.8	4	4
4.02	3.2	4	4.8	4.8	2.4
4.022	3.2	4	4	4	4.8
4.024	4	4	4	4	4
4.026	3.2	4	4	4.8	3.2
4.028	4	4.8	4.8	4	3.2
4.03	4	4.8	4	4	3.2
4.032	3.2	4	4	4	4
4.034	4	4	4	4	3.2
4.036	4	3.2	4	4	3.2
4.038	4	4.8	4	4.8	3.2
4.04	4	4.8	4	4	3.2
4.042	4	4	4.8	4	4
4.044	3.2	4	4	4.8	3.2
4.046	4	4	4	4	3.2
4.048	4	4	4.8	4	3.2
4.05	4	4	4	4	3.2
4.052	3.2	4	4	4.8	4
4.054	3.2	4	4	4.8	3.2
4.056	3.2	4	4	4	4
4.058	4	4	4	4	3.2
4.06	3.2	4	4	4.8	3.2
4.062	3.2	4	4.8	4	3.2
4.064	4	4.8	3.2	4	4
4.066	3.2	4	4	3.2	4
4.068	4	4	4	3.2	3.2
4.07	4	4	4	4	3.2
4.072	4	5.6	4.8	4	2.4
4.074	4	4	4	4	4
4.076	3.2	4	4	3.2	3.2
4.078	4	4	3.2	4	4
4.08	4	4	4	4	2.4
4.082	3.2	4	4	4.8	3.2
4.084	4	4	4	4	4
4.086	3.2	4	4	4	4
4.088	4	3.2	4	4.8	3.2
4.09	4.8	4	4	4.8	3.2
4.092	3.2	4	4	4.8	4
4.094	3.2	4.8	4.8	4	2.4
4.096	3.2	4	4.8	4	4
4.098	4	4	3.2	4	4
4.1	4	4	4	4.8	3.2
4.102	4	3.2	4	4	3.2
4.104	3.2	3.2	4.8	4	4
4.106	3.2	4	4	4	3.2
4.108	4	4	4	4	4
4.11	3.2	4	4	4	3.2
4.112	4	4	4	4	3.2
4.114	4	4	4	4	2.4
4.116	3.2	4	4.8	4	3.2
4.118	4	3.2	4.8	4	3.2
4.12	4	4	4	4	3.2
4.122	3.2	4	4	4	3.2
4.124	4	4.8	4	4.8	3.2
4.126	3.2	4	4.8	4	3.2
4.128	4	4	4	4	4
4.13	3.2	4	4	4	2.4
4.132	4	4	4	4	2.4
4.134	4	4	4	4	3.2
4.136	3.2	4	4	4.8	3.2
4.138	4	4	4.8	4	2.4
4.14	3.2	4	3.2	4	3.2
4.142	4	4	4	4	3.2
4.144	4	4	4	4	3.2
4.146	3.2	3.2	4	4	3.2
4.148	3.2	4	4	4	3.2
4.15	3.2	4	4.8	4.8	3.2
4.152	4	4	4	4.8	2.4
4.154	4	3.2	4	4	3.2
4.156	3.2	4	4	4	3.2
4.158	4	4	4	4	2.4
4.16	4	3.2	4.8	4.8	3.2
4.162	4	4	4	4	2.4
4.164	3.2	4.8	4.8	4.8	2.4
4.166	3.2	4	4	4	4
4.168	3.2	3.2	4.8	4	2.4
4.17	3.2	4	4	4	2.4
4.172	4	4	4	4	3.2
4.174	4	4	4	4	-102.4
4.176	3.2	4	4	4.8	-102.4
4.178	3.2	4	4.8	4	-102.4
4.18	3.2	4	4	4	-102.4
4.182	3.2	4.8	4	4	-102.4
4.184	4	4	4	4.8	-102.4
4.186	3.2	4	4	4	-102.4
4.188	3.2	3.2	4	4	-102.4
4.19	3.2	4	4	4	-102.4
4.192	3.2	4	4	4	-102.4
4.194	4.8	4	4	4	-102.4
4.196	4	4	3.2	4	-102.4
4.198	3.2	2.4	4	4	-102.4
4.2	3.2	4	4	4	-102.4
4.202	4	4.8	4	4	-102.4
4.204	4	4	4	4	-102.4
4.206	3.2	3.2	3.2	4	-102.4
4.208	3.2	4	4	4	-102.4
4.21	4	3.2	4	4	-102.4
4.212	3.2	4	3.2	4	-102.4
4.214	4	4	4.8	4	-102.4
4.216	4	4	4	3.2	-102.4
4.218	3.2	4	4	4	-102.4
4.22	3.2	4	4	3.2	-102.4
4.222	4	4	3.2	4.8	-102.4
4.224	3.2	5.6	4	4	-102.4
4.226	4	4	4	3.2	-102.4
4.228	4	3.2	4	4	-102.4
4.23	4	4	4	4	-102.4
4.232	4	4	4	4	-102.4
4.234	3.2	4.8	3.2	4.8	-102.4
4.236	4	3.2	4.8	4.8	-102.4
4.238	4	3.2	4	4	-102.4
4.24	3.2	4	4.8	4	-102.4
4.242	3.2	4	4.8	4	-102.4
4.244	3.2	4	4	4	-102.4
4.246	4	3.2	4	4.8	-102.4
4.248	4	4	4	4	-102.4
4.25	4	4	4	4	-102.4
4.252	3.2	4	4	4	-102.4
4.254	3.2	4	4	4	-102.4
4.256	4	4.8	3.2	4	-102.4
4.258	4	5.6	4.8	4	-102.4
4.26	3.2	4	4	4	-102.4
4.262	4	4	4.8	3.2	-102.4
4.264	4	4	4	4	-102.4
4.266	4	4	4	4	-102.4
4.268	3.2	4	4	4	-102.4
4.27	3.2	4	4.8	4.8	-102.4
4.272	3.2	4	4	4	-102.4
4.274	3.2	4	4	4	-102.4
4.276	4	4	4.8	4	-102.4
4.278	4	4	4.8	4	-102.4
4.28	4.8	4	4	4.8	-102.4
4.282	4	4	4	4	-102.4
4.284	4	4	4	4	-102.4
4.286	4	4	3.2	4	-102.4
4.288	4	4.8	3.2	4.8	-102.4
4.29	4	4	4	4	-102.4
4.292	4	4	4	5.6	-102.4
4.294	3.2	4	4	3.2	-102.4
4.296	3.2	3.2	4.8	4	-102.4
4.298	4	4.8	4	4	-102.4
4.3	4	3.2	4	4.8	-102.4
4.302	4	3.2	3.2	4	-102.4
4.304	3.2	4.8	4	4	-102.4
4.306	4	4	3.2	4.8	-102.4
4.308	4	4	4	4	-102.4
4.31	4	3.2	4	4	-102.4
4.312	4	3.2	4	4	-102.4
4.314	3.2	4	4	4	-102.4
4.316	3.2	4	4	4	-102.4
4.318	4	4.8	4.8	4.8	-102.4
4.32	3.2	4	4	4.8	-102.4
4.322	4	4	4	4	-102.4
4.324	4	4	3.2	4.8	-102.4
4.326	4	4	4	4	-102.4
4.328	4	5.6	4	4.8	-102.4
4.33	3.2	4.8	4	4	-102.4
4.332	3.2	3.2	3.2	4	-102.4
4.334	3.2	4.8	4.8	4	-102.4
4.336	4	4	4	4.8	-102.4
4.338	4	4	3.2	4.8	-102.4
4.34	4	3.2	4	4	-102.4
4.342	4	4	3.2	4	-102.4
4.344	3.2	4	4.8	4	-102.4
4.346	4	4	4	4	-102.4
4.348	3.2	3.2	4	4	-102.4
4.35	4	4.8	4	4	-102.4
4.352	3.2	4	4.8	4	-102.4
4.354	3.2	4	4	4	-102.4
4.356	4	3.2	4.8	4	-102.4
4.358	4	4.8	4	4	-102.4
4.36	4	4.8	4	4	-102.4
4.362	3.2	4	4	4.8	-102.4
4.364	3.2	4.8	4	4	-102.4
4.366	4	4	4	3.2	-102.4
4.368	4	4	4	4	-102.4
4.37	4	4.8	4	4	-102.4
4.372	3.2	3.2	4	4	-102.4
4.374	4	4	4	4	-102.4
4.376	3.2	4	4	4	-102.4
4.378	3.2	3.2	4.8	4	-102.4
4.38	4	4	4	4	-102.4
4.382	4	4	4.8	4.8	-102.4
4.384	3.2	4	4.8	4	-102.4
4.386	4	3.2	4.8	4	-102.4
4.388	3.2	4	4	4	-102.4
4.39	4	4	3.2	4	-102.4
4.392	3.2	4	4.8	4	-102.4
4.394	4	4	4	4.8	-102.4
4.396	3.2	4	4.8	4	-102.4
4.398	4	4.8	4	2.4	-102.4
4.4	4	3.2	3.2	4	-102.4
4.402	3.2	4	4	4	-102.4
4.404	3.2	4	4	4.8	-102.4
4.406	4	4	4	4.8	-102.4
4.408	4	3.2	4	4	-102.4
4.41	4	4	3.2	4	-102.4
4.412	4	4	4	4	-102.4
4.414	3.2	4	3.2	4	-102.4
4.416	3.2	2.4	4.8	4	-102.4
4.418	4	4	4	4	-102.4
4.42	4	4.8	4	4	-102.4
4.422	4	4	4	4	-102.4
4.424	3.2	3.2	4	4	-102.4
4.426	4	4	4	4.8	-102.4
4.428	3.2	3.2	4.8	4	-102.4
4.43	4	4	4.8	4	-102.4
4.432	4	3.2	4	4	-102.4
4.434	4	4	4	4	-102.4
4.436	4	4	4	4	-102.4
4.438	4	4	4.8	4	-102.4
4.44	3.2	4	4	4	-102.4
4.442	3.2	4	4	3.2	-102.4
4.444	3.2	4	4	4	-102.4
4.446	2.4	4	4.8	4.8	-102.4
4.448	4	4	4	4.8	-102.4
4.45	4	4	5.6	4.8	-102.4
4.452	4	4.8	4	4	-102.4
4.454	3.2	4	4	3.2	-102.4
4.456	3.2	4	4	4	-102.4
4.458	4	4	4.8	4	-102.4
4.46	4	3.2	4.8	5.6	-102.4
4.462	4	4	4	4	-102.4
4.464	3.2	4	4	4	-102.4
4.466	4	4	4	4	-102.4
4.468	4	4	4.8	4.8	-102.4
4.47	4	4	4.8	4	-102.4
4.472	4	4	4	4.8	-102.4
4.474	2.4	3.2	4	4.8	-102.4
4.476	4	3.2	4	4	-102.4
4.478	3.2	4	4	4	-102.4
4.48	4	4	4	4	-102.4
4.482	3.2	4.8	4.8	4	-102.4
4.484	3.2	4	4	4	-102.4
4.486	3.2	3.2	4	3.2	-102.4
4.488	3.2	4	4	4.8	-102.4
4.49	4	4	4	4.8	-102.4
4.492	4	3.2	4.8	4	-102.4
4.494	3.2	4	3.2	4	-102.4
4.496	3.2	4	3.2	4	-102.4
4.498	3.2	4	4	4	-102.4
4.5	4	3.2	4	4	-102.4
4.502	4	4.8	4	4	-102.4
4.504	4	4	4	4	-102.4
4.506	3.2	4	4	4	-102.4
4.508	3.2	4	3.2	4	-102.4
4.51	3.2	4	4	4.8	-102.4
4.512	3.2	-102.4	4	4	-102.4
4.514	4	-102.4	4	4	-102.4
4.516	4	-102.4	4	4	-102.4
4.518	4	-102.4	4	4	-102.4
4.52	3.2	-102.4	4	4	-102.4
4.522	4	-102.4	4	4	-102.4
4.524	4	-102.4	4	4	-102.4
4.526	4	-102.4	4.8	4	-102.4
4.528	4	-102.4	4	4	-102.4
4.53	4	-102.4	4	4	-102.4
4.532	3.2	-102.4	4	4.8	-102.4
4.534	3.2	-102.4	4.8	4.8	-102.4
4.536	3.2	-102.4	4.8	4	-102.4
4.538	4	-102.4	4	4.8	-102.4
4.54	3.2	-102.4	4	4	-102.4
4.542	4	-102.4	4	4	-102.4
4.544	3.2	-102.4	4.8	4.8	-102.4
4.546	3.2	-102.4	4.8	4	-102.4
4.548	3.2	-102.4	4	4.8	-102.4
4.55	4	-102.4	3.2	4	-102.4
4.552	3.2	-102.4	4	4	-102.4
4.554	3.2	-102.4	4	4	-102.4
4.556	4	-102.4	3.2	4	-102.4
4.558	3.2	-102.4	4	4	-102.4
4.56	4	-102.4	4	4	-102.4
4.562	3.2	-102.4	4	4	-102.4
4.564	4	-102.4	4	4	-102.4
4.566	3.2	-102.4	4	4	-102.4
4.568	3.2	-102.4	4	4	-102.4
4.57	4	-102.4	4	4	-102.4
4.572	4	-102.4	4	4	-102.4
4.574	4	-102.4	4	4	-102.4
4.576	3.2	-102.4	4	4	-102.4
4.578	3.2	-102.4	4	4.8	-102.4
4.58	4	-102.4	4	4	-102.4
4.582	4	-102.4	4	4	-102.4
4.584	4	-102.4	4.8	4.8	-102.4
4.586	3.2	-102.4	4	4.8	-102.4
4.588	4	-102.4	4.8	4	-102.4
4.59	3.2	-102.4	4	4	-102.4
4.592	3.2	-102.4	4	4	-102.4
4.594	4	-102.4	3.2	4	-102.4
4.596	4	-102.4	4	4	-102.4
4.598	3.2	-102.4	4	4.8	-102.4
4.6	4	-102.4	4	3.2	-102.4
4.602	4	-102.4	4	4	-102.4
4.604	4	-102.4	3.2	4	-102.4
4.606	3.2	-102.4	4	4	-102.4
4.608	3.2	-102.4	3.2	4	-102.4
4.61	3.2	-102.4	4	4	-102.4
4.612	3.2	-102.4	4	4	-102.4
4.614	3.2	-102.4	4	4	-102.4
4.616	4	-102.4	4	4	-102.4
4.618	3.2	-102.4	4	4	-102.4
4.62	3.2	-102.4	4	4	-102.4
4.622	4	-102.4	4	4	-102.4
4.624	3.2	-102.4	4	4	-102.4
4.626	4	-102.4	4	4	-102.4
4.628	3.2	-102.4	4	4.8	-102.4
4.63	3.2	-102.4	4	4.8	-102.4
4.632	4	-102.4	4.8	4.8	-102.4
4.634	4	-102.4	4.8	4	-102.4
4.636	4	-102.4	4	4.8	-102.4
4.638	4	-102.4	3.2	4	-102.4
4.64	4	-102.4	4.8	4	-102.4
4.642	3.2	-102.4	4	4.8	-102.4
4.644	3.2	-102.4	4	4	-102.4
4.646	3.2	-102.4	4.8	4	-102.4
4.648	4	-102.4	4	4	-102.4
4.65	3.2	-102.4	4	4	-102.4
4.652	3.2	-102.4	4	3.2	-102.4
4.654	4	-102.4	4	4.8	-102.4
4.656	4	-102.4	4	4	-102.4
4.658	3.2	-102.4	4	4	-102.4
4.66	3.2	-102.4	4	4	-102.4
4.662	3.2	-102.4	4	5.6	-102.4
4.664	4	-102.4	4	4.8	-102.4
4.666	4	-102.4	4	4.8	-102.4
4.668	4	-102.4	3.2	4	-102.4
4.67	4	-102.4	4	4.8	-102.4
4.672	4	-102.4	3.2	4	4
4.674	3.2	-102.4	4.8	4	4
4.676	4	-102.4	4	4	4
4.678	3.2	-102.4	4	4	4
4.68	3.2	-102.4	4	4.8	4.8
4.682	3.2	-102.4	4	4	4
4.684	4	-102.4	4	4.8	4
4.686	3.2	-102.4	4.8	4	3.2
4.688	4	-102.4	4	4	4
4.69	4	-102.4	4.8	4	4
4.692	3.2	-102.4	3.2	4.8	4
4.694	4	-102.4	4	4	4
4.696	4	-102.4	4	4	4
4.698	3.2	-102.4	4	3.2	4
4.7	3.2	-102.4	4	4	3.2
4.702	3.2	-102.4	4.8	4	4
4.704	3.2	-102.4	4	3.2	4
4.706	4	-102.4	3.2	4	4
4.708	3.2	-102.4	4.8	4	5.6
4.71	4	-102.4	4	4	4
4.712	2.4	-102.4	4	4	4
4.714	3.2	-102.4	4	4.8	3.2
4.716	3.2	-102.4	4	4	4.8
4.718	3.2	-102.4	4.8	4	4
4.72	2.4	-102.4	4.8	4	4.8
4.722	4	-102.4	4	4	4.8
4.724	4	-102.4	4	4	4
4.726	4	-102.4	4.8	4.8	3.2
4.728	4	-102.4	4	4.8	4
4.73	3.2	-102.4	4	4.8	3.2
4.732	3.2	-102.4	4	4.8	4.8
4.734	3.2	-102.4	4	4.8	4
4.736	4	-102.4	4	4.8	4.8
4.738	3.2	-102.4	4	4.8	3.2
4.74	4	-102.4	4	4.8	4.8
4.742	4	-102.4	4	4	4
4.744	3.2	-102.4	4.8	4	4
4.746	3.2	-102.4	4.8	4	3.2
4.748	4	-102.4	4	4.8	4
4.75	3.2	-102.4	4	4.8	4.8
4.752	4	-102.4	4	4	4
4.754	4	-102.4	4.8	4.8	4
4.756	3.2	-102.4	4	4	3.2
4.758	3.2	-102.4	4	4.8	4
4.76	3.2	-102.4	4	4	4
4.762	3.2	-102.4	4	4	4
4.764	3.2	-102.4	4	4	4
4.766	4	-102.4	4	4	4
4.768	3.2	-102.4	4	4	4
4.77	4	-102.4	4	4	4
4.772	4	-102.4	4	4.8	4
4.774	4	-102.4	4	4	4
4.776	3.2	-102.4	4	4	4.8
4.778	4	-102.4	4	4.8	4
4.78	3.2	-102.4	3.2	4.8	4
4.782	3.2	-102.4	4	4.8	4
4.784	3.2	-102.4	4	4	4
4.786	4	-102.4	4	4	4
4.788	3.2	-102.4	4	4.8	4
4.79	3.2	-102.4	4	4	3.2
4.792	3.2	-102.4	4	4	4
4.794	4	-102.4	4	4.8	4
4.796	4	-102.4	4	4	4
4.798	4	-102.4	4.8	4	4.8
4.8	3.2	-102.4	-102.4	4	4
4.802	2.4	-102.4	-102.4	4	4.8
4.804	2.4	-102.4	-102.4	4	3.2
4.806	4	-102.4	-102.4	4	4
4.808	3.2	-102.4	-102.4	4	4.8
4.81	3.2	-102.4	-102.4	4	4
4.812	3.2	-102.4	-102.4	4.8	4
4.814	3.2	-102.4	-102.4	4	3.2
4.816	4	-102.4	-102.4	4	4
4.818	4	-102.4	-102.4	4	4
4.82	3.2	-102.4	-102.4	4.8	4
4.822	2.4	-102.4	-102.4	4.8	4
4.824	3.2	-102.4	-102.4	4.8	3.2
4.826	2.4	-102.4	-102.4	4	4
4.828	2.4	-102.4	-102.4	5.6	3.2
4.83	2.4	-102.4	-102.4	4.8	4
4.832	1.6	-102.4	-102.4	4.8	4
4.834	3.2	-102.4	-102.4	4	4
4.836	4	-102.4	-102.4	4	4.8
4.838	4	-102.4	-102.4	3.2	4
4.84	4	-102.4	-102.4	4.8	4
4.842	3.2	-102.4	-102.4	4	4
4.844	3.2	-102.4	-102.4	4	4
4.846	4	-102.4	-102.4	4	4
4.848	3.2	-102.4	-102.4	4	4
4.85	3.2	-102.4	-102.4	4	4
4.852	3.2	-102.4	-102.4	4	4
4.854	3.2	-102.4	-102.4	4.8	4
4.856	4	-102.4	-102.4	4	4
4.858	3.2	-102.4	-102.4	4	4
4.86	4	-102.4	-102.4	4	4
4.862	4	-102.4	-102.4	4	4
4.864	3.2	-102.4	-102.4	4	4
4.866	4	-102.4	-102.4	4	3.2
4.868	3.2	-102.4	-102.4	4	4
4.87	3.2	-102.4	-102.4	4	4
4.872	2.4	-102.4	-102.4	4	4
4.874	4	-102.4	-102.4	4	4
4.876	4	-102.4	-102.4	4	4
4.878	4	-102.4	-102.4	4	4.8
4.88	4	-102.4	-102.4	4	4.8
4.882	3.2	-102.4	-102.4	4	4
4.884	3.2	-102.4	-102.4	4	4
4.886	3.2	-102.4	-102.4	4	4
4.888	4	-102.4	-102.4	4.8	4
4.89	3.2	-102.4	-102.4	4	4.8
4.892	3.2	-102.4	-102.4	4	4
4.894	2.4	-102.4	-102.4	4	4
4.896	3.2	-102.4	-102.4	4	4
4.898	3.2	-102.4	-102.4	4	4
4.9	3.2	-102.4	-102.4	4	4
4.902	2.4	-102.4	-102.4	4.8	3.2
4.904	4	-102.4	-102.4	4	4
4.906	4	-102.4	-102.4	4	4
4.908	3.2	-102.4	-102.4	4	4
4.91	4	-102.4	-102.4	4	4
4.912	3.2	-102.4	-102.4	4.8	4
4.914	3.2	-102.4	-102.4	4	4
4.916	3.2	-102.4	-102.4	3.2	4
4.918	4	-102.4	-102.4	4	4
4.92	3.2	-102.4	-102.4	4.8	4.8
4.922	3.2	-102.4	-102.4	4	4
4.924	3.2	-102.4	-102.4	4	4
4.926	4	-102.4	-102.4	4.8	4
4.928	2.4	-102.4	-102.4	4	4
4.93	3.2	-102.4	-102.4	3.2	4
4.932	3.2	-102.4	-102.4	4	4
4.934	3.2	-102.4	-102.4	4	4
4.936	3.2	-102.4	-102.4	4.8	4
4.938	3.2	-102.4	-102.4	5.6	3.2
4.94	4	-102.4	-102.4	4	4
4.942	3.2	-102.4	-102.4	4	4
4.944	4	-102.4	-102.4	4	4
4.946	3.2	-102.4	-102.4	4.8	4
4.948	3.2	-102.4	-102.4	4	4
4.95	4	-102.4	-102.4	4	4
4.952	3.2	-102.4	-102.4	4	3.2
4.954	3.2	-102.4	-102.4	4.8	4
4.956	3.2	-102.4	-102.4	4	3.2
4.958	4	-102.4	-102.4	4	4
4.96	3.2	-102.4	-102.4	4.8	4.8
4.962	3.2	-102.4	-102.4	4.8	4
4.964	3.2	-102.4	-102.4	4	4
4.966	3.2	-102.4	-102.4	4.8	4
4.968	3.2	-102.4	-102.4	4.8	4
4.97	3.2	-102.4	-102.4	4.8	4
4.972	4	-102.4	-102.4	4	4
4.974	4	-102.4	-102.4	4	4.8
4.976	3.2	-102.4	-102.4	4	3.2
4.978	3.2	-102.4	-102.4	4	4
4.98	3.2	-102.4	-102.4	4.8	4
4.982	3.2	-102.4	-102.4	3.2	4
4.984	3.2	-102.4	-102.4	4	4.8
4.986	3.2	-102.4	-102.4	4	3.2
4.988	3.2	-102.4	-102.4	4	4
4.99	3.2	-102.4	-102.4	4	4.8
4.992	4	-102.4	-102.4	4	4.8
4.994	3.2	-102.4	-102.4	4	4.8
4.996	-102.4	-102.4	-102.4	5.6	4
4.998	-102.4	-102.4	-102.4	4.8	3.2
