Time	1st	2nd	3rd	4th	5th
0	2.4	1.6	3.2	2.4	1.6
0.002	2.4	1.6	1.6	1.6	1.6
0.004	1.6	1.6	2.4	1.6	0.8
0.006	1.6	1.6	2.4	2.4	2.4
0.008	1.6	1.6	2.4	1.6	2.4
0.01	2.4	0.8	2.4	2.4	1.6
0.012	2.4	1.6	2.4	2.4	2.4
0.014	2.4	1.6	3.2	2.4	1.6
0.016	2.4	2.4	2.4	2.4	2.4
0.018	1.6	1.6	2.4	0.8	2.4
0.02	1.6	1.6	3.2	2.4	2.4
0.022	2.4	1.6	1.6	1.6	2.4
0.024	1.6	1.6	2.4	2.4	2.4
0.026	1.6	1.6	3.2	1.6	2.4
0.028	0.8	1.6	2.4	2.4	1.6
0.03	1.6	1.6	2.4	1.6	2.4
0.032	1.6	1.6	2.4	2.4	1.6
0.034	2.4	0.8	1.6	2.4	2.4
0.036	2.4	1.6	2.4	0.8	2.4
0.038	2.4	2.4	2.4	0.8	1.6
0.04	2.4	1.6	2.4	1.6	2.4
0.042	1.6	1.6	2.4	2.4	0.8
0.044	2.4	1.6	2.4	2.4	1.6
0.046	2.4	1.6	2.4	1.6	1.6
0.048	2.4	1.6	2.4	1.6	2.4
0.05	1.6	1.6	2.4	1.6	2.4
0.052	1.6	0.8	1.6	1.6	1.6
0.054	2.4	1.6	2.4	2.4	1.6
0.056	0.8	2.4	2.4	1.6	2.4
0.058	2.4	1.6	2.4	1.6	2.4
0.06	1.6	1.6	2.4	1.6	1.6
0.062	2.4	1.6	2.4	2.4	1.6
0.064	2.4	1.6	2.4	1.6	1.6
0.066	2.4	0.8	2.4	1.6	1.6
0.068	2.4	2.4	1.6	1.6	2.4
0.07	1.6	1.6	2.4	1.6	1.6
0.072	2.4	1.6	2.4	1.6	1.6
0.074	2.4	2.4	2.4	2.4	1.6
0.076	2.4	2.4	2.4	2.4	1.6
0.078	2.4	0.8	2.4	2.4	2.4
0.08	1.6	1.6	2.4	1.6	1.6
0.082	2.4	1.6	2.4	1.6	1.6
0.084	2.4	2.4	2.4	2.4	0.8
0.086	1.6	0.8	2.4	1.6	1.6
0.088	2.4	0.8	2.4	2.4	2.4
0.09	1.6	1.6	2.4	1.6	2.4
0.092	2.4	1.6	2.4	2.4	2.4
0.094	2.4	1.6	1.6	2.4	2.4
0.096	2.4	1.6	2.4	2.4	2.4
0.098	2.4	2.4	2.4	1.6	2.4
0.1	2.4	1.6	2.4	1.6	1.6
0.102	1.6	1.6	2.4	2.4	2.4
0.104	2.4	0.8	2.4	2.4	2.4
0.106	1.6	1.6	2.4	2.4	2.4
0.108	1.6	1.6	1.6	2.4	0.8
0.11	1.6	1.6	2.4	1.6	0.8
0.112	2.4	1.6	2.4	2.4	0.8
0.114	2.4	1.6	2.4	2.4	0.8
0.116	1.6	0.8	2.4	2.4	2.4
0.118	2.4	0.8	2.4	2.4	2.4
0.12	2.4	1.6	2.4	1.6	2.4
0.122	1.6	0.8	2.4	1.6	2.4
0.124	2.4	1.6	1.6	1.6	1.6
0.126	2.4	1.6	2.4	1.6	0.8
0.128	1.6	1.6	2.4	2.4	1.6
0.13	1.6	1.6	2.4	1.6	1.6
0.132	1.6	0.8	2.4	2.4	1.6
0.134	2.4	1.6	1.6	2.4	1.6
0.136	1.6	1.6	0.8	2.4	0.8
0.138	1.6	0.8	2.4	2.4	1.6
0.14	1.6	1.6	2.4	2.4	2.4
0.142	2.4	0.8	2.4	1.6	2.4
0.144	2.4	1.6	2.4	2.4	1.6
0.146	2.4	1.6	2.4	2.4	2.4
0.148	2.4	1.6	2.4	2.4	1.6
0.15	1.6	2.4	1.6	2.4	0.8
0.152	2.4	2.4	1.6	2.4	1.6
0.154	1.6	2.4	1.6	1.6	1.6
0.156	2.4	2.4	1.6	0.8	2.4
0.158	2.4	1.6	2.4	3.2	1.6
0.16	2.4	0.8	2.4	2.4	1.6
0.162	1.6	1.6	1.6	1.6	2.4
0.164	2.4	1.6	2.4	2.4	2.4
0.166	1.6	1.6	2.4	1.6	2.4
0.168	1.6	1.6	2.4	2.4	2.4
0.17	2.4	1.6	2.4	1.6	1.6
0.172	2.4	1.6	2.4	1.6	1.6
0.174	2.4	0.8	2.4	2.4	1.6
0.176	2.4	2.4	1.6	1.6	2.4
0.178	1.6	1.6	1.6	2.4	2.4
0.18	1.6	0.8	2.4	1.6	2.4
0.182	0.8	1.6	2.4	2.4	1.6
0.184	2.4	0.8	1.6	2.4	1.6
0.186	2.4	2.4	1.6	2.4	0.8
0.188	2.4	-102.4	2.4	2.4	2.4
0.19	2.4	-102.4	2.4	2.4	1.6
0.192	1.6	-102.4	2.4	1.6	1.6
0.194	1.6	-102.4	1.6	2.4	1.6
0.196	1.6	-102.4	2.4	2.4	1.6
0.198	2.4	-102.4	1.6	1.6	2.4
0.2	2.4	-102.4	1.6	2.4	2.4
0.202	1.6	-102.4	1.6	1.6	2.4
0.204	0.8	-102.4	2.4	1.6	2.4
0.206	2.4	-102.4	2.4	2.4	1.6
0.208	2.4	-102.4	1.6	1.6	1.6
0.21	1.6	-102.4	2.4	2.4	1.6
0.212	1.6	-102.4	2.4	2.4	2.4
0.214	1.6	-102.4	2.4	1.6	1.6
0.216	2.4	-102.4	2.4	2.4	2.4
0.218	2.4	-102.4	2.4	2.4	1.6
0.22	1.6	-102.4	2.4	2.4	2.4
0.222	1.6	-102.4	2.4	1.6	2.4
0.224	1.6	-102.4	2.4	2.4	2.4
0.226	1.6	-102.4	2.4	2.4	2.4
0.228	2.4	-102.4	2.4	0.8	1.6
0.23	1.6	-102.4	2.4	1.6	1.6
0.232	2.4	-102.4	2.4	1.6	2.4
0.234	2.4	-102.4	2.4	1.6	2.4
0.236	1.6	-102.4	2.4	2.4	2.4
0.238	1.6	-102.4	2.4	2.4	1.6
0.24	1.6	-102.4	2.4	1.6	1.6
0.242	2.4	-102.4	2.4	2.4	1.6
0.244	2.4	-102.4	2.4	2.4	2.4
0.246	2.4	-102.4	2.4	1.6	2.4
0.248	2.4	-102.4	2.4	1.6	1.6
0.25	1.6	-102.4	2.4	2.4	2.4
0.252	2.4	-102.4	2.4	2.4	2.4
0.254	2.4	-102.4	2.4	2.4	1.6
0.256	2.4	-102.4	2.4	1.6	1.6
0.258	1.6	-102.4	2.4	1.6	1.6
0.26	0.8	-102.4	2.4	1.6	1.6
0.262	1.6	-102.4	3.2	1.6	2.4
0.264	1.6	-102.4	2.4	0.8	2.4
0.266	2.4	-102.4	2.4	2.4	1.6
0.268	2.4	-102.4	2.4	2.4	2.4
0.27	2.4	-102.4	1.6	2.4	0.8
0.272	1.6	-102.4	2.4	1.6	1.6
0.274	1.6	-102.4	2.4	2.4	1.6
0.276	1.6	-102.4	1.6	1.6	1.6
0.278	2.4	-102.4	2.4	3.2	1.6
0.28	2.4	-102.4	2.4	1.6	2.4
0.282	2.4	-102.4	2.4	1.6	1.6
0.284	2.4	-102.4	2.4	2.4	1.6
0.286	2.4	-102.4	2.4	2.4	1.6
0.288	1.6	-102.4	1.6	0.8	1.6
0.29	0.8	-102.4	2.4	2.4	1.6
0.292	2.4	-102.4	1.6	2.4	1.6
0.294	2.4	-102.4	2.4	2.4	1.6
0.296	2.4	-102.4	2.4	2.4	1.6
0.298	1.6	-102.4	1.6	1.6	2.4
0.3	1.6	-102.4	2.4	1.6	1.6
0.302	0.8	-102.4	2.4	3.2	1.6
0.304	2.4	-102.4	1.6	2.4	2.4
0.306	2.4	-102.4	2.4	1.6	2.4
0.308	2.4	-102.4	2.4	2.4	1.6
0.31	2.4	-102.4	2.4	1.6	2.4
0.312	1.6	-102.4	2.4	1.6	1.6
0.314	1.6	-102.4	2.4	2.4	1.6
0.316	2.4	-102.4	3.2	1.6	1.6
0.318	1.6	-102.4	2.4	2.4	1.6
0.32	2.4	-102.4	2.4	2.4	2.4
0.322	2.4	-102.4	2.4	2.4	1.6
0.324	1.6	-102.4	2.4	2.4	1.6
0.326	1.6	-102.4	2.4	1.6	1.6
0.328	2.4	-102.4	2.4	1.6	2.4
0.33	2.4	-102.4	2.4	2.4	1.6
0.332	1.6	-102.4	2.4	1.6	2.4
0.334	1.6	-102.4	2.4	1.6	2.4
0.336	2.4	-102.4	2.4	1.6	0.8
0.338	1.6	-102.4	1.6	2.4	0.8
0.34	1.6	-102.4	2.4	1.6	3.2
0.342	1.6	-102.4	2.4	2.4	2.4
0.344	1.6	-102.4	1.6	1.6	1.6
0.346	2.4	-102.4	2.4	1.6	2.4
0.348	2.4	-102.4	2.4	1.6	1.6
0.35	2.4	-102.4	3.2	2.4	2.4
0.352	1.6	-102.4	2.4	2.4	1.6
0.354	1.6	-102.4	2.4	1.6	2.4
0.356	2.4	-102.4	1.6	1.6	2.4
0.358	1.6	-102.4	1.6	1.6	2.4
0.36	2.4	-102.4	3.2	2.4	1.6
0.362	2.4	-102.4	1.6	2.4	2.4
0.364	1.6	-102.4	1.6	1.6	1.6
0.366	2.4	-102.4	2.4	2.4	3.2
0.368	1.6	-102.4	2.4	2.4	2.4
0.37	2.4	-102.4	2.4	1.6	1.6
0.372	2.4	-102.4	3.2	1.6	2.4
0.374	2.4	-102.4	1.6	2.4	2.4
0.376	1.6	-102.4	2.4	2.4	0.8
0.378	1.6	-102.4	2.4	2.4	0.8
0.38	1.6	-102.4	1.6	2.4	2.4
0.382	2.4	-102.4	2.4	1.6	2.4
0.384	2.4	-102.4	2.4	2.4	1.6
0.386	1.6	-102.4	2.4	1.6	1.6
0.388	1.6	-102.4	2.4	1.6	1.6
0.39	2.4	-102.4	1.6	2.4	0.8
0.392	1.6	-102.4	2.4	2.4	1.6
0.394	2.4	-102.4	2.4	1.6	2.4
0.396	1.6	-102.4	2.4	1.6	1.6
0.398	2.4	-102.4	2.4	2.4	2.4
0.4	1.6	-102.4	2.4	2.4	2.4
0.402	1.6	-102.4	2.4	1.6	1.6
0.404	2.4	-102.4	2.4	1.6	2.4
0.406	-102.4	-102.4	2.4	3.2	1.6
0.408	-102.4	-102.4	2.4	1.6	1.6
0.41	-102.4	-102.4	2.4	2.4	1.6
0.412	-102.4	-102.4	1.6	2.4	2.4
0.414	-102.4	-102.4	2.4	2.4	2.4
0.416	-102.4	-102.4	1.6	2.4	1.6
0.418	-102.4	-102.4	2.4	1.6	1.6
0.42	-102.4	-102.4	1.6	1.6	2.4
0.422	-102.4	-102.4	2.4	1.6	1.6
0.424	-102.4	-102.4	2.4	2.4	2.4
0.426	-102.4	-102.4	2.4	2.4	1.6
0.428	-102.4	-102.4	2.4	1.6	2.4
0.43	-102.4	-102.4	2.4	2.4	2.4
0.432	-102.4	-102.4	2.4	2.4	2.4
0.434	-102.4	-102.4	2.4	1.6	2.4
0.436	-102.4	-102.4	2.4	1.6	1.6
0.438	-102.4	-102.4	2.4	1.6	1.6
0.44	-102.4	-102.4	2.4	2.4	1.6
0.442	-102.4	-102.4	2.4	1.6	2.4
0.444	-102.4	-102.4	2.4	2.4	2.4
0.446	-102.4	-102.4	2.4	1.6	2.4
0.448	-102.4	-102.4	1.6	1.6	2.4
0.45	-102.4	-102.4	1.6	1.6	1.6
0.452	-102.4	-102.4	2.4	2.4	1.6
0.454	-102.4	-102.4	2.4	2.4	1.6
0.456	-102.4	-102.4	2.4	1.6	2.4
0.458	-102.4	-102.4	1.6	0.8	2.4
0.46	-102.4	-102.4	1.6	3.2	3.2
0.462	-102.4	-102.4	2.4	2.4	2.4
0.464	-102.4	-102.4	2.4	2.4	2.4
0.466	-102.4	-102.4	2.4	1.6	1.6
0.468	-102.4	-102.4	2.4	1.6	2.4
0.47	-102.4	-102.4	2.4	0.8	2.4
0.472	-102.4	-102.4	2.4	2.4	0.8
0.474	-102.4	-102.4	2.4	2.4	1.6
0.476	-102.4	-102.4	1.6	2.4	2.4
0.478	-102.4	-102.4	2.4	0.8	0.8
0.48	-102.4	-102.4	1.6	2.4	2.4
0.482	-102.4	-102.4	2.4	2.4	1.6
0.484	-102.4	-102.4	2.4	2.4	2.4
0.486	-102.4	-102.4	2.4	2.4	1.6
0.488	-102.4	-102.4	2.4	2.4	1.6
0.49	-102.4	-102.4	1.6	1.6	2.4
0.492	-102.4	-102.4	2.4	1.6	1.6
0.494	-102.4	-102.4	2.4	1.6	2.4
0.496	-102.4	-102.4	2.4	1.6	2.4
0.498	-102.4	-102.4	1.6	1.6	2.4
0.5	-102.4	-102.4	2.4	2.4	1.6
0.502	-102.4	-102.4	3.2	2.4	1.6
0.504	-102.4	-102.4	2.4	1.6	1.6
0.506	-102.4	-102.4	2.4	2.4	2.4
0.508	-102.4	-102.4	1.6	1.6	2.4
0.51	-102.4	-102.4	2.4	2.4	2.4
0.512	-102.4	-102.4	2.4	2.4	1.6
0.514	-102.4	-102.4	1.6	2.4	2.4
0.516	-102.4	-102.4	1.6	2.4	2.4
0.518	-102.4	-102.4	2.4	1.6	2.4
0.52	-102.4	-102.4	2.4	1.6	1.6
0.522	-102.4	-102.4	2.4	1.6	1.6
0.524	-102.4	-102.4	2.4	2.4	2.4
0.526	-102.4	-102.4	1.6	3.2	0.8
0.528	-102.4	-102.4	2.4	2.4	2.4
0.53	-102.4	-102.4	2.4	2.4	1.6
0.532	-102.4	-102.4	1.6	2.4	2.4
0.534	-102.4	-102.4	1.6	2.4	1.6
0.536	-102.4	-102.4	2.4	2.4	1.6
0.538	-102.4	-102.4	1.6	2.4	1.6
0.54	-102.4	-102.4	2.4	2.4	2.4
0.542	-102.4	-102.4	3.2	1.6	2.4
0.544	-102.4	-102.4	2.4	1.6	1.6
0.546	-102.4	-102.4	0.8	1.6	1.6
0.548	-102.4	-102.4	2.4	1.6	1.6
0.55	-102.4	-102.4	2.4	4	1.6
0.552	-102.4	-102.4	2.4	3.2	2.4
0.554	-102.4	-102.4	2.4	4	1.6
0.556	-102.4	-102.4	1.6	1.6	1.6
0.558	-102.4	-102.4	1.6	2.4	2.4
0.56	-102.4	-102.4	2.4	2.4	1.6
0.562	-102.4	-102.4	2.4	0.8	3.2
0.564	-102.4	-102.4	2.4	2.4	1.6
0.566	-102.4	-102.4	2.4	2.4	1.6
0.568	-102.4	-102.4	2.4	2.4	2.4
0.57	-102.4	-102.4	3.2	1.6	1.6
0.572	-102.4	-102.4	3.2	2.4	1.6
0.574	-102.4	-102.4	2.4	2.4	1.6
0.576	-102.4	-102.4	2.4	2.4	2.4
0.578	-102.4	-102.4	1.6	2.4	1.6
0.58	-102.4	-102.4	2.4	1.6	1.6
0.582	-102.4	-102.4	2.4	1.6	2.4
0.584	-102.4	-102.4	2.4	2.4	2.4
0.586	-102.4	-102.4	3.2	2.4	2.4
0.588	-102.4	-102.4	2.4	3.2	1.6
0.59	-102.4	-102.4	2.4	2.4	2.4
0.592	-102.4	-102.4	2.4	0.8	2.4
0.594	-102.4	-102.4	1.6	1.6	1.6
0.596	-102.4	-102.4	2.4	2.4	1.6
0.598	-102.4	-102.4	2.4	2.4	2.4
0.6	-102.4	-102.4	1.6	2.4	2.4
0.602	-102.4	-102.4	2.4	1.6	1.6
0.604	-102.4	-102.4	2.4	2.4	1.6
0.606	-102.4	-102.4	2.4	2.4	2.4
0.608	-102.4	-102.4	2.4	2.4	1.6
0.61	-102.4	-102.4	2.4	1.6	1.6
0.612	-102.4	-102.4	3.2	2.4	1.6
0.614	-102.4	-102.4	2.4	1.6	2.4
0.616	-102.4	-102.4	2.4	2.4	2.4
0.618	-102.4	-102.4	2.4	3.2	2.4
0.62	-102.4	-102.4	2.4	1.6	1.6
0.622	-102.4	-102.4	1.6	2.4	2.4
0.624	-102.4	-102.4	2.4	1.6	1.6
0.626	-102.4	-102.4	2.4	1.6	1.6
0.628	-102.4	-102.4	2.4	1.6	2.4
0.63	-102.4	-102.4	1.6	2.4	2.4
0.632	-102.4	-102.4	2.4	1.6	2.4
0.634	-102.4	-102.4	2.4	1.6	1.6
0.636	-102.4	-102.4	2.4	1.6	2.4
0.638	-102.4	-102.4	2.4	2.4	2.4
0.64	-102.4	-102.4	2.4	3.2	1.6
0.642	-102.4	-102.4	2.4	1.6	2.4
0.644	-102.4	-102.4	2.4	1.6	1.6
0.646	-102.4	-102.4	2.4	1.6	2.4
0.648	-102.4	-102.4	2.4	1.6	2.4
0.65	-102.4	-102.4	1.6	2.4	2.4
0.652	-102.4	-102.4	2.4	1.6	2.4
0.654	-102.4	-102.4	1.6	0.8	2.4
0.656	-102.4	-102.4	2.4	1.6	2.4
0.658	-102.4	-102.4	2.4	1.6	2.4
0.66	-102.4	-102.4	3.2	3.2	1.6
0.662	-102.4	-102.4	1.6	2.4	1.6
0.664	-102.4	-102.4	2.4	1.6	1.6
0.666	-102.4	-102.4	2.4	2.4	2.4
0.668	-102.4	-102.4	3.2	2.4	1.6
0.67	-102.4	-102.4	1.6	2.4	1.6
0.672	-102.4	-102.4	2.4	1.6	1.6
0.674	-102.4	-102.4	2.4	2.4	1.6
0.676	-102.4	-102.4	2.4	2.4	2.4
0.678	-102.4	-102.4	2.4	1.6	2.4
0.68	-102.4	-102.4	1.6	1.6	1.6
0.682	-102.4	-102.4	2.4	1.6	1.6
0.684	-102.4	-102.4	1.6	1.6	2.4
0.686	-102.4	-102.4	1.6	2.4	2.4
0.688	-102.4	2.4	3.2	2.4	3.2
0.69	-102.4	2.4	2.4	1.6	2.4
0.692	-102.4	2.4	1.6	2.4	2.4
0.694	-102.4	2.4	2.4	2.4	1.6
0.696	-102.4	2.4	1.6	1.6	2.4
0.698	-102.4	1.6	0.8	2.4	2.4
0.7	-102.4	2.4	2.4	2.4	1.6
0.702	-102.4	1.6	2.4	1.6	1.6
0.704	-102.4	1.6	1.6	2.4	1.6
0.706	-102.4	2.4	2.4	1.6	1.6
0.708	-102.4	1.6	1.6	1.6	1.6
0.71	-102.4	1.6	2.4	1.6	2.4
0.712	-102.4	1.6	2.4	2.4	1.6
0.714	-102.4	2.4	2.4	2.4	2.4
0.716	-102.4	2.4	1.6	2.4	1.6
0.718	-102.4	2.4	1.6	1.6	1.6
0.72	-102.4	2.4	1.6	1.6	0.8
0.722	-102.4	2.4	2.4	2.4	2.4
0.724	-102.4	1.6	2.4	2.4	2.4
0.726	-102.4	2.4	2.4	2.4	2.4
0.728	-102.4	2.4	1.6	1.6	2.4
0.73	-102.4	1.6	1.6	2.4	1.6
0.732	-102.4	2.4	1.6	0.8	2.4
0.734	-102.4	1.6	2.4	2.4	0.8
0.736	-102.4	1.6	1.6	2.4	2.4
0.738	-102.4	1.6	1.6	2.4	2.4
0.74	-102.4	2.4	1.6	1.6	1.6
0.742	-102.4	1.6	2.4	1.6	0.8
0.744	-102.4	2.4	2.4	1.6	2.4
0.746	-102.4	2.4	1.6	1.6	2.4
0.748	-102.4	1.6	2.4	2.4	0.8
0.75	-102.4	2.4	2.4	0.8	2.4
0.752	-102.4	1.6	1.6	2.4	2.4
0.754	-102.4	2.4	2.4	1.6	1.6
0.756	-102.4	1.6	2.4	1.6	2.4
0.758	-102.4	1.6	2.4	1.6	2.4
0.76	-102.4	1.6	2.4	2.4	2.4
0.762	-102.4	2.4	2.4	1.6	1.6
0.764	-102.4	1.6	1.6	1.6	2.4
0.766	-102.4	2.4	2.4	1.6	1.6
0.768	-102.4	2.4	2.4	2.4	1.6
0.77	-102.4	2.4	1.6	2.4	1.6
0.772	-102.4	1.6	2.4	1.6	1.6
0.774	-102.4	1.6	2.4	2.4	3.2
0.776	-102.4	2.4	2.4	1.6	1.6
0.778	-102.4	2.4	2.4	1.6	2.4
0.78	-102.4	2.4	2.4	1.6	2.4
0.782	-102.4	2.4	1.6	2.4	2.4
0.784	-102.4	1.6	1.6	2.4	2.4
0.786	-102.4	2.4	1.6	2.4	1.6
0.788	-102.4	1.6	3.2	0.8	1.6
0.79	-102.4	1.6	0.8	2.4	1.6
0.792	-102.4	1.6	1.6	1.6	2.4
0.794	-102.4	2.4	2.4	2.4	1.6
0.796	-102.4	2.4	2.4	2.4	1.6
0.798	-102.4	2.4	2.4	2.4	2.4
0.8	-102.4	1.6	2.4	0.8	1.6
0.802	-102.4	2.4	1.6	2.4	2.4
0.804	-102.4	2.4	2.4	2.4	2.4
0.806	-102.4	1.6	2.4	3.2	2.4
0.808	-102.4	1.6	2.4	1.6	1.6
0.81	-102.4	1.6	2.4	2.4	2.4
0.812	-102.4	2.4	2.4	1.6	2.4
0.814	-102.4	2.4	1.6	1.6	1.6
0.816	-102.4	2.4	2.4	2.4	1.6
0.818	-102.4	2.4	2.4	1.6	2.4
0.82	-102.4	2.4	1.6	2.4	1.6
0.822	-102.4	2.4	2.4	2.4	1.6
0.824	-102.4	2.4	1.6	2.4	1.6
0.826	-102.4	0.8	2.4	1.6	2.4
0.828	-102.4	1.6	2.4	2.4	1.6
0.83	-102.4	2.4	2.4	1.6	1.6
0.832	-102.4	1.6	2.4	1.6	2.4
0.834	-102.4	2.4	2.4	2.4	1.6
0.836	-102.4	2.4	2.4	2.4	1.6
0.838	-102.4	2.4	1.6	2.4	1.6
0.84	-102.4	2.4	2.4	1.6	2.4
0.842	-102.4	2.4	2.4	1.6	2.4
0.844	-102.4	2.4	2.4	1.6	1.6
0.846	-102.4	2.4	1.6	2.4	2.4
0.848	-102.4	1.6	2.4	2.4	1.6
0.85	-102.4	2.4	2.4	2.4	1.6
0.852	-102.4	1.6	2.4	1.6	2.4
0.854	-102.4	2.4	2.4	1.6	2.4
0.856	-102.4	2.4	1.6	1.6	1.6
0.858	-102.4	2.4	2.4	3.2	1.6
0.86	-102.4	2.4	2.4	1.6	0.8
0.862	-102.4	2.4	2.4	2.4	2.4
0.864	-102.4	2.4	2.4	1.6	2.4
0.866	-102.4	2.4	2.4	2.4	1.6
0.868	-102.4	2.4	1.6	1.6	1.6
0.87	-102.4	2.4	2.4	2.4	1.6
0.872	-102.4	1.6	2.4	1.6	2.4
0.874	-102.4	2.4	2.4	2.4	2.4
0.876	-102.4	2.4	2.4	2.4	2.4
0.878	-102.4	2.4	1.6	2.4	2.4
0.88	-102.4	1.6	1.6	1.6	2.4
0.882	-102.4	2.4	2.4	2.4	2.4
0.884	-102.4	2.4	2.4	1.6	1.6
0.886	-102.4	1.6	2.4	1.6	2.4
0.888	-102.4	1.6	2.4	3.2	2.4
0.89	-102.4	1.6	2.4	1.6	1.6
0.892	-102.4	2.4	2.4	2.4	0.8
0.894	-102.4	1.6	2.4	1.6	1.6
0.896	-102.4	1.6	2.4	1.6	1.6
0.898	-102.4	1.6	2.4	1.6	2.4
0.9	-102.4	1.6	2.4	1.6	2.4
0.902	-102.4	1.6	2.4	2.4	0.8
0.904	-102.4	2.4	2.4	1.6	1.6
0.906	2.4	1.6	2.4	1.6	1.6
0.908	2.4	2.4	1.6	2.4	1.6
0.91	2.4	1.6	1.6	1.6	2.4
0.912	2.4	1.6	2.4	1.6	1.6
0.914	2.4	2.4	2.4	1.6	1.6
0.916	1.6	1.6	2.4	1.6	2.4
0.918	2.4	0.8	2.4	2.4	1.6
0.92	2.4	2.4	2.4	2.4	2.4
0.922	2.4	3.2	2.4	2.4	2.4
0.924	1.6	1.6	2.4	2.4	2.4
0.926	1.6	1.6	2.4	2.4	2.4
0.928	2.4	2.4	0.8	2.4	1.6
0.93	2.4	1.6	1.6	2.4	1.6
0.932	2.4	2.4	1.6	2.4	1.6
0.934	2.4	2.4	2.4	1.6	3.2
0.936	1.6	1.6	2.4	1.6	2.4
0.938	2.4	1.6	2.4	2.4	1.6
0.94	2.4	1.6	1.6	1.6	2.4
0.942	1.6	2.4	2.4	1.6	2.4
0.944	1.6	1.6	2.4	2.4	2.4
0.946	0.8	2.4	2.4	2.4	1.6
0.948	2.4	1.6	2.4	1.6	2.4
0.95	2.4	1.6	1.6	1.6	2.4
0.952	2.4	1.6	2.4	1.6	1.6
0.954	2.4	2.4	1.6	1.6	1.6
0.956	2.4	0.8	2.4	2.4	1.6
0.958	2.4	1.6	2.4	1.6	2.4
0.96	1.6	2.4	2.4	1.6	1.6
0.962	2.4	2.4	1.6	1.6	1.6
0.964	1.6	1.6	0.8	1.6	2.4
0.966	2.4	2.4	2.4	1.6	1.6
0.968	2.4	1.6	2.4	2.4	1.6
0.97	1.6	1.6	3.2	2.4	2.4
0.972	2.4	1.6	2.4	1.6	1.6
0.974	2.4	1.6	2.4	1.6	2.4
0.976	1.6	2.4	2.4	1.6	1.6
0.978	2.4	2.4	2.4	2.4	1.6
0.98	2.4	1.6	2.4	1.6	2.4
0.982	2.4	1.6	2.4	1.6	1.6
0.984	2.4	2.4	2.4	2.4	1.6
0.986	2.4	1.6	2.4	1.6	2.4
0.988	1.6	2.4	3.2	2.4	1.6
0.99	1.6	1.6	2.4	2.4	2.4
0.992	2.4	1.6	2.4	2.4	1.6
0.994	1.6	1.6	2.4	2.4	1.6
0.996	1.6	1.6	2.4	2.4	2.4
0.998	2.4	2.4	2.4	1.6	1.6
1	1.6	2.4	2.4	0.8	1.6
1.002	2.4	2.4	2.4	1.6	2.4
1.004	1.6	2.4	2.4	2.4	2.4
1.006	1.6	1.6	2.4	2.4	2.4
1.008	2.4	2.4	2.4	2.4	1.6
1.01	1.6	2.4	2.4	2.4	2.4
1.012	1.6	2.4	2.4	2.4	1.6
1.014	1.6	1.6	2.4	1.6	1.6
1.016	2.4	1.6	2.4	1.6	2.4
1.018	2.4	1.6	2.4	1.6	2.4
1.02	2.4	2.4	2.4	1.6	2.4
1.022	0.8	1.6	2.4	1.6	1.6
1.024	2.4	2.4	2.4	1.6	2.4
1.026	2.4	1.6	1.6	1.6	2.4
1.028	1.6	2.4	2.4	2.4	0.8
1.03	1.6	2.4	2.4	2.4	2.4
1.032	1.6	1.6	2.4	2.4	2.4
1.034	2.4	1.6	2.4	1.6	2.4
1.036	2.4	2.4	2.4	2.4	1.6
1.038	1.6	2.4	1.6	1.6	1.6
1.04	2.4	2.4	2.4	2.4	1.6
1.042	1.6	3.2	2.4	1.6	2.4
1.044	2.4	2.4	2.4	1.6	1.6
1.046	2.4	2.4	1.6	2.4	1.6
1.048	1.6	1.6	2.4	1.6	2.4
1.05	2.4	2.4	2.4	2.4	2.4
1.052	1.6	2.4	2.4	2.4	1.6
1.054	2.4	1.6	2.4	1.6	1.6
1.056	2.4	2.4	3.2	2.4	2.4
1.058	1.6	2.4	0.8	1.6	2.4
1.06	2.4	1.6	2.4	1.6	2.4
1.062	0.8	2.4	3.2	1.6	2.4
1.064	3.2	2.4	3.2	2.4	2.4
1.066	2.4	0.8	1.6	1.6	2.4
1.068	3.2	1.6	2.4	1.6	0.8
1.07	2.4	2.4	1.6	1.6	2.4
1.072	1.6	1.6	2.4	2.4	2.4
1.074	2.4	2.4	2.4	2.4	2.4
1.076	2.4	2.4	2.4	1.6	2.4
1.078	1.6	2.4	2.4	1.6	2.4
1.08	1.6	2.4	1.6	1.6	1.6
1.082	2.4	2.4	2.4	1.6	1.6
1.084	2.4	2.4	2.4	1.6	2.4
1.086	0.8	3.2	2.4	2.4	1.6
1.088	1.6	2.4	2.4	1.6	2.4
1.09	2.4	1.6	2.4	2.4	2.4
1.092	2.4	2.4	2.4	1.6	2.4
1.094	2.4	1.6	1.6	2.4	2.4
1.096	1.6	2.4	2.4	2.4	2.4
1.098	2.4	2.4	2.4	1.6	2.4
1.1	2.4	2.4	1.6	1.6	1.6
1.102	2.4	0.8	2.4	1.6	2.4
1.104	2.4	2.4	2.4	1.6	2.4
1.106	1.6	2.4	2.4	2.4	2.4
1.108	2.4	1.6	1.6	1.6	2.4
1.11	2.4	2.4	2.4	2.4	1.6
1.112	1.6	1.6	3.2	2.4	2.4
1.114	0.8	2.4	2.4	1.6	2.4
1.116	1.6	2.4	2.4	2.4	3.2
1.118	2.4	1.6	2.4	1.6	1.6
1.12	1.6	1.6	2.4	2.4	2.4
1.122	1.6	2.4	1.6	1.6	2.4
1.124	2.4	2.4	2.4	1.6	1.6
1.126	2.4	2.4	2.4	1.6	2.4
1.128	1.6	1.6	2.4	1.6	1.6
1.13	3.2	1.6	2.4	1.6	2.4
1.132	2.4	2.4	3.2	1.6	2.4
1.134	2.4	1.6	2.4	1.6	1.6
1.136	1.6	2.4	2.4	2.4	2.4
1.138	2.4	3.2	3.2	1.6	2.4
1.14	1.6	1.6	2.4	1.6	2.4
1.142	2.4	1.6	1.6	2.4	2.4
1.144	1.6	1.6	2.4	2.4	2.4
1.146	2.4	1.6	1.6	2.4	2.4
1.148	1.6	3.2	1.6	2.4	2.4
1.15	2.4	2.4	3.2	1.6	2.4
1.152	3.2	2.4	2.4	2.4	2.4
1.154	1.6	2.4	2.4	2.4	2.4
1.156	1.6	1.6	2.4	2.4	2.4
1.158	2.4	2.4	2.4	1.6	2.4
1.16	2.4	2.4	1.6	1.6	1.6
1.162	2.4	2.4	2.4	1.6	0.8
1.164	2.4	1.6	2.4	2.4	1.6
1.166	1.6	2.4	1.6	1.6	2.4
1.168	0.8	2.4	2.4	1.6	1.6
1.17	2.4	1.6	1.6	1.6	2.4
1.172	1.6	1.6	3.2	1.6	1.6
1.174	1.6	2.4	2.4	1.6	2.4
1.176	1.6	2.4	2.4	2.4	2.4
1.178	0.8	1.6	2.4	2.4	2.4
1.18	1.6	2.4	2.4	2.4	2.4
1.182	1.6	2.4	2.4	1.6	1.6
1.184	2.4	2.4	2.4	1.6	1.6
1.186	1.6	0.8	1.6	1.6	2.4
1.188	2.4	0.8	1.6	1.6	1.6
1.19	3.2	2.4	2.4	2.4	2.4
1.192	2.4	2.4	2.4	3.2	1.6
1.194	2.4	2.4	1.6	2.4	2.4
1.196	2.4	1.6	2.4	1.6	1.6
1.198	2.4	1.6	1.6	2.4	1.6
1.2	2.4	2.4	2.4	1.6	2.4
1.202	1.6	2.4	2.4	1.6	2.4
1.204	1.6	2.4	1.6	2.4	2.4
1.206	1.6	1.6	1.6	2.4	2.4
1.208	2.4	2.4	2.4	1.6	1.6
1.21	2.4	1.6	1.6	1.6	2.4
1.212	1.6	2.4	2.4	1.6	1.6
1.214	1.6	2.4	2.4	1.6	1.6
1.216	1.6	2.4	2.4	2.4	1.6
1.218	2.4	2.4	1.6	1.6	2.4
1.22	2.4	2.4	2.4	2.4	2.4
1.222	1.6	2.4	2.4	1.6	2.4
1.224	2.4	2.4	2.4	2.4	2.4
1.226	1.6	2.4	2.4	2.4	2.4
1.228	1.6	1.6	2.4	0.8	2.4
1.23	2.4	1.6	2.4	2.4	2.4
1.232	2.4	2.4	1.6	1.6	0.8
1.234	1.6	2.4	2.4	0.8	1.6
1.236	2.4	2.4	2.4	2.4	2.4
1.238	1.6	1.6	2.4	2.4	0.8
1.24	2.4	2.4	1.6	2.4	1.6
1.242	1.6	1.6	2.4	2.4	2.4
1.244	1.6	1.6	2.4	2.4	1.6
1.246	2.4	2.4	2.4	1.6	2.4
1.248	1.6	1.6	2.4	1.6	1.6
1.25	1.6	0.8	2.4	2.4	1.6
1.252	2.4	1.6	1.6	3.2	1.6
1.254	1.6	1.6	2.4	0.8	1.6
1.256	2.4	1.6	2.4	2.4	2.4
1.258	2.4	1.6	2.4	1.6	2.4
1.26	2.4	1.6	2.4	2.4	1.6
1.262	2.4	1.6	1.6	1.6	2.4
1.264	1.6	2.4	2.4	1.6	0.8
1.266	1.6	0.8	2.4	2.4	2.4
1.268	1.6	1.6	2.4	1.6	1.6
1.27	3.2	1.6	1.6	1.6	1.6
1.272	1.6	2.4	2.4	2.4	2.4
1.274	2.4	2.4	2.4	0.8	2.4
1.276	1.6	2.4	2.4	1.6	2.4
1.278	1.6	0.8	2.4	2.4	2.4
1.28	2.4	0.8	1.6	1.6	1.6
1.282	1.6	2.4	2.4	2.4	1.6
1.284	2.4	2.4	0.8	1.6	1.6
1.286	2.4	2.4	1.6	2.4	1.6
1.288	2.4	1.6	2.4	2.4	1.6
1.29	2.4	2.4	2.4	2.4	1.6
1.292	2.4	1.6	2.4	2.4	1.6
1.294	2.4	1.6	2.4	1.6	1.6
1.296	2.4	1.6	2.4	2.4	2.4
1.298	2.4	1.6	1.6	2.4	1.6
1.3	1.6	2.4	2.4	0.8	2.4
1.302	2.4	2.4	2.4	3.2	1.6
1.304	3.2	1.6	2.4	2.4	1.6
1.306	2.4	1.6	1.6	2.4	2.4
1.308	0.8	2.4	2.4	1.6	1.6
1.31	1.6	2.4	2.4	2.4	2.4
1.312	1.6	2.4	1.6	2.4	3.2
1.314	2.4	0.8	2.4	1.6	2.4
1.316	2.4	2.4	2.4	1.6	1.6
1.318	2.4	2.4	0.8	1.6	1.6
1.32	1.6	2.4	2.4	2.4	2.4
1.322	1.6	1.6	1.6	1.6	1.6
1.324	1.6	2.4	2.4	1.6	1.6
1.326	1.6	2.4	2.4	1.6	2.4
1.328	2.4	2.4	2.4	1.6	2.4
1.33	0.8	2.4	2.4	2.4	2.4
1.332	2.4	1.6	3.2	1.6	1.6
1.334	2.4	2.4	2.4	2.4	2.4
1.336	2.4	2.4	2.4	1.6	2.4
1.338	2.4	3.2	3.2	0.8	1.6
1.34	0.8	2.4	2.4	1.6	2.4
1.342	2.4	2.4	2.4	1.6	2.4
1.344	2.4	1.6	2.4	2.4	1.6
1.346	1.6	2.4	2.4	1.6	2.4
1.348	1.6	2.4	2.4	1.6	0.8
1.35	2.4	2.4	1.6	1.6	1.6
1.352	3.2	2.4	2.4	1.6	2.4
1.354	1.6	2.4	0.8	0.8	2.4
1.356	2.4	1.6	2.4	2.4	1.6
1.358	1.6	1.6	3.2	1.6	1.6
1.36	2.4	1.6	2.4	2.4	1.6
1.362	1.6	2.4	2.4	2.4	2.4
1.364	2.4	2.4	2.4	2.4	1.6
1.366	1.6	1.6	2.4	1.6	2.4
1.368	1.6	1.6	2.4	2.4	1.6
1.37	1.6	2.4	1.6	2.4	1.6
1.372	1.6	1.6	2.4	1.6	1.6
1.374	2.4	2.4	1.6	1.6	2.4
1.376	1.6	1.6	3.2	1.6	1.6
1.378	2.4	2.4	1.6	2.4	1.6
1.38	1.6	3.2	2.4	0.8	2.4
1.382	1.6	2.4	0.8	1.6	1.6
1.384	1.6	1.6	2.4	2.4	2.4
1.386	3.2	1.6	2.4	2.4	2.4
1.388	2.4	2.4	2.4	1.6	1.6
1.39	2.4	2.4	2.4	1.6	1.6
1.392	1.6	2.4	2.4	2.4	0.8
1.394	2.4	2.4	1.6	2.4	2.4
1.396	2.4	2.4	2.4	2.4	2.4
1.398	2.4	2.4	2.4	1.6	1.6
1.4	1.6	2.4	2.4	1.6	1.6
1.402	2.4	2.4	1.6	1.6	1.6
1.404	2.4	1.6	2.4	1.6	1.6
1.406	2.4	1.6	2.4	1.6	1.6
1.408	2.4	2.4	2.4	2.4	1.6
1.41	1.6	2.4	2.4	1.6	2.4
1.412	3.2	2.4	2.4	2.4	1.6
1.414	1.6	2.4	1.6	0.8	2.4
1.416	1.6	2.4	2.4	1.6	2.4
1.418	0.8	2.4	1.6	2.4	1.6
1.42	1.6	2.4	2.4	1.6	2.4
1.422	2.4	2.4	2.4	2.4	1.6
1.424	2.4	2.4	1.6	1.6	1.6
1.426	2.4	2.4	2.4	1.6	2.4
1.428	2.4	2.4	2.4	1.6	0.8
1.43	2.4	1.6	2.4	2.4	1.6
1.432	1.6	1.6	3.2	2.4	1.6
1.434	1.6	1.6	2.4	1.6	0
1.436	0.8	2.4	2.4	1.6	2.4
1.438	1.6	1.6	1.6	1.6	2.4
1.44	2.4	2.4	2.4	2.4	2.4
1.442	1.6	2.4	2.4	1.6	2.4
1.444	2.4	2.4	2.4	2.4	2.4
1.446	0.8	0.8	1.6	1.6	2.4
1.448	3.2	1.6	3.2	2.4	1.6
1.45	2.4	2.4	2.4	2.4	2.4
1.452	1.6	2.4	2.4	1.6	2.4
1.454	2.4	2.4	2.4	1.6	1.6
1.456	1.6	2.4	2.4	2.4	1.6
1.458	2.4	1.6	2.4	2.4	2.4
1.46	2.4	2.4	2.4	1.6	0.8
1.462	2.4	2.4	2.4	2.4	2.4
1.464	1.6	1.6	2.4	2.4	2.4
1.466	2.4	1.6	2.4	1.6	3.2
1.468	2.4	2.4	3.2	2.4	2.4
1.47	1.6	0.8	2.4	1.6	1.6
1.472	1.6	1.6	2.4	2.4	1.6
1.474	2.4	2.4	2.4	1.6	2.4
1.476	2.4	2.4	2.4	2.4	1.6
1.478	2.4	2.4	2.4	1.6	2.4
1.48	3.2	2.4	1.6	2.4	2.4
1.482	0.8	1.6	1.6	1.6	2.4
1.484	2.4	2.4	2.4	2.4	2.4
1.486	2.4	1.6	2.4	1.6	2.4
1.488	1.6	1.6	2.4	0.8	1.6
1.49	2.4	1.6	2.4	1.6	1.6
1.492	1.6	1.6	2.4	1.6	1.6
1.494	2.4	1.6	2.4	2.4	2.4
1.496	0.8	2.4	2.4	1.6	2.4
1.498	2.4	2.4	2.4	1.6	2.4
1.5	2.4	2.4	2.4	2.4	1.6
1.502	2.4	1.6	1.6	0.8	1.6
1.504	1.6	2.4	2.4	2.4	1.6
1.506	1.6	1.6	1.6	1.6	2.4
1.508	1.6	1.6	2.4	1.6	2.4
1.51	2.4	2.4	2.4	2.4	2.4
1.512	2.4	1.6	1.6	2.4	1.6
1.514	1.6	2.4	1.6	2.4	1.6
1.516	1.6	1.6	2.4	2.4	1.6
1.518	2.4	2.4	2.4	2.4	1.6
1.52	2.4	1.6	2.4	1.6	1.6
1.522	1.6	2.4	2.4	1.6	1.6
1.524	2.4	1.6	1.6	2.4	2.4
1.526	3.2	2.4	2.4	3.2	1.6
1.528	1.6	1.6	2.4	2.4	1.6
1.53	1.6	1.6	2.4	2.4	2.4
1.532	2.4	1.6	2.4	2.4	1.6
1.534	2.4	2.4	2.4	2.4	1.6
1.536	2.4	0.8	2.4	2.4	0.8
1.538	1.6	3.2	2.4	1.6	1.6
1.54	1.6	1.6	1.6	1.6	2.4
1.542	1.6	1.6	2.4	2.4	1.6
1.544	3.2	1.6	1.6	2.4	2.4
1.546	1.6	2.4	1.6	2.4	1.6
1.548	2.4	2.4	2.4	2.4	1.6
1.55	2.4	2.4	1.6	1.6	1.6
1.552	1.6	2.4	1.6	1.6	2.4
1.554	1.6	2.4	2.4	2.4	1.6
1.556	2.4	1.6	1.6	2.4	1.6
1.558	2.4	2.4	2.4	2.4	1.6
1.56	1.6	2.4	2.4	1.6	2.4
1.562	2.4	1.6	2.4	2.4	2.4
1.564	1.6	1.6	0.8	2.4	2.4
1.566	1.6	2.4	2.4	2.4	1.6
1.568	1.6	2.4	2.4	2.4	2.4
1.57	1.6	2.4	2.4	1.6	1.6
1.572	1.6	1.6	2.4	2.4	2.4
1.574	1.6	1.6	1.6	2.4	2.4
1.576	1.6	2.4	1.6	1.6	1.6
1.578	2.4	2.4	2.4	2.4	1.6
1.58	1.6	2.4	2.4	1.6	2.4
1.582	0.8	1.6	2.4	2.4	2.4
1.584	1.6	1.6	2.4	1.6	2.4
1.586	1.6	2.4	2.4	0.8	1.6
1.588	2.4	2.4	2.4	2.4	1.6
1.59	2.4	2.4	1.6	2.4	2.4
1.592	3.2	2.4	2.4	1.6	0.8
1.594	1.6	2.4	2.4	1.6	2.4
1.596	1.6	2.4	1.6	2.4	2.4
1.598	2.4	2.4	1.6	1.6	2.4
1.6	2.4	1.6	1.6	1.6	0.8
1.602	2.4	2.4	2.4	2.4	1.6
1.604	1.6	1.6	2.4	1.6	1.6
1.606	1.6	1.6	2.4	1.6	1.6
1.608	1.6	2.4	3.2	1.6	2.4
1.61	2.4	2.4	2.4	1.6	0.8
1.612	2.4	2.4	2.4	1.6	2.4
1.614	0.8	1.6	1.6	1.6	1.6
1.616	2.4	2.4	2.4	2.4	2.4
1.618	2.4	1.6	1.6	1.6	1.6
1.62	2.4	2.4	0.8	3.2	1.6
1.622	2.4	2.4	1.6	0.8	2.4
1.624	2.4	1.6	0	1.6	2.4
1.626	1.6	2.4	0.8	1.6	2.4
1.628	1.6	2.4	2.4	1.6	1.6
1.63	2.4	3.2	2.4	1.6	0.8
1.632	2.4	0.8	2.4	1.6	2.4
1.634	0.8	2.4	2.4	1.6	1.6
1.636	2.4	2.4	2.4	2.4	2.4
1.638	1.6	1.6	4	2.4	2.4
1.64	2.4	2.4	3.2	2.4	2.4
1.642	2.4	1.6	1.6	1.6	1.6
1.644	2.4	2.4	2.4	2.4	1.6
1.646	1.6	0.8	2.4	2.4	1.6
1.648	2.4	1.6	2.4	1.6	2.4
1.65	2.4	1.6	2.4	1.6	2.4
1.652	0.8	2.4	2.4	1.6	2.4
1.654	2.4	1.6	0.8	2.4	1.6
1.656	1.6	1.6	2.4	1.6	1.6
1.658	1.6	3.2	2.4	2.4	2.4
1.66	0.8	2.4	2.4	2.4	2.4
1.662	1.6	2.4	2.4	1.6	2.4
1.664	2.4	2.4	2.4	1.6	2.4
1.666	2.4	2.4	2.4	2.4	2.4
1.668	1.6	1.6	2.4	1.6	1.6
1.67	3.2	1.6	1.6	1.6	1.6
1.672	2.4	1.6	1.6	1.6	2.4
1.674	2.4	2.4	2.4	1.6	1.6
1.676	3.2	1.6	1.6	1.6	1.6
1.678	2.4	2.4	2.4	1.6	1.6
1.68	1.6	2.4	2.4	2.4	2.4
1.682	2.4	1.6	2.4	1.6	1.6
1.684	1.6	2.4	2.4	1.6	1.6
1.686	1.6	2.4	2.4	2.4	2.4
1.688	1.6	2.4	2.4	2.4	1.6
1.69	1.6	2.4	3.2	1.6	1.6
1.692	2.4	2.4	3.2	1.6	2.4
1.694	1.6	1.6	2.4	1.6	2.4
1.696	2.4	1.6	2.4	1.6	2.4
1.698	2.4	1.6	2.4	1.6	0.8
1.7	2.4	2.4	2.4	1.6	1.6
1.702	2.4	1.6	2.4	2.4	2.4
1.704	2.4	2.4	2.4	2.4	1.6
1.706	1.6	1.6	2.4	2.4	1.6
1.708	2.4	2.4	1.6	1.6	1.6
1.71	1.6	2.4	2.4	1.6	2.4
1.712	2.4	0.8	1.6	2.4	1.6
1.714	2.4	0.8	2.4	1.6	2.4
1.716	2.4	2.4	2.4	2.4	2.4
1.718	2.4	2.4	2.4	1.6	1.6
1.72	2.4	2.4	2.4	1.6	0.8
1.722	1.6	1.6	2.4	1.6	2.4
1.724	1.6	2.4	1.6	2.4	1.6
1.726	1.6	2.4	1.6	2.4	1.6
1.728	3.2	2.4	1.6	2.4	1.6
1.73	1.6	2.4	2.4	1.6	2.4
1.732	2.4	1.6	1.6	1.6	2.4
1.734	1.6	2.4	1.6	2.4	2.4
1.736	2.4	2.4	2.4	1.6	1.6
1.738	2.4	2.4	2.4	1.6	2.4
1.74	2.4	1.6	2.4	2.4	2.4
1.742	1.6	1.6	1.6	2.4	1.6
1.744	1.6	2.4	1.6	2.4	1.6
1.746	1.6	2.4	2.4	1.6	2.4
1.748	1.6	2.4	2.4	0.8	1.6
1.75	1.6	1.6	3.2	2.4	2.4
1.752	2.4	2.4	2.4	1.6	1.6
1.754	2.4	2.4	1.6	1.6	1.6
1.756	2.4	2.4	2.4	0.8	2.4
1.758	3.2	2.4	2.4	1.6	2.4
1.76	2.4	2.4	1.6	1.6	1.6
1.762	1.6	1.6	2.4	2.4	1.6
1.764	2.4	2.4	2.4	2.4	1.6
1.766	2.4	1.6	2.4	1.6	2.4
1.768	1.6	2.4	2.4	1.6	2.4
1.77	2.4	1.6	1.6	2.4	1.6
1.772	2.4	1.6	2.4	2.4	2.4
1.774	1.6	2.4	3.2	1.6	2.4
1.776	1.6	1.6	2.4	2.4	1.6
1.778	1.6	1.6	2.4	2.4	1.6
1.78	2.4	2.4	2.4	1.6	1.6
1.782	2.4	2.4	2.4	2.4	1.6
1.784	2.4	1.6	3.2	2.4	1.6
1.786	0.8	1.6	2.4	2.4	1.6
1.788	1.6	2.4	2.4	1.6	1.6
1.79	2.4	2.4	2.4	1.6	2.4
1.792	1.6	3.2	3.2	2.4	2.4
1.794	2.4	1.6	1.6	2.4	0.8
1.796	1.6	2.4	2.4	1.6	1.6
1.798	1.6	2.4	1.6	1.6	1.6
1.8	1.6	2.4	1.6	2.4	3.2
1.802	2.4	1.6	2.4	2.4	2.4
1.804	2.4	1.6	3.2	1.6	1.6
1.806	2.4	1.6	1.6	1.6	1.6
1.808	0.8	2.4	2.4	2.4	2.4
1.81	2.4	2.4	2.4	2.4	1.6
1.812	2.4	2.4	2.4	2.4	2.4
1.814	2.4	1.6	2.4	2.4	2.4
1.816	1.6	2.4	1.6	1.6	1.6
1.818	2.4	2.4	2.4	1.6	1.6
1.82	2.4	2.4	1.6	2.4	1.6
1.822	1.6	2.4	2.4	2.4	1.6
1.824	2.4	0.8	1.6	1.6	2.4
1.826	2.4	1.6	1.6	2.4	1.6
1.828	1.6	2.4	2.4	1.6	2.4
1.83	1.6	2.4	3.2	2.4	1.6
1.832	1.6	1.6	1.6	2.4	1.6
1.834	2.4	2.4	1.6	2.4	1.6
1.836	2.4	2.4	2.4	2.4	1.6
1.838	0.8	2.4	1.6	2.4	1.6
1.84	2.4	2.4	2.4	1.6	2.4
1.842	1.6	1.6	3.2	2.4	1.6
1.844	0.8	1.6	2.4	2.4	2.4
1.846	1.6	1.6	2.4	2.4	2.4
1.848	1.6	2.4	1.6	2.4	1.6
1.85	0.8	1.6	1.6	2.4	1.6
1.852	2.4	1.6	2.4	1.6	1.6
1.854	1.6	1.6	2.4	1.6	1.6
1.856	2.4	1.6	2.4	1.6	1.6
1.858	2.4	2.4	2.4	1.6	2.4
1.86	2.4	2.4	3.2	1.6	1.6
1.862	2.4	2.4	2.4	2.4	1.6
1.864	1.6	2.4	2.4	1.6	18.4
1.866	2.4	2.4	2.4	2.4	20
1.868	2.4	1.6	2.4	2.4	20.8
1.87	1.6	2.4	2.4	1.6	20
1.872	2.4	1.6	2.4	2.4	20.8
1.874	2.4	2.4	2.4	1.6	20
1.876	1.6	2.4	1.6	0.8	21.6
1.878	1.6	1.6	2.4	2.4	20
1.88	2.4	2.4	2.4	1.6	20
1.882	2.4	2.4	1.6	2.4	20
1.884	1.6	2.4	2.4	2.4	20
1.886	2.4	1.6	2.4	2.4	20.8
1.888	2.4	1.6	1.6	2.4	20
1.89	2.4	2.4	2.4	2.4	19.2
1.892	2.4	2.4	1.6	0.8	20
1.894	1.6	2.4	1.6	1.6	20.8
1.896	0.8	2.4	2.4	2.4	20.8
1.898	2.4	1.6	3.2	2.4	20.8
1.9	2.4	2.4	2.4	1.6	20
1.902	1.6	1.6	2.4	1.6	19.2
1.904	1.6	1.6	1.6	1.6	20
1.906	1.6	1.6	1.6	1.6	20
1.908	1.6	2.4	2.4	1.6	20
1.91	1.6	1.6	2.4	1.6	19.2
1.912	2.4	2.4	2.4	2.4	20
1.914	1.6	3.2	2.4	1.6	20
1.916	2.4	2.4	3.2	1.6	20
1.918	1.6	2.4	2.4	1.6	20
1.92	1.6	2.4	2.4	1.6	19.2
1.922	2.4	1.6	2.4	2.4	18.4
1.924	2.4	0	2.4	2.4	19.2
1.926	1.6	1.6	2.4	1.6	20
1.928	3.2	2.4	1.6	2.4	19.2
1.93	2.4	1.6	2.4	1.6	20
1.932	1.6	1.6	2.4	1.6	20
1.934	1.6	2.4	1.6	2.4	19.2
1.936	2.4	2.4	1.6	1.6	20
1.938	1.6	1.6	2.4	1.6	20.8
1.94	1.6	1.6	2.4	1.6	20
1.942	2.4	0.8	2.4	1.6	20
1.944	1.6	1.6	2.4	2.4	20
1.946	0.8	2.4	2.4	1.6	20
1.948	1.6	2.4	2.4	2.4	19.2
1.95	1.6	2.4	1.6	1.6	19.2
1.952	1.6	2.4	2.4	1.6	20
1.954	2.4	2.4	1.6	2.4	19.2
1.956	1.6	2.4	3.2	1.6	19.2
1.958	0.8	2.4	2.4	2.4	20
1.96	1.6	1.6	1.6	1.6	20.8
1.962	1.6	1.6	2.4	2.4	20
1.964	1.6	3.2	2.4	2.4	20.8
1.966	2.4	0.8	3.2	2.4	20
1.968	2.4	0.8	3.2	2.4	20
1.97	2.4	2.4	2.4	2.4	19.2
1.972	1.6	1.6	2.4	1.6	19.2
1.974	2.4	2.4	2.4	2.4	19.2
1.976	1.6	1.6	2.4	1.6	19.2
1.978	1.6	1.6	2.4	2.4	20
1.98	1.6	2.4	3.2	1.6	19.2
1.982	1.6	2.4	2.4	1.6	19.2
1.984	2.4	2.4	1.6	2.4	19.2
1.986	1.6	2.4	2.4	2.4	19.2
1.988	0.8	1.6	2.4	0.8	20
1.99	2.4	0.8	2.4	2.4	20
1.992	1.6	2.4	2.4	1.6	20
1.994	1.6	1.6	2.4	2.4	20
1.996	2.4	1.6	2.4	2.4	19.2
1.998	1.6	2.4	2.4	1.6	19.2
2	1.6	2.4	2.4	2.4	20
2.002	2.4	1.6	2.4	1.6	20
2.004	1.6	2.4	2.4	2.4	20
2.006	1.6	2.4	2.4	1.6	20.8
2.008	1.6	2.4	2.4	1.6	19.2
2.01	2.4	2.4	2.4	1.6	19.2
2.012	2.4	1.6	1.6	2.4	20
2.014	1.6	1.6	2.4	2.4	20
2.016	2.4	2.4	20	2.4	20.8
2.018	1.6	1.6	20.8	2.4	19.2
2.02	1.6	1.6	20	1.6	19.2
2.022	2.4	2.4	20.8	2.4	19.2
2.024	2.4	2.4	21.6	2.4	20
2.026	2.4	2.4	20.8	3.2	20.8
2.028	1.6	2.4	20	1.6	19.2
2.03	0.8	2.4	20	2.4	20
2.032	2.4	2.4	20	2.4	19.2
2.034	2.4	1.6	20.8	2.4	19.2
2.036	0.8	1.6	20.8	1.6	20
2.038	2.4	1.6	20.8	1.6	20
2.04	2.4	1.6	20.8	1.6	20.8
2.042	2.4	2.4	20.8	1.6	20
2.044	2.4	2.4	19.2	2.4	20
2.046	1.6	2.4	20.8	2.4	20
2.048	1.6	2.4	20.8	1.6	20
2.05	2.4	2.4	20.8	2.4	20
2.052	2.4	2.4	20.8	1.6	20
2.054	1.6	1.6	20.8	1.6	19.2
2.056	1.6	3.2	20.8	2.4	20
2.058	1.6	1.6	20.8	1.6	20
2.06	2.4	2.4	20	1.6	20
2.062	2.4	2.4	20.8	1.6	20
2.064	2.4	2.4	20.8	1.6	20
2.066	2.4	1.6	20.8	1.6	19.2
2.068	2.4	1.6	21.6	1.6	19.2
2.07	1.6	2.4	21.6	1.6	19.2
2.072	2.4	2.4	20.8	1.6	19.2
2.074	2.4	1.6	20	2.4	20
2.076	2.4	2.4	20.8	2.4	19.2
2.078	2.4	1.6	20.8	2.4	20
2.08	1.6	2.4	20.8	2.4	20.8
2.082	1.6	2.4	20.8	2.4	20.8
2.084	0.8	2.4	21.6	2.4	20.8
2.086	2.4	1.6	20.8	1.6	19.2
2.088	2.4	22.4	20.8	1.6	19.2
2.09	2.4	20.8	20.8	1.6	20
2.092	2.4	20.8	20.8	2.4	20
2.094	2.4	19.2	20	2.4	20
2.096	2.4	20	20.8	2.4	20
2.098	2.4	20.8	20.8	1.6	20
2.1	1.6	20.8	20.8	1.6	20
2.102	1.6	20.8	21.6	2.4	20
2.104	1.6	20.8	20.8	2.4	19.2
2.106	2.4	20	20	3.2	19.2
2.108	2.4	20.8	20	1.6	19.2
2.11	2.4	20.8	20.8	2.4	20
2.112	1.6	20.8	21.6	0.8	20
2.114	1.6	20.8	20.8	2.4	20.8
2.116	2.4	20.8	20.8	2.4	19.2
2.118	1.6	20	20.8	1.6	20
2.12	18.4	20	20.8	2.4	20
2.122	20	20.8	20.8	2.4	19.2
2.124	20	20.8	20.8	2.4	20
2.126	20	20.8	20.8	2.4	20
2.128	20	20.8	20.8	2.4	20
2.13	20	20	20.8	1.6	20.8
2.132	20.8	20	20.8	1.6	19.2
2.134	20	21.6	21.6	2.4	19.2
2.136	20.8	20.8	20.8	2.4	20
2.138	19.2	20	20.8	1.6	20
2.14	20.8	20	20.8	2.4	20
2.142	20.8	20.8	20.8	1.6	20
2.144	20	22.4	20	1.6	20
2.146	20	20.8	20.8	2.4	20
2.148	20	20.8	21.6	2.4	20
2.15	20.8	20.8	20.8	2.4	20
2.152	20	20.8	20.8	1.6	20
2.154	20	20.8	20	0.8	20.8
2.156	20.8	20.8	20.8	1.6	20.8
2.158	20.8	20.8	20.8	19.2	20.8
2.16	20.8	20.8	20.8	20	20.8
2.162	20	20.8	20.8	20	20
2.164	20	20	20	20.8	20
2.166	20.8	20.8	20	20.8	20
2.168	20.8	20.8	21.6	20.8	20
2.17	20	20.8	20	20	19.2
2.172	20	20.8	20.8	20	20.8
2.174	20	20	20.8	19.2	20.8
2.176	20.8	20.8	20	20	20.8
2.178	20	20.8	20.8	20	20
2.18	20	20.8	20.8	20	20
2.182	20.8	20	20	20	20
2.184	20.8	20	21.6	20	20
2.186	20.8	20.8	20.8	20	20.8
2.188	20.8	20.8	20.8	19.2	20
2.19	20.8	20	20.8	19.2	20.8
2.192	21.6	20.8	20.8	19.2	19.2
2.194	20.8	20	20.8	19.2	20.8
2.196	20	20.8	20.8	20	19.2
2.198	19.2	20.8	21.6	19.2	19.2
2.2	20	20.8	20	19.2	20
2.202	20.8	20.8	20.8	19.2	20
2.204	20	20.8	20	20	19.2
2.206	20	20	20.8	20	20.8
2.208	20.8	21.6	20.8	20	20
2.21	19.2	20.8	20.8	20	20
2.212	20	20.8	20.8	19.2	20
2.214	20.8	20	20.8	20	20
2.216	20	20.8	20.8	19.2	20
2.218	20.8	20.8	20.8	19.2	20
2.22	20	20.8	20	20	20
2.222	19.2	20.8	20	20	20.8
2.224	20.8	20.8	21.6	20.8	20
2.226	20	20.8	20.8	19.2	20.8
2.228	20	20.8	20.8	19.2	20
2.23	20	20.8	20.8	19.2	20
2.232	20	21.6	20.8	20	19.2
2.234	19.2	20	21.6	19.2	19.2
2.236	20	20	20.8	19.2	20
2.238	20.8	20.8	20	20	20.8
2.24	20.8	20.8	20.8	19.2	20.8
2.242	20	20.8	20	20	20
2.244	20.8	20.8	21.6	20	20
2.246	20	20.8	20.8	19.2	20.8
2.248	20.8	20.8	20.8	19.2	20
2.25	20	20.8	20	19.2	20
2.252	20.8	20.8	20	19.2	19.2
2.254	20.8	20.8	20.8	19.2	20
2.256	20.8	20.8	20.8	20	20.8
2.258	20.8	20.8	20.8	19.2	20.8
2.26	20.8	20.8	21.6	19.2	20
2.262	20.8	20.8	20.8	19.2	20
2.264	20	20.8	20.8	20	20
2.266	20.8	20.8	20	19.2	20.8
2.268	20.8	20.8	20.8	20	20
2.27	20	20.8	21.6	20	20
2.272	20.8	20.8	21.6	20	20
2.274	20	20.8	20	20	20
2.276	22.4	20.8	20	20	20
2.278	20.8	20.8	20.8	20.8	20
2.28	20.8	20.8	20.8	20	20.8
2.282	20.8	20.8	20.8	20	19.2
2.284	19.2	20.8	20	20	20.8
2.286	20	20.8	20.8	20.8	19.2
2.288	20.8	20	20.8	19.2	20.8
2.29	20	20.8	20.8	20	20.8
2.292	20.8	20.8	20.8	20	20.8
2.294	20.8	20.8	20.8	20	20
2.296	20.8	21.6	20.8	19.2	19.2
2.298	20.8	20	20.8	20	20.8
2.3	20	20.8	20.8	20	20
2.302	20.8	20.8	20.8	20	20
2.304	20.8	20.8	21.6	19.2	20
2.306	20	20.8	20.8	20.8	20
2.308	20	20.8	20.8	20.8	20.8
2.31	20.8	21.6	20.8	20.8	20.8
2.312	20	20.8	20.8	20.8	20
2.314	20.8	20.8	20.8	20.8	20.8
2.316	20.8	20.8	20.8	20	20.8
2.318	21.6	20.8	20.8	20	20.8
2.32	20.8	20.8	21.6	20	20.8
2.322	20.8	20.8	20	20.8	20
2.324	20.8	21.6	20.8	20	20.8
2.326	20.8	20.8	20.8	20.8	20.8
2.328	20	20.8	20.8	20	20.8
2.33	20.8	20.8	21.6	20.8	20
2.332	20.8	20.8	20.8	20.8	20
2.334	20.8	21.6	20.8	20	20
2.336	20.8	21.6	20	20	20.8
2.338	20	20.8	20.8	20	20
2.34	20	20	20.8	20	20.8
2.342	21.6	20	20.8	20.8	20.8
2.344	20.8	20.8	20.8	20.8	20.8
2.346	20	20.8	20.8	20	20
2.348	20	20	20.8	20.8	20.8
2.35	20	20.8	20.8	20	20.8
2.352	20.8	20.8	20.8	20.8	21.6
2.354	20	20.8	21.6	20.8	20.8
2.356	20	20.8	20.8	20	20
2.358	20	20.8	20.8	20	20.8
2.36	20.8	20	20.8	20	20
2.362	20.8	20.8	20.8	20.8	20.8
2.364	20.8	21.6	20.8	20.8	20.8
2.366	20.8	20.8	20.8	20	20
2.368	18.4	20.8	20.8	20.8	20.8
2.37	20.8	20.8	20.8	20.8	20.8
2.372	20.8	20.8	21.6	20.8	20
2.374	20	20.8	20.8	20.8	20.8
2.376	20.8	20.8	20	20.8	20.8
2.378	20.8	20	20.8	20.8	20.8
2.38	20	20.8	20.8	20	20.8
2.382	20	20.8	21.6	20	20.8
2.384	20.8	20	20.8	20	20
2.386	20.8	20.8	20.8	20.8	20.8
2.388	20.8	20.8	20.8	20.8	20
2.39	20	20.8	20.8	20.8	20
2.392	20	21.6	21.6	20.8	20.8
2.394	20.8	20.8	20.8	20.8	20
2.396	20	20.8	20	20.8	20
2.398	20.8	20	20.8	20.8	20.8
2.4	20.8	20	20.8	20	20
2.402	20	20.8	20.8	20.8	20
2.404	20	20.8	20.8	20.8	20
2.406	20.8	20.8	21.6	20.8	2.4
2.408	20	20.8	20.8	20	1.6
2.41	20	20.8	20	20.8	1.6
2.412	19.2	20.8	20.8	20	2.4
2.414	20	20	20.8	20.8	2.4
2.416	20.8	20.8	20.8	20.8	1.6
2.418	20.8	20.8	20.8	20	1.6
2.42	19.2	20.8	21.6	20.8	1.6
2.422	20	20.8	20.8	20.8	1.6
2.424	20	21.6	20	20	2.4
2.426	20	20.8	20.8	20.8	1.6
2.428	20.8	20.8	20	20.8	1.6
2.43	20	20.8	20.8	20.8	2.4
2.432	20	20.8	20.8	20.8	2.4
2.434	20	20.8	20.8	20.8	1.6
2.436	20	20.8	20.8	20.8	1.6
2.438	20.8	20.8	20	20	2.4
2.44	20	20.8	20.8	21.6	2.4
2.442	20	20	20.8	20.8	2.4
2.444	20	20.8	21.6	20.8	2.4
2.446	20.8	20	20.8	20	2.4
2.448	20	21.6	20	20.8	1.6
2.45	20	20	20.8	20.8	2.4
2.452	20.8	20.8	20.8	20.8	1.6
2.454	20	20.8	20.8	20.8	0.8
2.456	20.8	20.8	20.8	20	2.4
2.458	20.8	20.8	20	20.8	1.6
2.46	20.8	21.6	20	20.8	1.6
2.462	20.8	20.8	20.8	20.8	2.4
2.464	20	20.8	20.8	20.8	2.4
2.466	20	20.8	20.8	20	1.6
2.468	20	20.8	20.8	20.8	1.6
2.47	20.8	20.8	20.8	20.8	1.6
2.472	20.8	20.8	20.8	20	1.6
2.474	20	20.8	20.8	20	1.6
2.476	20	20	20.8	20.8	1.6
2.478	20.8	20	21.6	20.8	2.4
2.48	20.8	20.8	20.8	20.8	2.4
2.482	20.8	20.8	20.8	20.8	2.4
2.484	20.8	20.8	21.6	20.8	1.6
2.486	20	20.8	20.8	20.8	2.4
2.488	20.8	20.8	20.8	20.8	1.6
2.49	20.8	20.8	20	20.8	1.6
2.492	20.8	20.8	20.8	20	1.6
2.494	20.8	20.8	20.8	20.8	2.4
2.496	20	20.8	21.6	20	1.6
2.498	20	21.6	20.8	21.6	2.4
2.5	20.8	20.8	20.8	20.8	1.6
2.502	20.8	20.8	20.8	20.8	2.4
2.504	20	20.8	20.8	21.6	2.4
2.506	20.8	20.8	20.8	19.2	2.4
2.508	20.8	20.8	20	20.8	2.4
2.51	20	20	20.8	20.8	2.4
2.512	20	20.8	20	20.8	1.6
2.514	20.8	20.8	20.8	21.6	2.4
2.516	20.8	20.8	21.6	20.8	2.4
2.518	20	20.8	20.8	20	2.4
2.52	20.8	20.8	20	20.8	2.4
2.522	20	20.8	20	20.8	1.6
2.524	21.6	20.8	20.8	20.8	2.4
2.526	20.8	22.4	20.8	20	2.4
2.528	19.2	20.8	20	20	2.4
2.53	20.8	20.8	20.8	20.8	1.6
2.532	20	20.8	20.8	20.8	2.4
2.534	20	20.8	20.8	20	2.4
2.536	20.8	20.8	20.8	20.8	1.6
2.538	20.8	20.8	20.8	20.8	2.4
2.54	20.8	20.8	20.8	20	2.4
2.542	20.8	21.6	20.8	20.8	2.4
2.544	20.8	20.8	20.8	20.8	2.4
2.546	20.8	21.6	20.8	20	2.4
2.548	20	20.8	20	20.8	3.2
2.55	20	20.8	20.8	20.8	2.4
2.552	20	21.6	20	20	2.4
2.554	20.8	20.8	20.8	20.8	2.4
2.556	20.8	20.8	20	20.8	2.4
2.558	19.2	20	20	20	2.4
2.56	20.8	20.8	20.8	20.8	1.6
2.562	20	20.8	20	20.8	1.6
2.564	20	21.6	20	20.8	1.6
2.566	20.8	20.8	20	20.8	1.6
2.568	20	20.8	19.2	20.8	2.4
2.57	20	21.6	20.8	20	2.4
2.572	20	20.8	19.2	20.8	1.6
2.574	20.8	20.8	20	20.8	1.6
2.576	20.8	20.8	19.2	20.8	2.4
2.578	20	20.8	20	20	2.4
2.58	20	20	20	20.8	3.2
2.582	20.8	20.8	19.2	20.8	1.6
2.584	20.8	20	19.2	20.8	2.4
2.586	20.8	20.8	19.2	20.8	2.4
2.588	20	20	20	20.8	2.4
2.59	20	20.8	20	20	2.4
2.592	19.2	20.8	20	20	1.6
2.594	20.8	20.8	20	20	2.4
2.596	20	20.8	20	20	1.6
2.598	20	20.8	19.2	20.8	2.4
2.6	20.8	20	20	20.8	1.6
2.602	20	20	19.2	20.8	1.6
2.604	21.6	20	19.2	20.8	1.6
2.606	20	20.8	20	20.8	2.4
2.608	20.8	20.8	19.2	20.8	2.4
2.61	19.2	20	19.2	20.8	2.4
2.612	20	20	19.2	20	1.6
2.614	20.8	20.8	18.4	20.8	1.6
2.616	20.8	20.8	2.4	20.8	2.4
2.618	20.8	20.8	2.4	20.8	1.6
2.62	20.8	20	2.4	20.8	2.4
2.622	20	20	2.4	20.8	2.4
2.624	20	20	1.6	20	2.4
2.626	20.8	20	2.4	20.8	1.6
2.628	21.6	20.8	2.4	20.8	2.4
2.63	20	20	2.4	20.8	2.4
2.632	21.6	20	2.4	20	1.6
2.634	20.8	20	2.4	20.8	2.4
2.636	20	20	1.6	20.8	1.6
2.638	20	20	2.4	20.8	2.4
2.64	19.2	20.8	2.4	21.6	1.6
2.642	20.8	20	2.4	20.8	1.6
2.644	20	20.8	1.6	20.8	1.6
2.646	20.8	20.8	2.4	20.8	3.2
2.648	20	20.8	2.4	20.8	1.6
2.65	20.8	20	2.4	21.6	2.4
2.652	19.2	20	3.2	20.8	2.4
2.654	20	20	1.6	20.8	1.6
2.656	20	20	1.6	21.6	2.4
2.658	20	20	1.6	20	1.6
2.66	20.8	20	2.4	20	2.4
2.662	19.2	20	2.4	20.8	2.4
2.664	20	20	2.4	20.8	1.6
2.666	20.8	20	3.2	20	1.6
2.668	20	20.8	2.4	20.8	2.4
2.67	20.8	20	2.4	20.8	2.4
2.672	20.8	20	2.4	20.8	2.4
2.674	19.2	19.2	1.6	20.8	1.6
2.676	20	20	2.4	20	2.4
2.678	20.8	20	3.2	20	2.4
2.68	20	20	2.4	20.8	2.4
2.682	20	20	3.2	20.8	2.4
2.684	20	20	2.4	20.8	2.4
2.686	20	20	2.4	21.6	1.6
2.688	20	20	2.4	20.8	2.4
2.69	20.8	19.2	2.4	20	1.6
2.692	19.2	19.2	2.4	20.8	2.4
2.694	20	19.2	2.4	20.8	2.4
2.696	20	20	2.4	20.8	1.6
2.698	19.2	19.2	2.4	20.8	2.4
2.7	20	19.2	1.6	20	2.4
2.702	20.8	20	2.4	20.8	2.4
2.704	19.2	20	2.4	20	2.4
2.706	20	19.2	2.4	20.8	1.6
2.708	20	19.2	2.4	20.8	2.4
2.71	20	19.2	2.4	20.8	1.6
2.712	20.8	20.8	2.4	20	1.6
2.714	19.2	19.2	2.4	20.8	1.6
2.716	20	20	2.4	21.6	2.4
2.718	20	19.2	3.2	20.8	2.4
2.72	20	19.2	2.4	20.8	2.4
2.722	20	19.2	2.4	20	2.4
2.724	20	19.2	0.8	21.6	1.6
2.726	19.2	2.4	1.6	20.8	1.6
2.728	20	0.8	2.4	20.8	2.4
2.73	20	1.6	2.4	20.8	1.6
2.732	19.2	0.8	2.4	20	2.4
2.734	20.8	2.4	1.6	20.8	2.4
2.736	19.2	2.4	2.4	20.8	2.4
2.738	19.2	1.6	3.2	20.8	2.4
2.74	20	1.6	2.4	20.8	2.4
2.742	20	2.4	1.6	20	2.4
2.744	20	2.4	2.4	20.8	2.4
2.746	19.2	1.6	2.4	20.8	1.6
2.748	20	1.6	2.4	20.8	2.4
2.75	19.2	1.6	2.4	20	2.4
2.752	19.2	2.4	1.6	20.8	1.6
2.754	19.2	1.6	1.6	20	1.6
2.756	18.4	2.4	2.4	20.8	1.6
2.758	19.2	2.4	2.4	20	2.4
2.76	19.2	2.4	2.4	20.8	1.6
2.762	19.2	1.6	2.4	20.8	1.6
2.764	19.2	2.4	2.4	20.8	2.4
2.766	20	2.4	1.6	20	2.4
2.768	17.6	2.4	2.4	20	2.4
2.77	20	1.6	2.4	21.6	2.4
2.772	18.4	1.6	2.4	20.8	2.4
2.774	18.4	2.4	1.6	20	2.4
2.776	2.4	3.2	3.2	20	2.4
2.778	4	2.4	2.4	20	2.4
2.78	2.4	1.6	2.4	20	1.6
2.782	1.6	0.8	2.4	20.8	1.6
2.784	2.4	3.2	2.4	20	1.6
2.786	1.6	1.6	3.2	20	1.6
2.788	1.6	2.4	3.2	20.8	2.4
2.79	1.6	2.4	1.6	20.8	1.6
2.792	3.2	1.6	1.6	20.8	2.4
2.794	3.2	2.4	2.4	19.2	1.6
2.796	3.2	1.6	2.4	19.2	2.4
2.798	1.6	2.4	2.4	20	1.6
2.8	1.6	2.4	1.6	20	2.4
2.802	1.6	2.4	1.6	20.8	2.4
2.804	2.4	2.4	2.4	19.2	2.4
2.806	2.4	1.6	2.4	20	2.4
2.808	2.4	1.6	1.6	19.2	3.2
2.81	3.2	2.4	2.4	2.4	2.4
2.812	2.4	1.6	2.4	2.4	2.4
2.814	1.6	2.4	2.4	2.4	1.6
2.816	0.8	1.6	2.4	1.6	1.6
2.818	2.4	2.4	2.4	1.6	1.6
2.82	2.4	1.6	2.4	1.6	2.4
2.822	2.4	1.6	1.6	2.4	1.6
2.824	2.4	2.4	2.4	2.4	3.2
2.826	2.4	2.4	2.4	2.4	3.2
2.828	2.4	2.4	2.4	2.4	3.2
2.83	2.4	2.4	2.4	1.6	2.4
2.832	2.4	1.6	2.4	1.6	0.8
2.834	1.6	1.6	1.6	1.6	1.6
2.836	1.6	2.4	3.2	2.4	2.4
2.838	1.6	2.4	2.4	0.8	1.6
2.84	2.4	2.4	2.4	1.6	1.6
2.842	1.6	1.6	2.4	2.4	0.8
2.844	1.6	2.4	2.4	1.6	1.6
2.846	1.6	2.4	2.4	2.4	2.4
2.848	1.6	2.4	2.4	2.4	1.6
2.85	1.6	1.6	2.4	1.6	1.6
2.852	1.6	2.4	1.6	1.6	1.6
2.854	2.4	2.4	1.6	1.6	2.4
2.856	1.6	1.6	2.4	2.4	2.4
2.858	1.6	2.4	2.4	1.6	2.4
2.86	1.6	2.4	2.4	2.4	2.4
2.862	1.6	2.4	2.4	1.6	2.4
2.864	0.8	2.4	2.4	2.4	1.6
2.866	1.6	2.4	1.6	0.8	1.6
2.868	1.6	1.6	2.4	1.6	2.4
2.87	2.4	2.4	2.4	2.4	2.4
2.872	2.4	2.4	2.4	2.4	2.4
2.874	2.4	0.8	2.4	1.6	2.4
2.876	1.6	2.4	2.4	0.8	2.4
2.878	1.6	2.4	2.4	2.4	1.6
2.88	1.6	2.4	2.4	1.6	1.6
2.882	2.4	2.4	2.4	2.4	2.4
2.884	2.4	2.4	2.4	2.4	1.6
2.886	2.4	1.6	2.4	1.6	2.4
2.888	2.4	2.4	1.6	2.4	2.4
2.89	1.6	2.4	2.4	2.4	1.6
2.892	2.4	1.6	2.4	1.6	2.4
2.894	2.4	2.4	2.4	2.4	2.4
2.896	2.4	2.4	1.6	2.4	1.6
2.898	1.6	2.4	1.6	2.4	1.6
2.9	2.4	1.6	2.4	2.4	2.4
2.902	2.4	2.4	3.2	2.4	2.4
2.904	2.4	2.4	2.4	1.6	1.6
2.906	2.4	1.6	2.4	1.6	1.6
2.908	2.4	0.8	1.6	1.6	2.4
2.91	1.6	2.4	2.4	2.4	1.6
2.912	1.6	2.4	2.4	2.4	2.4
2.914	2.4	2.4	2.4	1.6	1.6
2.916	1.6	1.6	1.6	1.6	2.4
2.918	1.6	1.6	2.4	2.4	2.4
2.92	1.6	1.6	2.4	2.4	2.4
2.922	2.4	2.4	2.4	1.6	1.6
2.924	1.6	2.4	2.4	1.6	2.4
2.926	2.4	1.6	2.4	2.4	0.8
2.928	2.4	2.4	2.4	1.6	2.4
2.93	2.4	1.6	2.4	1.6	1.6
2.932	2.4	1.6	3.2	2.4	1.6
2.934	2.4	2.4	2.4	1.6	2.4
2.936	1.6	1.6	3.2	1.6	2.4
2.938	2.4	1.6	2.4	1.6	1.6
2.94	1.6	1.6	1.6	2.4	1.6
2.942	1.6	1.6	1.6	1.6	1.6
2.944	1.6	2.4	2.4	1.6	2.4
2.946	1.6	1.6	1.6	2.4	2.4
2.948	1.6	3.2	1.6	1.6	0.8
2.95	1.6	1.6	2.4	1.6	1.6
2.952	1.6	2.4	2.4	2.4	1.6
2.954	1.6	1.6	2.4	0.8	2.4
2.956	1.6	1.6	2.4	2.4	2.4
2.958	2.4	2.4	2.4	2.4	2.4
2.96	2.4	1.6	2.4	2.4	2.4
2.962	1.6	1.6	1.6	1.6	1.6
2.964	1.6	2.4	2.4	2.4	1.6
2.966	1.6	1.6	3.2	2.4	1.6
2.968	2.4	2.4	2.4	2.4	1.6
2.97	2.4	1.6	2.4	1.6	2.4
2.972	2.4	1.6	2.4	2.4	2.4
2.974	1.6	2.4	2.4	2.4	2.4
2.976	1.6	1.6	2.4	1.6	2.4
2.978	0.8	2.4	2.4	1.6	2.4
2.98	2.4	1.6	2.4	1.6	1.6
2.982	2.4	1.6	1.6	1.6	1.6
2.984	2.4	2.4	2.4	1.6	1.6
2.986	1.6	1.6	1.6	1.6	1.6
2.988	2.4	1.6	2.4	1.6	2.4
2.99	2.4	1.6	2.4	0.8	1.6
2.992	2.4	2.4	1.6	3.2	2.4
2.994	1.6	2.4	2.4	2.4	1.6
2.996	2.4	2.4	2.4	1.6	1.6
2.998	1.6	2.4	2.4	2.4	0.8
3	2.4	2.4	2.4	1.6	2.4
3.002	2.4	1.6	2.4	2.4	2.4
3.004	0.8	3.2	2.4	1.6	2.4
3.006	2.4	2.4	2.4	1.6	2.4
3.008	2.4	2.4	1.6	1.6	2.4
3.01	2.4	2.4	2.4	1.6	1.6
3.012	1.6	2.4	2.4	1.6	3.2
3.014	2.4	2.4	2.4	1.6	1.6
3.016	2.4	3.2	1.6	1.6	2.4
3.018	2.4	1.6	2.4	2.4	1.6
3.02	2.4	2.4	2.4	3.2	1.6
3.022	2.4	2.4	2.4	2.4	2.4
3.024	2.4	2.4	2.4	2.4	1.6
3.026	2.4	1.6	1.6	2.4	2.4
3.028	2.4	2.4	2.4	1.6	2.4
3.03	1.6	1.6	1.6	1.6	2.4
3.032	2.4	2.4	2.4	1.6	0.8
3.034	2.4	1.6	2.4	2.4	2.4
3.036	1.6	1.6	1.6	2.4	0.8
3.038	2.4	1.6	1.6	1.6	1.6
3.04	1.6	2.4	2.4	1.6	2.4
3.042	1.6	2.4	2.4	2.4	2.4
3.044	2.4	1.6	2.4	2.4	2.4
3.046	1.6	2.4	1.6	2.4	1.6
3.048	1.6	1.6	3.2	1.6	1.6
3.05	2.4	1.6	2.4	2.4	2.4
3.052	2.4	2.4	2.4	2.4	1.6
3.054	2.4	1.6	3.2	2.4	0.8
3.056	1.6	2.4	0.8	2.4	1.6
3.058	1.6	1.6	2.4	2.4	2.4
3.06	2.4	1.6	2.4	2.4	2.4
3.062	1.6	1.6	2.4	2.4	1.6
3.064	1.6	2.4	1.6	2.4	2.4
3.066	1.6	2.4	2.4	2.4	1.6
3.068	0.8	2.4	2.4	1.6	2.4
3.07	1.6	1.6	2.4	1.6	2.4
3.072	2.4	1.6	1.6	1.6	2.4
3.074	2.4	2.4	1.6	2.4	2.4
3.076	1.6	2.4	1.6	1.6	2.4
3.078	2.4	1.6	2.4	1.6	2.4
3.08	1.6	3.2	2.4	1.6	2.4
3.082	2.4	2.4	1.6	2.4	1.6
3.084	1.6	2.4	1.6	0.8	2.4
3.086	1.6	1.6	1.6	2.4	1.6
3.088	2.4	2.4	1.6	2.4	1.6
3.09	1.6	2.4	1.6	2.4	1.6
3.092	1.6	2.4	1.6	1.6	0.8
3.094	1.6	2.4	1.6	1.6	2.4
3.096	2.4	2.4	2.4	1.6	2.4
3.098	2.4	1.6	1.6	1.6	2.4
3.1	2.4	2.4	2.4	0.8	2.4
3.102	2.4	2.4	2.4	1.6	1.6
3.104	2.4	2.4	1.6	1.6	2.4
3.106	2.4	1.6	1.6	1.6	2.4
3.108	1.6	2.4	1.6	1.6	2.4
3.11	2.4	2.4	2.4	2.4	1.6
3.112	1.6	1.6	2.4	2.4	2.4
3.114	2.4	2.4	2.4	2.4	2.4
3.116	3.2	2.4	1.6	1.6	2.4
3.118	2.4	2.4	2.4	1.6	2.4
3.12	0.8	1.6	1.6	1.6	2.4
3.122	2.4	1.6	1.6	2.4	2.4
3.124	2.4	2.4	1.6	1.6	2.4
3.126	2.4	2.4	1.6	1.6	1.6
3.128	2.4	1.6	2.4	1.6	1.6
3.13	1.6	1.6	2.4	2.4	1.6
3.132	1.6	3.2	1.6	2.4	2.4
3.134	2.4	2.4	1.6	1.6	2.4
3.136	2.4	1.6	1.6	1.6	1.6
3.138	2.4	2.4	1.6	2.4	2.4
3.14	2.4	2.4	1.6	2.4	2.4
3.142	1.6	2.4	1.6	2.4	2.4
3.144	1.6	1.6	1.6	1.6	1.6
3.146	2.4	2.4	1.6	1.6	2.4
3.148	2.4	1.6	2.4	2.4	1.6
3.15	2.4	2.4	2.4	2.4	1.6
3.152	2.4	1.6	2.4	2.4	2.4
3.154	1.6	1.6	2.4	2.4	2.4
3.156	1.6	2.4	1.6	1.6	2.4
3.158	2.4	2.4	1.6	1.6	2.4
3.16	2.4	1.6	2.4	1.6	1.6
3.162	2.4	2.4	3.2	1.6	2.4
3.164	1.6	1.6	1.6	2.4	1.6
3.166	2.4	2.4	1.6	1.6	1.6
3.168	2.4	2.4	1.6	1.6	2.4
3.17	1.6	2.4	1.6	1.6	1.6
3.172	1.6	2.4	2.4	1.6	1.6
3.174	2.4	2.4	1.6	1.6	2.4
3.176	2.4	1.6	1.6	1.6	2.4
3.178	1.6	2.4	2.4	1.6	2.4
3.18	2.4	2.4	1.6	1.6	2.4
3.182	2.4	2.4	1.6	1.6	1.6
3.184	1.6	2.4	2.4	0.8	1.6
3.186	1.6	2.4	0.8	1.6	2.4
3.188	2.4	1.6	2.4	1.6	2.4
3.19	2.4	2.4	1.6	2.4	2.4
3.192	2.4	2.4	1.6	1.6	2.4
3.194	1.6	2.4	2.4	2.4	1.6
3.196	1.6	1.6	2.4	2.4	2.4
3.198	1.6	3.2	1.6	2.4	1.6
3.2	2.4	2.4	2.4	2.4	2.4
3.202	2.4	1.6	1.6	2.4	1.6
3.204	1.6	2.4	1.6	1.6	1.6
3.206	2.4	2.4	1.6	1.6	1.6
3.208	2.4	2.4	2.4	1.6	1.6
3.21	2.4	2.4	2.4	0.8	2.4
3.212	1.6	2.4	1.6	1.6	2.4
3.214	2.4	2.4	2.4	1.6	2.4
3.216	2.4	1.6	1.6	1.6	1.6
3.218	2.4	2.4	2.4	2.4	1.6
3.22	1.6	1.6	1.6	2.4	1.6
3.222	2.4	2.4	2.4	1.6	1.6
3.224	2.4	1.6	2.4	0.8	2.4
3.226	2.4	1.6	2.4	0.8	1.6
3.228	1.6	2.4	1.6	1.6	1.6
3.23	2.4	2.4	1.6	2.4	2.4
3.232	2.4	1.6	1.6	1.6	1.6
3.234	2.4	0.8	2.4	2.4	1.6
3.236	2.4	2.4	1.6	2.4	1.6
3.238	1.6	2.4	1.6	3.2	1.6
3.24	1.6	2.4	1.6	2.4	1.6
3.242	3.2	2.4	2.4	2.4	2.4
3.244	2.4	2.4	2.4	2.4	1.6
3.246	3.2	0.8	2.4	1.6	1.6
3.248	1.6	2.4	1.6	1.6	2.4
3.25	2.4	3.2	1.6	2.4	2.4
3.252	1.6	2.4	1.6	1.6	2.4
3.254	2.4	1.6	1.6	2.4	2.4
3.256	2.4	2.4	1.6	2.4	2.4
3.258	2.4	0.8	2.4	2.4	2.4
3.26	2.4	2.4	2.4	1.6	2.4
3.262	2.4	2.4	2.4	1.6	2.4
3.264	2.4	1.6	2.4	1.6	1.6
3.266	2.4	3.2	1.6	2.4	2.4
3.268	2.4	2.4	1.6	1.6	1.6
3.27	1.6	2.4	1.6	1.6	2.4
3.272	2.4	1.6	1.6	0.8	1.6
3.274	1.6	2.4	2.4	1.6	1.6
3.276	1.6	2.4	2.4	1.6	2.4
3.278	2.4	2.4	2.4	2.4	2.4
3.28	2.4	2.4	1.6	1.6	1.6
3.282	2.4	1.6	1.6	1.6	2.4
3.284	1.6	1.6	2.4	1.6	1.6
3.286	2.4	2.4	2.4	2.4	2.4
3.288	1.6	2.4	1.6	2.4	2.4
3.29	1.6	2.4	1.6	1.6	1.6
3.292	1.6	1.6	1.6	2.4	1.6
3.294	2.4	1.6	1.6	0.8	1.6
3.296	1.6	2.4	1.6	1.6	2.4
3.298	2.4	1.6	0.8	0.8	2.4
3.3	2.4	2.4	1.6	2.4	1.6
3.302	2.4	1.6	1.6	1.6	2.4
3.304	2.4	2.4	2.4	2.4	2.4
3.306	2.4	2.4	2.4	1.6	1.6
3.308	2.4	0.8	1.6	0.8	1.6
3.31	1.6	1.6	1.6	2.4	1.6
3.312	2.4	1.6	1.6	1.6	1.6
3.314	2.4	1.6	2.4	2.4	1.6
3.316	2.4	2.4	1.6	1.6	2.4
3.318	2.4	2.4	1.6	0.8	2.4
3.32	2.4	1.6	1.6	1.6	2.4
3.322	2.4	2.4	0.8	2.4	1.6
3.324	2.4	2.4	0.8	1.6	2.4
3.326	1.6	2.4	2.4	0.8	0.8
3.328	2.4	1.6	2.4	0.8	2.4
3.33	2.4	2.4	2.4	0.8	1.6
3.332	2.4	2.4	0.8	1.6	1.6
3.334	2.4	1.6	2.4	1.6	1.6
3.336	2.4	2.4	2.4	2.4	1.6
3.338	1.6	2.4	2.4	2.4	2.4
3.34	1.6	2.4	2.4	0.8	1.6
3.342	2.4	1.6	1.6	0.8	2.4
3.344	1.6	2.4	1.6	1.6	1.6
3.346	2.4	2.4	0.8	0.8	0.8
3.348	2.4	1.6	2.4	1.6	2.4
3.35	1.6	2.4	2.4	1.6	2.4
3.352	2.4	2.4	0.8	0.8	2.4
3.354	2.4	1.6	1.6	1.6	2.4
3.356	2.4	1.6	1.6	1.6	1.6
3.358	2.4	2.4	2.4	0.8	2.4
3.36	2.4	1.6	1.6	1.6	1.6
3.362	2.4	2.4	1.6	1.6	2.4
3.364	2.4	1.6	1.6	1.6	2.4
3.366	2.4	3.2	1.6	1.6	2.4
3.368	0.8	2.4	1.6	1.6	0.8
3.37	2.4	1.6	1.6	1.6	2.4
3.372	2.4	2.4	1.6	2.4	2.4
3.374	1.6	1.6	1.6	2.4	2.4
3.376	2.4	2.4	1.6	0.8	1.6
3.378	2.4	1.6	1.6	1.6	1.6
3.38	1.6	2.4	1.6	1.6	1.6
3.382	1.6	1.6	1.6	1.6	1.6
3.384	1.6	2.4	0.8	1.6	1.6
3.386	2.4	2.4	0.8	0.8	1.6
3.388	2.4	1.6	1.6	2.4	1.6
3.39	2.4	2.4	2.4	2.4	1.6
3.392	1.6	2.4	1.6	1.6	2.4
3.394	2.4	2.4	2.4	2.4	1.6
3.396	2.4	2.4	1.6	1.6	1.6
3.398	2.4	1.6	1.6	1.6	2.4
3.4	2.4	2.4	2.4	2.4	2.4
3.402	2.4	1.6	1.6	1.6	0.8
3.404	2.4	1.6	1.6	0.8	1.6
3.406	2.4	1.6	1.6	1.6	1.6
3.408	2.4	0.8	1.6	1.6	1.6
3.41	0.8	1.6	2.4	0.8	1.6
3.412	2.4	0.8	1.6	1.6	1.6
3.414	2.4	1.6	1.6	1.6	2.4
3.416	3.2	1.6	2.4	1.6	2.4
3.418	2.4	1.6	2.4	1.6	2.4
3.42	2.4	2.4	2.4	1.6	1.6
3.422	1.6	2.4	1.6	2.4	0.8
3.424	1.6	1.6	1.6	1.6	2.4
3.426	2.4	2.4	1.6	0.8	2.4
3.428	1.6	2.4	2.4	1.6	1.6
3.43	2.4	2.4	1.6	2.4	1.6
3.432	1.6	2.4	2.4	0.8	1.6
3.434	2.4	1.6	1.6	1.6	1.6
3.436	2.4	1.6	2.4	1.6	2.4
3.438	2.4	2.4	1.6	1.6	1.6
3.44	2.4	1.6	2.4	1.6	1.6
3.442	2.4	0.8	2.4	2.4	2.4
3.444	1.6	1.6	1.6	2.4	2.4
3.446	2.4	1.6	2.4	0	1.6
3.448	3.2	2.4	0.8	1.6	2.4
3.45	2.4	2.4	1.6	1.6	1.6
3.452	2.4	0.8	1.6	1.6	1.6
3.454	1.6	0.8	1.6	1.6	2.4
3.456	1.6	1.6	2.4	1.6	2.4
3.458	2.4	1.6	1.6	1.6	1.6
3.46	2.4	0	1.6	1.6	2.4
3.462	2.4	0.8	2.4	0.8	2.4
3.464	2.4	2.4	2.4	2.4	2.4
3.466	2.4	1.6	1.6	2.4	1.6
3.468	2.4	2.4	1.6	0.8	1.6
3.47	2.4	0.8	1.6	1.6	0
3.472	2.4	1.6	2.4	1.6	1.6
3.474	3.2	1.6	1.6	1.6	2.4
3.476	1.6	0.8	1.6	0.8	0.8
3.478	1.6	1.6	1.6	2.4	1.6
3.48	1.6	0.8	1.6	2.4	1.6
3.482	2.4	0.8	2.4	1.6	1.6
3.484	2.4	1.6	1.6	1.6	2.4
3.486	1.6	2.4	1.6	1.6	0.8
3.488	2.4	1.6	1.6	1.6	0.8
3.49	1.6	2.4	2.4	2.4	1.6
3.492	2.4	2.4	1.6	1.6	1.6
3.494	2.4	1.6	1.6	1.6	1.6
3.496	2.4	1.6	2.4	1.6	1.6
3.498	1.6	2.4	1.6	1.6	1.6
3.5	1.6	2.4	1.6	2.4	0.8
3.502	2.4	2.4	1.6	1.6	1.6
3.504	2.4	1.6	2.4	1.6	1.6
3.506	2.4	2.4	1.6	1.6	0.8
3.508	1.6	2.4	1.6	1.6	1.6
3.51	2.4	1.6	1.6	0.8	1.6
3.512	1.6	2.4	1.6	1.6	1.6
3.514	2.4	1.6	2.4	1.6	1.6
3.516	2.4	1.6	0.8	2.4	1.6
3.518	2.4	1.6	1.6	1.6	1.6
3.52	2.4	1.6	2.4	2.4	1.6
3.522	1.6	1.6	2.4	1.6	1.6
3.524	1.6	2.4	1.6	1.6	2.4
3.526	2.4	1.6	2.4	1.6	1.6
3.528	2.4	1.6	2.4	1.6	2.4
3.53	2.4	1.6	2.4	1.6	0.8
3.532	1.6	1.6	1.6	1.6	0.8
3.534	1.6	1.6	2.4	2.4	1.6
3.536	1.6	2.4	1.6	2.4	1.6
3.538	1.6	2.4	1.6	1.6	1.6
3.54	2.4	1.6	2.4	1.6	0.8
3.542	1.6	2.4	1.6	0.8	2.4
3.544	1.6	1.6	2.4	1.6	0.8
3.546	2.4	1.6	2.4	1.6	1.6
3.548	0.8	2.4	2.4	1.6	1.6
3.55	2.4	2.4	1.6	0.8	1.6
3.552	2.4	1.6	1.6	1.6	1.6
3.554	2.4	1.6	1.6	1.6	1.6
3.556	1.6	2.4	1.6	2.4	2.4
3.558	2.4	2.4	1.6	2.4	1.6
3.56	2.4	2.4	1.6	1.6	2.4
3.562	1.6	2.4	2.4	1.6	2.4
3.564	1.6	2.4	1.6	1.6	0.8
3.566	2.4	2.4	0.8	2.4	1.6
3.568	2.4	2.4	1.6	1.6	1.6
3.57	2.4	0.8	1.6	0.8	1.6
3.572	3.2	1.6	2.4	0.8	1.6
3.574	1.6	2.4	2.4	1.6	1.6
3.576	2.4	1.6	1.6	2.4	0.8
3.578	2.4	2.4	1.6	2.4	1.6
3.58	2.4	2.4	1.6	1.6	1.6
3.582	2.4	1.6	1.6	1.6	1.6
3.584	2.4	2.4	2.4	0.8	1.6
3.586	2.4	2.4	1.6	1.6	1.6
3.588	2.4	0.8	2.4	1.6	0.8
3.59	1.6	1.6	2.4	1.6	1.6
3.592	1.6	2.4	2.4	1.6	0.8
3.594	1.6	2.4	2.4	1.6	1.6
3.596	2.4	0.8	1.6	3.2	0.8
3.598	1.6	2.4	2.4	1.6	2.4
3.6	1.6	1.6	1.6	2.4	1.6
3.602	2.4	1.6	2.4	1.6	1.6
3.604	2.4	1.6	1.6	2.4	1.6
3.606	1.6	1.6	1.6	1.6	0.8
3.608	2.4	1.6	2.4	2.4	0.8
3.61	2.4	1.6	2.4	1.6	1.6
3.612	2.4	1.6	2.4	1.6	1.6
3.614	2.4	0.8	1.6	1.6	2.4
3.616	2.4	2.4	1.6	2.4	0.8
3.618	2.4	0.8	2.4	1.6	1.6
3.62	1.6	0.8	2.4	1.6	1.6
3.622	2.4	1.6	1.6	2.4	1.6
3.624	2.4	1.6	1.6	1.6	1.6
3.626	2.4	1.6	2.4	1.6	2.4
3.628	2.4	1.6	2.4	2.4	1.6
3.63	2.4	1.6	2.4	2.4	0.8
3.632	1.6	0.8	1.6	1.6	1.6
3.634	2.4	1.6	1.6	1.6	2.4
3.636	2.4	2.4	2.4	1.6	1.6
3.638	1.6	2.4	1.6	1.6	1.6
3.64	2.4	1.6	1.6	1.6	1.6
3.642	2.4	3.2	1.6	0.8	2.4
3.644	2.4	2.4	1.6	0.8	1.6
3.646	2.4	2.4	2.4	2.4	0.8
3.648	2.4	1.6	1.6	1.6	1.6
3.65	0.8	0.8	1.6	0.8	1.6
3.652	2.4	0.8	2.4	1.6	0.8
3.654	2.4	2.4	2.4	0.8	1.6
3.656	1.6	1.6	2.4	1.6	1.6
3.658	2.4	1.6	1.6	1.6	1.6
3.66	2.4	0.8	0.8	2.4	0.8
3.662	1.6	2.4	2.4	0.8	0.8
3.664	1.6	1.6	2.4	1.6	1.6
3.666	1.6	0.8	1.6	2.4	2.4
3.668	2.4	0.8	1.6	1.6	1.6
3.67	1.6	0.8	2.4	0.8	1.6
3.672	2.4	1.6	1.6	2.4	2.4
3.674	2.4	1.6	1.6	1.6	2.4
3.676	1.6	0.8	1.6	1.6	0.8
3.678	2.4	0.8	2.4	1.6	0.8
3.68	2.4	2.4	1.6	1.6	0.8
3.682	2.4	0.8	2.4	2.4	0.8
3.684	2.4	1.6	1.6	1.6	1.6
3.686	1.6	0.8	2.4	1.6	0.8
3.688	2.4	2.4	2.4	1.6	1.6
3.69	2.4	1.6	1.6	0.8	2.4
3.692	0.8	2.4	2.4	0.8	1.6
3.694	1.6	1.6	1.6	1.6	0.8
3.696	1.6	2.4	2.4	2.4	2.4
3.698	2.4	2.4	2.4	0.8	0.8
3.7	2.4	0.8	1.6	1.6	2.4
3.702	2.4	2.4	1.6	2.4	1.6
3.704	1.6	2.4	1.6	1.6	1.6
3.706	2.4	1.6	2.4	2.4	1.6
3.708	2.4	1.6	2.4	1.6	1.6
3.71	2.4	1.6	0.8	1.6	1.6
3.712	2.4	2.4	1.6	0.8	1.6
3.714	1.6	1.6	1.6	1.6	0.8
3.716	2.4	1.6	2.4	2.4	1.6
3.718	2.4	1.6	2.4	2.4	2.4
3.72	2.4	1.6	1.6	1.6	1.6
3.722	2.4	1.6	1.6	2.4	1.6
3.724	1.6	2.4	1.6	2.4	2.4
3.726	1.6	1.6	1.6	1.6	1.6
3.728	1.6	2.4	2.4	1.6	0.8
3.73	1.6	1.6	2.4	1.6	1.6
3.732	1.6	1.6	2.4	1.6	0.8
3.734	2.4	1.6	1.6	0.8	1.6
3.736	2.4	0.8	1.6	1.6	0.8
3.738	1.6	1.6	1.6	1.6	1.6
3.74	2.4	1.6	2.4	2.4	1.6
3.742	2.4	0.8	1.6	1.6	1.6
3.744	2.4	1.6	1.6	0.8	1.6
3.746	2.4	2.4	1.6	1.6	1.6
3.748	2.4	1.6	1.6	1.6	1.6
3.75	1.6	2.4	2.4	1.6	1.6
3.752	2.4	1.6	2.4	1.6	1.6
3.754	2.4	1.6	1.6	2.4	1.6
3.756	1.6	1.6	2.4	1.6	1.6
3.758	2.4	2.4	1.6	1.6	0.8
3.76	2.4	2.4	2.4	1.6	2.4
3.762	2.4	1.6	1.6	0.8	1.6
3.764	2.4	1.6	1.6	1.6	1.6
3.766	2.4	1.6	1.6	1.6	0.8
3.768	2.4	2.4	2.4	1.6	1.6
3.77	2.4	1.6	2.4	2.4	2.4
3.772	1.6	1.6	2.4	0.8	1.6
3.774	3.2	2.4	1.6	1.6	0.8
3.776	1.6	0.8	1.6	2.4	2.4
3.778	2.4	1.6	0.8	2.4	1.6
3.78	2.4	2.4	2.4	2.4	1.6
3.782	1.6	1.6	2.4	1.6	1.6
3.784	1.6	2.4	1.6	1.6	1.6
3.786	1.6	2.4	2.4	2.4	1.6
3.788	2.4	1.6	1.6	0.8	1.6
3.79	2.4	1.6	0.8	1.6	0.8
3.792	1.6	1.6	1.6	0.8	1.6
3.794	1.6	1.6	1.6	1.6	2.4
3.796	1.6	1.6	2.4	1.6	0.8
3.798	2.4	2.4	2.4	0.8	1.6
3.8	2.4	2.4	2.4	1.6	1.6
3.802	2.4	1.6	1.6	1.6	0.8
3.804	2.4	2.4	1.6	1.6	1.6
3.806	2.4	2.4	1.6	1.6	3.2
3.808	2.4	1.6	0.8	1.6	1.6
3.81	2.4	1.6	1.6	1.6	2.4
3.812	2.4	0.8	2.4	1.6	1.6
3.814	2.4	0.8	2.4	0.8	1.6
3.816	2.4	1.6	2.4	2.4	1.6
3.818	2.4	1.6	1.6	2.4	1.6
3.82	2.4	2.4	1.6	0.8	2.4
3.822	2.4	2.4	1.6	1.6	2.4
3.824	0.8	2.4	1.6	0.8	2.4
3.826	1.6	1.6	1.6	1.6	1.6
3.828	2.4	1.6	1.6	1.6	2.4
3.83	2.4	1.6	2.4	2.4	2.4
3.832	3.2	1.6	1.6	0.8	1.6
3.834	1.6	1.6	1.6	2.4	0.8
3.836	1.6	1.6	2.4	1.6	1.6
3.838	2.4	1.6	1.6	2.4	2.4
3.84	2.4	1.6	2.4	1.6	2.4
3.842	2.4	1.6	2.4	1.6	0.8
3.844	2.4	0.8	1.6	1.6	1.6
3.846	1.6	1.6	2.4	1.6	2.4
3.848	1.6	1.6	1.6	1.6	1.6
3.85	2.4	2.4	2.4	2.4	1.6
3.852	2.4	2.4	1.6	1.6	1.6
3.854	3.2	1.6	2.4	1.6	0.8
3.856	2.4	2.4	1.6	0.8	1.6
3.858	1.6	2.4	0.8	0.8	2.4
3.86	2.4	1.6	1.6	0.8	0.8
3.862	2.4	1.6	1.6	0.8	1.6
3.864	2.4	0.8	1.6	1.6	1.6
3.866	2.4	1.6	1.6	0.8	1.6
3.868	2.4	1.6	1.6	1.6	2.4
3.87	2.4	1.6	0.8	1.6	1.6
3.872	2.4	1.6	1.6	1.6	1.6
3.874	2.4	1.6	1.6	1.6	1.6
3.876	2.4	2.4	1.6	1.6	2.4
3.878	2.4	2.4	1.6	1.6	0.8
3.88	2.4	2.4	2.4	1.6	0.8
3.882	2.4	1.6	1.6	1.6	2.4
3.884	2.4	1.6	1.6	2.4	1.6
3.886	1.6	2.4	0.8	1.6	1.6
3.888	2.4	1.6	2.4	2.4	1.6
3.89	3.2	1.6	0.8	1.6	1.6
3.892	2.4	1.6	2.4	1.6	1.6
3.894	2.4	1.6	2.4	0.8	2.4
3.896	2.4	1.6	2.4	2.4	1.6
3.898	2.4	1.6	1.6	0.8	1.6
3.9	2.4	1.6	1.6	1.6	1.6
3.902	2.4	2.4	1.6	1.6	1.6
3.904	3.2	2.4	1.6	1.6	1.6
3.906	1.6	1.6	2.4	1.6	1.6
3.908	1.6	1.6	1.6	1.6	0.8
3.91	2.4	0.8	0.8	1.6	1.6
3.912	2.4	2.4	2.4	0.8	2.4
3.914	2.4	1.6	2.4	1.6	0.8
3.916	2.4	0.8	2.4	1.6	1.6
3.918	2.4	2.4	1.6	1.6	1.6
3.92	1.6	1.6	1.6	1.6	1.6
3.922	2.4	1.6	1.6	2.4	1.6
3.924	2.4	1.6	1.6	1.6	2.4
3.926	1.6	0.8	1.6	1.6	2.4
3.928	2.4	1.6	1.6	2.4	1.6
3.93	2.4	2.4	2.4	1.6	1.6
3.932	1.6	1.6	0.8	2.4	2.4
3.934	2.4	1.6	1.6	1.6	1.6
3.936	2.4	1.6	0.8	2.4	1.6
3.938	2.4	0.8	1.6	1.6	1.6
3.94	1.6	1.6	0.8	1.6	1.6
3.942	1.6	1.6	2.4	1.6	3.2
3.944	1.6	1.6	1.6	1.6	2.4
3.946	2.4	1.6	1.6	2.4	1.6
3.948	2.4	1.6	2.4	2.4	0.8
3.95	1.6	2.4	1.6	1.6	1.6
3.952	1.6	1.6	1.6	1.6	1.6
3.954	2.4	1.6	1.6	1.6	1.6
3.956	2.4	1.6	1.6	1.6	1.6
3.958	2.4	1.6	2.4	2.4	2.4
3.96	1.6	2.4	2.4	1.6	1.6
3.962	3.2	1.6	1.6	2.4	1.6
3.964	2.4	1.6	1.6	1.6	1.6
3.966	2.4	2.4	2.4	1.6	1.6
3.968	3.2	1.6	1.6	0.8	1.6
3.97	2.4	1.6	1.6	1.6	2.4
3.972	2.4	0.8	1.6	2.4	1.6
3.974	2.4	1.6	0.8	2.4	1.6
3.976	2.4	2.4	2.4	0.8	2.4
3.978	2.4	2.4	1.6	1.6	2.4
3.98	2.4	0.8	2.4	1.6	1.6
3.982	1.6	0.8	2.4	1.6	2.4
3.984	2.4	1.6	1.6	2.4	1.6
3.986	2.4	2.4	0.8	1.6	2.4
3.988	2.4	1.6	1.6	1.6	1.6
3.99	2.4	1.6	1.6	1.6	2.4
3.992	2.4	1.6	2.4	1.6	1.6
3.994	2.4	1.6	1.6	0.8	1.6
3.996	1.6	2.4	2.4	2.4	1.6
3.998	2.4	2.4	1.6	1.6	1.6
4	2.4	2.4	1.6	0.8	1.6
4.002	3.2	2.4	2.4	0.8	0.8
4.004	2.4	1.6	0.8	1.6	1.6
4.006	1.6	1.6	2.4	1.6	1.6
4.008	2.4	2.4	1.6	2.4	0.8
4.01	2.4	0.8	0.8	1.6	1.6
4.012	2.4	2.4	1.6	1.6	1.6
4.014	1.6	1.6	1.6	1.6	1.6
4.016	2.4	0.8	2.4	1.6	1.6
4.018	1.6	0.8	2.4	1.6	2.4
4.02	3.2	2.4	2.4	0.8	1.6
4.022	2.4	1.6	1.6	1.6	1.6
4.024	1.6	1.6	1.6	1.6	1.6
4.026	1.6	0.8	1.6	2.4	0.8
4.028	2.4	1.6	1.6	1.6	2.4
4.03	2.4	2.4	1.6	2.4	0.8
4.032	2.4	2.4	1.6	2.4	1.6
4.034	0.8	1.6	1.6	1.6	1.6
4.036	2.4	1.6	2.4	2.4	1.6
4.038	2.4	0.8	2.4	1.6	1.6
4.04	2.4	1.6	1.6	0.8	1.6
4.042	1.6	1.6	2.4	1.6	2.4
4.044	2.4	1.6	2.4	1.6	1.6
4.046	1.6	1.6	1.6	0.8	1.6
4.048	2.4	1.6	1.6	1.6	1.6
4.05	2.4	1.6	2.4	0.8	1.6
4.052	3.2	1.6	2.4	2.4	2.4
4.054	2.4	1.6	2.4	2.4	1.6
4.056	2.4	0.8	1.6	1.6	1.6
4.058	2.4	1.6	1.6	3.2	1.6
4.06	2.4	1.6	1.6	1.6	1.6
4.062	2.4	1.6	1.6	2.4	1.6
4.064	2.4	1.6	1.6	1.6	1.6
4.066	2.4	1.6	1.6	1.6	2.4
4.068	2.4	1.6	1.6	1.6	1.6
4.07	2.4	1.6	1.6	1.6	1.6
4.072	2.4	0.8	1.6	0.8	1.6
4.074	0.8	1.6	2.4	2.4	1.6
4.076	2.4	1.6	1.6	0.8	1.6
4.078	2.4	1.6	1.6	0.8	2.4
4.08	2.4	1.6	1.6	2.4	1.6
4.082	1.6	1.6	1.6	1.6	1.6
4.084	2.4	0.8	1.6	1.6	1.6
4.086	1.6	2.4	2.4	0.8	1.6
4.088	2.4	1.6	2.4	0.8	2.4
4.09	2.4	1.6	0.8	2.4	2.4
4.092	2.4	1.6	1.6	0.8	0.8
4.094	2.4	0.8	2.4	1.6	0.8
4.096	2.4	1.6	1.6	1.6	0.8
4.098	2.4	1.6	1.6	0.8	2.4
4.1	2.4	1.6	2.4	0.8	1.6
4.102	2.4	0.8	1.6	1.6	2.4
4.104	1.6	2.4	2.4	1.6	0.8
4.106	2.4	2.4	2.4	0.8	1.6
4.108	2.4	2.4	0.8	1.6	0.8
4.11	1.6	2.4	1.6	1.6	1.6
4.112	1.6	1.6	1.6	2.4	1.6
4.114	2.4	0.8	2.4	1.6	1.6
4.116	2.4	1.6	2.4	2.4	2.4
4.118	2.4	1.6	2.4	0.8	1.6
4.12	2.4	0.8	1.6	1.6	1.6
4.122	2.4	2.4	1.6	3.2	1.6
4.124	1.6	1.6	1.6	2.4	1.6
4.126	2.4	0.8	1.6	0.8	1.6
4.128	2.4	1.6	2.4	1.6	1.6
4.13	2.4	1.6	2.4	1.6	0.8
4.132	2.4	0.8	1.6	1.6	1.6
4.134	2.4	1.6	1.6	1.6	1.6
4.136	2.4	1.6	1.6	2.4	1.6
4.138	1.6	2.4	1.6	2.4	1.6
4.14	2.4	1.6	0.8	0.8	1.6
4.142	2.4	1.6	1.6	1.6	1.6
4.144	2.4	2.4	0.8	1.6	1.6
4.146	2.4	1.6	1.6	1.6	1.6
4.148	1.6	2.4	1.6	1.6	1.6
4.15	2.4	1.6	1.6	1.6	0.8
4.152	2.4	1.6	1.6	1.6	1.6
4.154	2.4	1.6	2.4	0.8	2.4
4.156	1.6	1.6	2.4	1.6	1.6
4.158	2.4	1.6	1.6	1.6	1.6
4.16	2.4	1.6	1.6	2.4	1.6
4.162	2.4	1.6	1.6	1.6	2.4
4.164	2.4	2.4	1.6	2.4	1.6
4.166	2.4	1.6	1.6	0.8	1.6
4.168	2.4	1.6	1.6	0.8	1.6
4.17	2.4	1.6	1.6	0.8	1.6
4.172	2.4	2.4	1.6	1.6	1.6
4.174	1.6	1.6	2.4	2.4	1.6
4.176	2.4	1.6	1.6	1.6	1.6
4.178	2.4	2.4	2.4	0.8	1.6
4.18	1.6	0.8	1.6	0.8	1.6
4.182	2.4	1.6	1.6	1.6	2.4
4.184	1.6	1.6	1.6	1.6	0.8
4.186	2.4	1.6	1.6	1.6	1.6
4.188	2.4	1.6	1.6	1.6	0.8
4.19	2.4	1.6	2.4	2.4	2.4
4.192	2.4	1.6	1.6	1.6	1.6
4.194	1.6	1.6	1.6	1.6	0.8
4.196	1.6	2.4	-102.4	2.4	2.4
4.198	2.4	2.4	-102.4	1.6	1.6
4.2	2.4	1.6	-102.4	2.4	0.8
4.202	2.4	2.4	-102.4	2.4	1.6
4.204	2.4	0.8	-102.4	1.6	2.4
4.206	2.4	1.6	-102.4	1.6	2.4
4.208	2.4	2.4	-102.4	1.6	1.6
4.21	2.4	1.6	-102.4	1.6	1.6
4.212	3.2	2.4	-102.4	1.6	2.4
4.214	2.4	1.6	-102.4	1.6	0.8
4.216	1.6	0.8	-102.4	1.6	1.6
4.218	2.4	1.6	-102.4	2.4	2.4
4.22	2.4	0.8	-102.4	2.4	0.8
4.222	2.4	1.6	-102.4	1.6	2.4
4.224	2.4	0.8	-102.4	1.6	1.6
4.226	1.6	1.6	-102.4	1.6	1.6
4.228	2.4	0.8	-102.4	1.6	1.6
4.23	2.4	2.4	-102.4	2.4	2.4
4.232	1.6	0.8	-102.4	1.6	1.6
4.234	1.6	1.6	-102.4	1.6	1.6
4.236	2.4	1.6	-102.4	1.6	0.8
4.238	2.4	0.8	-102.4	1.6	0.8
4.24	1.6	0.8	-102.4	2.4	0.8
4.242	0.8	1.6	-102.4	1.6	1.6
4.244	1.6	1.6	-102.4	1.6	2.4
4.246	2.4	1.6	-102.4	1.6	2.4
4.248	2.4	1.6	-102.4	1.6	0.8
4.25	1.6	0.8	-102.4	1.6	1.6
4.252	1.6	1.6	-102.4	1.6	1.6
4.254	2.4	1.6	-102.4	1.6	1.6
4.256	2.4	1.6	-102.4	1.6	1.6
4.258	2.4	2.4	-102.4	1.6	2.4
4.26	2.4	1.6	-102.4	1.6	0.8
4.262	2.4	1.6	-102.4	2.4	1.6
4.264	2.4	0.8	-102.4	1.6	0.8
4.266	1.6	1.6	-102.4	0.8	1.6
4.268	2.4	2.4	-102.4	1.6	0.8
4.27	2.4	0.8	-102.4	0.8	1.6
4.272	2.4	2.4	-102.4	2.4	0.8
4.274	2.4	1.6	-102.4	0.8	0.8
4.276	2.4	1.6	-102.4	0.8	1.6
4.278	1.6	2.4	-102.4	1.6	1.6
4.28	3.2	1.6	-102.4	1.6	0.8
4.282	1.6	2.4	-102.4	1.6	1.6
4.284	2.4	1.6	-102.4	2.4	0.8
4.286	2.4	1.6	-102.4	1.6	1.6
4.288	2.4	2.4	-102.4	1.6	0.8
4.29	3.2	2.4	-102.4	2.4	2.4
4.292	2.4	1.6	-102.4	2.4	1.6
4.294	2.4	1.6	-102.4	1.6	2.4
4.296	2.4	2.4	-102.4	2.4	0.8
4.298	2.4	1.6	-102.4	1.6	1.6
4.3	1.6	1.6	-102.4	1.6	1.6
4.302	2.4	1.6	-102.4	0.8	1.6
4.304	2.4	1.6	-102.4	2.4	1.6
4.306	1.6	1.6	-102.4	1.6	1.6
4.308	2.4	2.4	-102.4	1.6	1.6
4.31	2.4	1.6	-102.4	1.6	1.6
4.312	2.4	1.6	-102.4	1.6	1.6
4.314	2.4	0.8	-102.4	1.6	1.6
4.316	1.6	1.6	-102.4	1.6	1.6
4.318	1.6	0.8	-102.4	1.6	0.8
4.32	2.4	1.6	-102.4	1.6	1.6
4.322	2.4	1.6	-102.4	1.6	1.6
4.324	2.4	2.4	-102.4	2.4	1.6
4.326	1.6	2.4	-102.4	1.6	1.6
4.328	2.4	1.6	-102.4	1.6	2.4
4.33	2.4	1.6	-102.4	1.6	1.6
4.332	2.4	0.8	-102.4	1.6	1.6
4.334	1.6	2.4	-102.4	1.6	1.6
4.336	3.2	2.4	-102.4	1.6	1.6
4.338	1.6	0.8	-102.4	2.4	2.4
4.34	2.4	1.6	-102.4	1.6	1.6
4.342	2.4	1.6	-102.4	2.4	1.6
4.344	1.6	1.6	-102.4	2.4	1.6
4.346	1.6	1.6	-102.4	2.4	2.4
4.348	2.4	1.6	-102.4	1.6	2.4
4.35	2.4	1.6	-102.4	0.8	0.8
4.352	2.4	1.6	-102.4	1.6	0.8
4.354	2.4	0.8	-102.4	2.4	1.6
4.356	2.4	1.6	-102.4	1.6	1.6
4.358	2.4	0.8	-102.4	2.4	2.4
4.36	1.6	1.6	-102.4	2.4	0.8
4.362	2.4	0.8	-102.4	2.4	0.8
4.364	2.4	1.6	-102.4	1.6	0.8
4.366	2.4	1.6	-102.4	2.4	1.6
4.368	2.4	1.6	-102.4	1.6	1.6
4.37	1.6	1.6	-102.4	1.6	0.8
4.372	2.4	1.6	-102.4	1.6	1.6
4.374	2.4	0.8	-102.4	1.6	1.6
4.376	1.6	0.8	-102.4	0.8	0.8
4.378	1.6	1.6	-102.4	1.6	1.6
4.38	2.4	1.6	-102.4	1.6	1.6
4.382	2.4	1.6	-102.4	1.6	1.6
4.384	1.6	1.6	-102.4	1.6	2.4
4.386	2.4	1.6	-102.4	1.6	2.4
4.388	1.6	2.4	-102.4	1.6	1.6
4.39	1.6	1.6	-102.4	1.6	1.6
4.392	2.4	1.6	-102.4	2.4	1.6
4.394	2.4	1.6	-102.4	1.6	1.6
4.396	1.6	1.6	-102.4	1.6	1.6
4.398	1.6	1.6	-102.4	0.8	2.4
4.4	1.6	2.4	-102.4	2.4	2.4
4.402	2.4	1.6	-102.4	1.6	1.6
4.404	1.6	1.6	-102.4	1.6	1.6
4.406	2.4	1.6	-102.4	1.6	1.6
4.408	1.6	1.6	-102.4	0.8	1.6
4.41	2.4	2.4	-102.4	2.4	1.6
4.412	1.6	1.6	-102.4	1.6	1.6
4.414	1.6	1.6	-102.4	1.6	1.6
4.416	2.4	1.6	-102.4	0.8	1.6
4.418	1.6	1.6	-102.4	1.6	0.8
4.42	2.4	2.4	-102.4	1.6	0
4.422	2.4	1.6	-102.4	1.6	2.4
4.424	2.4	1.6	-102.4	2.4	2.4
4.426	1.6	1.6	-102.4	0.8	1.6
4.428	1.6	1.6	-102.4	1.6	1.6
4.43	2.4	1.6	-102.4	1.6	1.6
4.432	2.4	2.4	-102.4	2.4	1.6
4.434	2.4	1.6	-102.4	2.4	0.8
4.436	2.4	1.6	-102.4	0.8	0.8
4.438	2.4	1.6	-102.4	1.6	0.8
4.44	2.4	2.4	-102.4	0.8	2.4
4.442	1.6	1.6	-102.4	-102.4	1.6
4.444	2.4	2.4	-102.4	-102.4	1.6
4.446	1.6	1.6	-102.4	-102.4	1.6
4.448	1.6	1.6	-102.4	-102.4	1.6
4.45	2.4	1.6	-102.4	-102.4	0.8
4.452	2.4	1.6	-102.4	-102.4	2.4
4.454	2.4	1.6	-102.4	-102.4	2.4
4.456	2.4	1.6	-102.4	-102.4	0.8
4.458	2.4	1.6	-102.4	-102.4	1.6
4.46	2.4	2.4	-102.4	-102.4	1.6
4.462	2.4	1.6	-102.4	-102.4	2.4
4.464	2.4	0.8	-102.4	-102.4	1.6
4.466	2.4	1.6	-102.4	-102.4	-102.4
4.468	2.4	0.8	-102.4	-102.4	-102.4
4.47	2.4	1.6	-102.4	-102.4	-102.4
4.472	2.4	1.6	-102.4	-102.4	-102.4
4.474	2.4	2.4	-102.4	-102.4	-102.4
4.476	2.4	1.6	-102.4	-102.4	-102.4
4.478	2.4	1.6	-102.4	-102.4	-102.4
4.48	1.6	0.8	-102.4	-102.4	-102.4
4.482	2.4	1.6	-102.4	-102.4	-102.4
4.484	1.6	1.6	-102.4	-102.4	-102.4
4.486	1.6	1.6	-102.4	-102.4	-102.4
4.488	1.6	1.6	-102.4	-102.4	-102.4
4.49	1.6	1.6	-102.4	-102.4	-102.4
4.492	2.4	1.6	-102.4	-102.4	-102.4
4.494	2.4	1.6	-102.4	-102.4	-102.4
4.496	1.6	2.4	-102.4	-102.4	-102.4
4.498	2.4	0.8	-102.4	-102.4	-102.4
4.5	2.4	2.4	-102.4	-102.4	-102.4
4.502	2.4	1.6	-102.4	-102.4	-102.4
4.504	1.6	0.8	-102.4	-102.4	-102.4
4.506	2.4	1.6	-102.4	-102.4	-102.4
4.508	1.6	1.6	-102.4	-102.4	-102.4
4.51	1.6	1.6	-102.4	-102.4	-102.4
4.512	1.6	1.6	-102.4	-102.4	-102.4
4.514	2.4	0.8	-102.4	-102.4	-102.4
4.516	1.6	1.6	-102.4	-102.4	-102.4
4.518	1.6	1.6	-102.4	-102.4	-102.4
4.52	2.4	0.8	-102.4	-102.4	-102.4
4.522	1.6	2.4	-102.4	-102.4	-102.4
4.524	2.4	1.6	-102.4	-102.4	-102.4
4.526	2.4	1.6	-102.4	-102.4	-102.4
4.528	2.4	0.8	-102.4	-102.4	-102.4
4.53	1.6	1.6	-102.4	-102.4	-102.4
4.532	1.6	1.6	-102.4	-102.4	-102.4
4.534	1.6	1.6	-102.4	-102.4	-102.4
4.536	2.4	1.6	-102.4	-102.4	-102.4
4.538	2.4	1.6	-102.4	-102.4	-102.4
4.54	2.4	0.8	-102.4	-102.4	-102.4
4.542	2.4	1.6	-102.4	-102.4	-102.4
4.544	2.4	2.4	-102.4	-102.4	-102.4
4.546	1.6	1.6	-102.4	-102.4	-102.4
4.548	2.4	1.6	-102.4	-102.4	-102.4
4.55	1.6	1.6	-102.4	-102.4	-102.4
4.552	2.4	1.6	-102.4	-102.4	-102.4
4.554	1.6	0.8	-102.4	-102.4	-102.4
4.556	3.2	2.4	-102.4	-102.4	-102.4
4.558	1.6	1.6	-102.4	-102.4	-102.4
4.56	1.6	1.6	-102.4	-102.4	-102.4
4.562	1.6	1.6	-102.4	-102.4	-102.4
4.564	2.4	1.6	-102.4	-102.4	-102.4
4.566	2.4	0.8	-102.4	-102.4	-102.4
4.568	2.4	1.6	-102.4	-102.4	-102.4
4.57	2.4	1.6	-102.4	-102.4	-102.4
4.572	2.4	1.6	-102.4	-102.4	-102.4
4.574	1.6	1.6	-102.4	-102.4	-102.4
4.576	1.6	1.6	-102.4	-102.4	-102.4
4.578	2.4	1.6	-102.4	-102.4	-102.4
4.58	2.4	0.8	-102.4	-102.4	-102.4
4.582	1.6	1.6	-102.4	-102.4	-102.4
4.584	2.4	0.8	-102.4	-102.4	-102.4
4.586	2.4	0.8	-102.4	-102.4	-102.4
4.588	2.4	1.6	-102.4	-102.4	-102.4
4.59	2.4	1.6	-102.4	-102.4	-102.4
4.592	2.4	1.6	-102.4	-102.4	-102.4
4.594	2.4	1.6	-102.4	-102.4	-102.4
4.596	2.4	1.6	-102.4	-102.4	-102.4
4.598	2.4	1.6	-102.4	-102.4	-102.4
4.6	2.4	1.6	-102.4	-102.4	-102.4
4.602	2.4	1.6	-102.4	-102.4	-102.4
4.604	2.4	1.6	-102.4	-102.4	-102.4
4.606	1.6	1.6	-102.4	-102.4	-102.4
4.608	1.6	1.6	-102.4	-102.4	-102.4
4.61	2.4	2.4	-102.4	-102.4	-102.4
4.612	2.4	2.4	-102.4	-102.4	-102.4
4.614	2.4	1.6	-102.4	-102.4	-102.4
4.616	2.4	2.4	-102.4	-102.4	-102.4
4.618	1.6	2.4	-102.4	-102.4	-102.4
4.62	2.4	1.6	-102.4	-102.4	-102.4
4.622	1.6	2.4	-102.4	-102.4	-102.4
4.624	1.6	1.6	-102.4	-102.4	-102.4
4.626	2.4	0.8	-102.4	-102.4	-102.4
4.628	2.4	1.6	-102.4	-102.4	-102.4
4.63	2.4	1.6	-102.4	-102.4	-102.4
4.632	1.6	1.6	-102.4	-102.4	-102.4
4.634	2.4	2.4	-102.4	-102.4	-102.4
4.636	3.2	0.8	-102.4	-102.4	-102.4
4.638	2.4	0.8	-102.4	-102.4	-102.4
4.64	2.4	1.6	-102.4	-102.4	-102.4
4.642	2.4	1.6	-102.4	-102.4	-102.4
4.644	2.4	1.6	-102.4	-102.4	-102.4
4.646	2.4	1.6	-102.4	-102.4	-102.4
4.648	2.4	1.6	-102.4	-102.4	-102.4
4.65	1.6	1.6	-102.4	-102.4	-102.4
4.652	1.6	1.6	-102.4	-102.4	-102.4
4.654	2.4	2.4	-102.4	-102.4	-102.4
4.656	2.4	1.6	-102.4	-102.4	-102.4
4.658	2.4	1.6	-102.4	-102.4	-102.4
4.66	1.6	1.6	-102.4	-102.4	-102.4
4.662	2.4	1.6	-102.4	-102.4	-102.4
4.664	2.4	0.8	-102.4	-102.4	-102.4
4.666	1.6	1.6	-102.4	-102.4	-102.4
4.668	1.6	1.6	-102.4	-102.4	-102.4
4.67	1.6	1.6	-102.4	-102.4	-102.4
4.672	2.4	0.8	-102.4	-102.4	-102.4
4.674	2.4	1.6	-102.4	-102.4	-102.4
4.676	2.4	1.6	-102.4	-102.4	-102.4
4.678	1.6	2.4	-102.4	-102.4	-102.4
4.68	2.4	1.6	-102.4	-102.4	-102.4
4.682	2.4	2.4	-102.4	-102.4	-102.4
4.684	2.4	0.8	-102.4	-102.4	-102.4
4.686	2.4	1.6	-102.4	-102.4	-102.4
4.688	2.4	1.6	-102.4	-102.4	-102.4
4.69	1.6	1.6	-102.4	-102.4	-102.4
4.692	2.4	1.6	-102.4	-102.4	-102.4
4.694	2.4	1.6	2.4	-102.4	-102.4
4.696	1.6	1.6	2.4	-102.4	-102.4
4.698	2.4	1.6	2.4	-102.4	-102.4
4.7	2.4	0.8	2.4	-102.4	-102.4
4.702	3.2	0.8	1.6	-102.4	-102.4
4.704	2.4	1.6	2.4	-102.4	-102.4
4.706	1.6	2.4	2.4	-102.4	-102.4
4.708	1.6	3.2	2.4	-102.4	-102.4
4.71	2.4	0.8	1.6	-102.4	-102.4
4.712	1.6	1.6	2.4	-102.4	-102.4
4.714	2.4	1.6	2.4	-102.4	-102.4
4.716	2.4	1.6	2.4	-102.4	-102.4
4.718	2.4	0.8	1.6	-102.4	-102.4
4.72	2.4	1.6	1.6	-102.4	-102.4
4.722	1.6	1.6	2.4	-102.4	-102.4
4.724	2.4	1.6	1.6	-102.4	-102.4
4.726	2.4	1.6	2.4	-102.4	-102.4
4.728	1.6	2.4	1.6	-102.4	-102.4
4.73	2.4	1.6	1.6	-102.4	-102.4
4.732	1.6	1.6	2.4	-102.4	-102.4
4.734	1.6	1.6	2.4	-102.4	-102.4
4.736	2.4	1.6	2.4	-102.4	-102.4
4.738	1.6	1.6	2.4	-102.4	-102.4
4.74	1.6	0.8	2.4	-102.4	-102.4
4.742	2.4	1.6	2.4	-102.4	-102.4
4.744	2.4	1.6	3.2	-102.4	-102.4
4.746	2.4	1.6	2.4	-102.4	-102.4
4.748	0.8	1.6	2.4	-102.4	-102.4
4.75	1.6	1.6	2.4	-102.4	-102.4
4.752	2.4	1.6	2.4	-102.4	-102.4
4.754	1.6	1.6	2.4	-102.4	-102.4
4.756	2.4	1.6	2.4	-102.4	-102.4
4.758	2.4	1.6	2.4	-102.4	-102.4
4.76	2.4	1.6	2.4	-102.4	-102.4
4.762	1.6	2.4	2.4	-102.4	-102.4
4.764	2.4	2.4	2.4	-102.4	-102.4
4.766	3.2	1.6	2.4	-102.4	-102.4
4.768	1.6	1.6	3.2	-102.4	-102.4
4.77	1.6	0.8	2.4	-102.4	-102.4
4.772	2.4	2.4	2.4	-102.4	-102.4
4.774	2.4	0.8	2.4	-102.4	-102.4
4.776	2.4	1.6	2.4	-102.4	-102.4
4.778	2.4	1.6	2.4	-102.4	-102.4
4.78	2.4	0.8	2.4	-102.4	-102.4
4.782	2.4	1.6	2.4	-102.4	-102.4
4.784	1.6	1.6	2.4	-102.4	-102.4
4.786	1.6	1.6	2.4	-102.4	-102.4
4.788	3.2	1.6	2.4	-102.4	-102.4
4.79	1.6	2.4	2.4	-102.4	-102.4
4.792	1.6	1.6	1.6	-102.4	-102.4
4.794	1.6	1.6	1.6	-102.4	-102.4
4.796	2.4	1.6	2.4	-102.4	-102.4
4.798	0.8	1.6	2.4	-102.4	-102.4
4.8	1.6	2.4	2.4	-102.4	-102.4
4.802	1.6	2.4	2.4	-102.4	-102.4
4.804	2.4	1.6	2.4	-102.4	-102.4
4.806	2.4	1.6	1.6	-102.4	-102.4
4.808	2.4	1.6	2.4	-102.4	-102.4
4.81	2.4	1.6	2.4	-102.4	-102.4
4.812	2.4	1.6	2.4	-102.4	-102.4
4.814	2.4	1.6	1.6	-102.4	-102.4
4.816	2.4	1.6	1.6	-102.4	-102.4
4.818	1.6	0.8	3.2	-102.4	-102.4
4.82	2.4	1.6	2.4	-102.4	-102.4
4.822	2.4	1.6	2.4	-102.4	-102.4
4.824	1.6	1.6	1.6	-102.4	-102.4
4.826	1.6	2.4	2.4	-102.4	-102.4
4.828	2.4	1.6	2.4	-102.4	-102.4
4.83	1.6	1.6	2.4	-102.4	-102.4
4.832	2.4	1.6	1.6	-102.4	-102.4
4.834	2.4	1.6	3.2	-102.4	-102.4
4.836	2.4	1.6	1.6	-102.4	-102.4
4.838	2.4	1.6	2.4	-102.4	-102.4
4.84	3.2	1.6	2.4	-102.4	-102.4
4.842	1.6	0.8	2.4	-102.4	-102.4
4.844	1.6	1.6	1.6	-102.4	-102.4
4.846	2.4	2.4	2.4	-102.4	-102.4
4.848	0.8	1.6	2.4	-102.4	-102.4
4.85	2.4	1.6	2.4	-102.4	-102.4
4.852	2.4	0.8	2.4	-102.4	-102.4
4.854	2.4	0.8	2.4	-102.4	-102.4
4.856	2.4	1.6	2.4	-102.4	-102.4
4.858	1.6	1.6	2.4	-102.4	-102.4
4.86	2.4	1.6	2.4	-102.4	-102.4
4.862	2.4	2.4	2.4	-102.4	-102.4
4.864	2.4	1.6	2.4	-102.4	-102.4
4.866	2.4	1.6	2.4	-102.4	-102.4
4.868	1.6	1.6	2.4	-102.4	-102.4
4.87	1.6	1.6	2.4	-102.4	-102.4
4.872	1.6	1.6	1.6	-102.4	-102.4
4.874	2.4	1.6	2.4	-102.4	-102.4
4.876	2.4	1.6	2.4	-102.4	-102.4
4.878	2.4	1.6	2.4	-102.4	-102.4
4.88	2.4	0.8	1.6	-102.4	-102.4
4.882	1.6	0.8	3.2	-102.4	-102.4
4.884	2.4	0.8	1.6	-102.4	-102.4
4.886	1.6	0.8	2.4	-102.4	-102.4
4.888	1.6	2.4	1.6	-102.4	-102.4
4.89	1.6	1.6	2.4	-102.4	-102.4
4.892	1.6	1.6	2.4	-102.4	-102.4
4.894	1.6	2.4	3.2	-102.4	-102.4
4.896	2.4	1.6	2.4	-102.4	-102.4
4.898	1.6	1.6	2.4	-102.4	-102.4
4.9	2.4	1.6	2.4	-102.4	-102.4
4.902	2.4	0.8	3.2	-102.4	-102.4
4.904	1.6	1.6	1.6	-102.4	-102.4
4.906	1.6	1.6	2.4	-102.4	-102.4
4.908	2.4	1.6	2.4	-102.4	-102.4
4.91	2.4	2.4	2.4	-102.4	-102.4
4.912	2.4	1.6	2.4	-102.4	-102.4
4.914	3.2	0.8	2.4	-102.4	-102.4
4.916	2.4	1.6	2.4	-102.4	-102.4
4.918	3.2	1.6	2.4	-102.4	-102.4
4.92	1.6	1.6	2.4	-102.4	-102.4
4.922	0.8	0.8	2.4	-102.4	-102.4
4.924	3.2	2.4	3.2	-102.4	-102.4
4.926	2.4	1.6	2.4	-102.4	-102.4
4.928	2.4	0.8	2.4	-102.4	-102.4
4.93	1.6	1.6	2.4	-102.4	-102.4
4.932	2.4	2.4	2.4	-102.4	-102.4
4.934	1.6	1.6	2.4	-102.4	-102.4
4.936	1.6	0.8	2.4	-102.4	-102.4
4.938	2.4	2.4	2.4	-102.4	-102.4
4.94	2.4	2.4	2.4	-102.4	-102.4
4.942	2.4	1.6	2.4	2.4	-102.4
4.944	2.4	1.6	2.4	2.4	-102.4
4.946	2.4	0.8	2.4	2.4	-102.4
4.948	2.4	0.8	2.4	1.6	-102.4
4.95	2.4	0.8	2.4	1.6	-102.4
4.952	3.2	0.8	2.4	2.4	-102.4
4.954	2.4	1.6	2.4	2.4	-102.4
4.956	2.4	0.8	1.6	1.6	-102.4
4.958	2.4	1.6	3.2	2.4	-102.4
4.96	2.4	2.4	1.6	2.4	-102.4
4.962	1.6	0.8	1.6	2.4	-102.4
4.964	1.6	1.6	1.6	2.4	2.4
4.966	0.8	0.8	2.4	2.4	2.4
4.968	2.4	1.6	2.4	2.4	1.6
4.97	1.6	1.6	2.4	1.6	1.6
4.972	2.4	1.6	2.4	2.4	1.6
4.974	2.4	1.6	1.6	1.6	1.6
4.976	1.6	1.6	1.6	1.6	2.4
4.978	3.2	0.8	2.4	2.4	2.4
4.98	2.4	1.6	2.4	1.6	0.8
4.982	2.4	1.6	2.4	1.6	1.6
4.984	2.4	1.6	1.6	2.4	2.4
4.986	1.6	1.6	2.4	1.6	1.6
4.988	2.4	1.6	2.4	0.8	1.6
4.99	1.6	1.6	2.4	1.6	1.6
4.992	1.6	1.6	2.4	1.6	1.6
4.994	0.8	1.6	2.4	1.6	1.6
4.996	1.6	0	2.4	2.4	1.6
4.998	2.4	1.6	3.2	1.6	2.4
