Time	1st	2nd	3rd	4th	5th
0	4	4	-102.4	-102.4	-102.4
0.002	3.2	3.2	-102.4	-102.4	-102.4
0.004	4	3.2	-102.4	-102.4	-102.4
0.006	3.2	3.2	-102.4	-102.4	-102.4
0.008	3.2	4	-102.4	-102.4	-102.4
0.01	2.4	2.4	-102.4	-102.4	-102.4
0.012	4	2.4	-102.4	-102.4	-102.4
0.014	4	3.2	-102.4	-102.4	-102.4
0.016	3.2	4	-102.4	-102.4	-102.4
0.018	3.2	3.2	-102.4	-102.4	-102.4
0.02	3.2	4	-102.4	-102.4	-102.4
0.022	4	4	-102.4	-102.4	-102.4
0.024	3.2	3.2	-102.4	-102.4	-102.4
0.026	3.2	3.2	-102.4	-102.4	-102.4
0.028	4	4	-102.4	-102.4	-102.4
0.03	4	4	-102.4	-102.4	-102.4
0.032	3.2	4	-102.4	-102.4	-102.4
0.034	3.2	3.2	-102.4	-102.4	-102.4
0.036	3.2	4	-102.4	-102.4	-102.4
0.038	3.2	3.2	-102.4	-102.4	-102.4
0.04	2.4	4	-102.4	-102.4	-102.4
0.042	3.2	4	-102.4	-102.4	-102.4
0.044	3.2	3.2	-102.4	-102.4	-102.4
0.046	3.2	4	-102.4	-102.4	-102.4
0.048	2.4	3.2	-102.4	-102.4	-102.4
0.05	3.2	3.2	-102.4	-102.4	-102.4
0.052	3.2	3.2	-102.4	-102.4	-102.4
0.054	2.4	3.2	-102.4	-102.4	-102.4
0.056	4	3.2	-102.4	-102.4	-102.4
0.058	3.2	2.4	-102.4	-102.4	-102.4
0.06	3.2	4	-102.4	-102.4	3.2
0.062	2.4	-102.4	-102.4	-102.4	3.2
0.064	2.4	-102.4	-102.4	-102.4	3.2
0.066	4	-102.4	-102.4	-102.4	4
0.068	3.2	-102.4	-102.4	-102.4	3.2
0.07	4	-102.4	-102.4	-102.4	3.2
0.072	3.2	-102.4	-102.4	-102.4	3.2
0.074	3.2	-102.4	-102.4	-102.4	3.2
0.076	4	-102.4	-102.4	-102.4	4
0.078	3.2	-102.4	-102.4	-102.4	3.2
0.08	4	-102.4	-102.4	-102.4	1.6
0.082	4	-102.4	-102.4	-102.4	3.2
0.084	3.2	-102.4	-102.4	-102.4	4
0.086	3.2	-102.4	-102.4	-102.4	4
0.088	2.4	-102.4	-102.4	-102.4	3.2
0.09	3.2	-102.4	-102.4	-102.4	3.2
0.092	3.2	-102.4	-102.4	-102.4	4
0.094	3.2	-102.4	-102.4	-102.4	3.2
0.096	3.2	-102.4	-102.4	-102.4	4
0.098	3.2	-102.4	-102.4	-102.4	4
0.1	3.2	-102.4	-102.4	-102.4	4
0.102	4	-102.4	-102.4	-102.4	3.2
0.104	4	-102.4	-102.4	-102.4	4
0.106	3.2	-102.4	-102.4	-102.4	3.2
0.108	4	-102.4	-102.4	-102.4	4
0.11	4	-102.4	-102.4	-102.4	4
0.112	4	-102.4	-102.4	-102.4	4
0.114	4	-102.4	-102.4	-102.4	3.2
0.116	2.4	-102.4	-102.4	-102.4	4
0.118	3.2	-102.4	-102.4	-102.4	4
0.12	3.2	-102.4	-102.4	-102.4	4
0.122	2.4	-102.4	-102.4	-102.4	4
0.124	3.2	-102.4	-102.4	-102.4	3.2
0.126	3.2	-102.4	-102.4	-102.4	4
0.128	3.2	-102.4	-102.4	-102.4	3.2
0.13	4	-102.4	-102.4	-102.4	3.2
0.132	4	-102.4	-102.4	-102.4	3.2
0.134	4	-102.4	-102.4	-102.4	4
0.136	2.4	-102.4	-102.4	-102.4	4
0.138	3.2	-102.4	-102.4	-102.4	3.2
0.14	4	-102.4	-102.4	-102.4	3.2
0.142	4	-102.4	-102.4	-102.4	4
0.144	4	-102.4	-102.4	-102.4	3.2
0.146	3.2	-102.4	-102.4	-102.4	3.2
0.148	2.4	-102.4	-102.4	-102.4	4
0.15	4	-102.4	-102.4	-102.4	4
0.152	3.2	-102.4	-102.4	-102.4	3.2
0.154	2.4	-102.4	-102.4	-102.4	3.2
0.156	4	-102.4	-102.4	-102.4	4
0.158	3.2	-102.4	-102.4	-102.4	2.4
0.16	3.2	-102.4	-102.4	-102.4	3.2
0.162	4	-102.4	-102.4	-102.4	3.2
0.164	2.4	-102.4	-102.4	-102.4	4
0.166	2.4	-102.4	-102.4	-102.4	4
0.168	4	-102.4	-102.4	-102.4	4
0.17	4	-102.4	-102.4	-102.4	4
0.172	3.2	-102.4	-102.4	-102.4	3.2
0.174	3.2	-102.4	-102.4	-102.4	3.2
0.176	3.2	-102.4	-102.4	-102.4	3.2
0.178	3.2	-102.4	-102.4	-102.4	3.2
0.18	3.2	-102.4	-102.4	-102.4	2.4
0.182	-102.4	-102.4	-102.4	-102.4	3.2
0.184	-102.4	-102.4	-102.4	-102.4	4
0.186	-102.4	-102.4	-102.4	-102.4	3.2
0.188	-102.4	-102.4	-102.4	-102.4	4
0.19	-102.4	-102.4	-102.4	-102.4	3.2
0.192	-102.4	-102.4	-102.4	-102.4	4
0.194	-102.4	-102.4	-102.4	-102.4	4
0.196	-102.4	-102.4	-102.4	-102.4	4
0.198	-102.4	-102.4	-102.4	-102.4	4
0.2	-102.4	-102.4	-102.4	-102.4	3.2
0.202	-102.4	-102.4	-102.4	-102.4	3.2
0.204	-102.4	-102.4	-102.4	-102.4	3.2
0.206	-102.4	-102.4	-102.4	-102.4	3.2
0.208	-102.4	-102.4	-102.4	-102.4	3.2
0.21	-102.4	-102.4	-102.4	-102.4	4
0.212	-102.4	-102.4	-102.4	-102.4	3.2
0.214	-102.4	-102.4	-102.4	-102.4	3.2
0.216	-102.4	-102.4	-102.4	-102.4	2.4
0.218	-102.4	-102.4	-102.4	-102.4	4
0.22	-102.4	-102.4	-102.4	-102.4	3.2
0.222	-102.4	-102.4	-102.4	-102.4	3.2
0.224	-102.4	-102.4	-102.4	-102.4	3.2
0.226	-102.4	-102.4	-102.4	-102.4	4
0.228	-102.4	-102.4	-102.4	-102.4	4
0.23	-102.4	-102.4	-102.4	-102.4	4
0.232	-102.4	-102.4	-102.4	-102.4	3.2
0.234	-102.4	-102.4	-102.4	-102.4	3.2
0.236	-102.4	-102.4	-102.4	-102.4	3.2
0.238	-102.4	-102.4	-102.4	-102.4	4
0.24	-102.4	-102.4	-102.4	-102.4	2.4
0.242	-102.4	-102.4	-102.4	-102.4	3.2
0.244	-102.4	-102.4	-102.4	-102.4	3.2
0.246	-102.4	-102.4	-102.4	-102.4	2.4
0.248	-102.4	-102.4	-102.4	-102.4	4
0.25	-102.4	-102.4	-102.4	-102.4	3.2
0.252	-102.4	-102.4	-102.4	-102.4	3.2
0.254	-102.4	-102.4	-102.4	-102.4	3.2
0.256	-102.4	-102.4	-102.4	-102.4	4
0.258	-102.4	-102.4	-102.4	-102.4	4
0.26	-102.4	-102.4	-102.4	-102.4	3.2
0.262	-102.4	-102.4	-102.4	-102.4	3.2
0.264	-102.4	-102.4	-102.4	-102.4	3.2
0.266	-102.4	-102.4	-102.4	-102.4	4
0.268	-102.4	-102.4	-102.4	-102.4	4
0.27	-102.4	-102.4	-102.4	-102.4	3.2
0.272	-102.4	-102.4	-102.4	-102.4	3.2
0.274	-102.4	-102.4	-102.4	-102.4	4
0.276	-102.4	-102.4	-102.4	-102.4	3.2
0.278	-102.4	-102.4	-102.4	-102.4	4
0.28	-102.4	-102.4	-102.4	-102.4	3.2
0.282	-102.4	-102.4	-102.4	-102.4	3.2
0.284	-102.4	-102.4	-102.4	-102.4	3.2
0.286	-102.4	-102.4	-102.4	-102.4	3.2
0.288	-102.4	-102.4	-102.4	-102.4	3.2
0.29	-102.4	-102.4	-102.4	-102.4	4
0.292	-102.4	-102.4	-102.4	-102.4	3.2
0.294	-102.4	-102.4	-102.4	-102.4	3.2
0.296	-102.4	-102.4	-102.4	-102.4	3.2
0.298	-102.4	-102.4	-102.4	-102.4	4
0.3	-102.4	-102.4	-102.4	-102.4	3.2
0.302	-102.4	-102.4	-102.4	-102.4	3.2
0.304	-102.4	-102.4	-102.4	-102.4	3.2
0.306	-102.4	-102.4	-102.4	-102.4	3.2
0.308	-102.4	-102.4	-102.4	-102.4	2.4
0.31	-102.4	-102.4	-102.4	-102.4	4
0.312	-102.4	-102.4	-102.4	-102.4	4
0.314	-102.4	-102.4	-102.4	-102.4	3.2
0.316	-102.4	-102.4	-102.4	-102.4	3.2
0.318	-102.4	-102.4	-102.4	-102.4	4
0.32	-102.4	-102.4	-102.4	-102.4	4
0.322	-102.4	-102.4	-102.4	-102.4	3.2
0.324	-102.4	-102.4	-102.4	-102.4	3.2
0.326	-102.4	-102.4	-102.4	-102.4	2.4
0.328	-102.4	-102.4	-102.4	-102.4	3.2
0.33	-102.4	-102.4	-102.4	-102.4	4
0.332	-102.4	-102.4	-102.4	-102.4	4
0.334	-102.4	-102.4	-102.4	-102.4	3.2
0.336	-102.4	-102.4	-102.4	-102.4	3.2
0.338	-102.4	-102.4	-102.4	-102.4	3.2
0.34	-102.4	-102.4	-102.4	-102.4	3.2
0.342	-102.4	-102.4	-102.4	-102.4	3.2
0.344	-102.4	-102.4	-102.4	-102.4	4
0.346	-102.4	-102.4	-102.4	-102.4	3.2
0.348	-102.4	-102.4	-102.4	-102.4	3.2
0.35	-102.4	-102.4	-102.4	-102.4	4
0.352	-102.4	-102.4	-102.4	-102.4	3.2
0.354	-102.4	-102.4	-102.4	-102.4	4
0.356	-102.4	-102.4	-102.4	-102.4	2.4
0.358	-102.4	-102.4	-102.4	-102.4	3.2
0.36	-102.4	-102.4	-102.4	-102.4	3.2
0.362	-102.4	-102.4	-102.4	-102.4	4
0.364	-102.4	-102.4	-102.4	-102.4	3.2
0.366	-102.4	-102.4	-102.4	-102.4	3.2
0.368	-102.4	-102.4	-102.4	-102.4	4
0.37	-102.4	-102.4	-102.4	-102.4	4
0.372	-102.4	-102.4	-102.4	-102.4	4
0.374	-102.4	-102.4	-102.4	-102.4	3.2
0.376	-102.4	-102.4	-102.4	-102.4	3.2
0.378	-102.4	-102.4	-102.4	-102.4	2.4
0.38	-102.4	-102.4	-102.4	-102.4	4
0.382	-102.4	-102.4	-102.4	-102.4	4
0.384	-102.4	-102.4	-102.4	-102.4	4
0.386	-102.4	-102.4	-102.4	-102.4	3.2
0.388	-102.4	-102.4	-102.4	-102.4	2.4
0.39	-102.4	-102.4	-102.4	-102.4	2.4
0.392	-102.4	-102.4	3.2	-102.4	3.2
0.394	-102.4	-102.4	3.2	-102.4	3.2
0.396	-102.4	-102.4	3.2	-102.4	3.2
0.398	-102.4	-102.4	4	-102.4	2.4
0.4	-102.4	-102.4	4	-102.4	3.2
0.402	-102.4	-102.4	3.2	-102.4	4
0.404	-102.4	-102.4	3.2	-102.4	2.4
0.406	-102.4	-102.4	4	-102.4	4
0.408	-102.4	-102.4	3.2	-102.4	4
0.41	-102.4	-102.4	3.2	-102.4	3.2
0.412	-102.4	-102.4	4	-102.4	4
0.414	-102.4	-102.4	2.4	-102.4	3.2
0.416	-102.4	-102.4	3.2	-102.4	4
0.418	-102.4	-102.4	4	-102.4	4
0.42	-102.4	-102.4	4	-102.4	1.6
0.422	-102.4	-102.4	3.2	-102.4	3.2
0.424	-102.4	-102.4	4	-102.4	3.2
0.426	-102.4	-102.4	3.2	-102.4	4
0.428	-102.4	-102.4	4	-102.4	3.2
0.43	-102.4	-102.4	3.2	-102.4	4
0.432	-102.4	-102.4	4	-102.4	4
0.434	-102.4	-102.4	4	-102.4	2.4
0.436	-102.4	-102.4	3.2	-102.4	3.2
0.438	-102.4	-102.4	3.2	-102.4	4
0.44	-102.4	-102.4	1.6	-102.4	3.2
0.442	-102.4	-102.4	3.2	-102.4	4
0.444	-102.4	-102.4	4	-102.4	3.2
0.446	-102.4	-102.4	3.2	-102.4	2.4
0.448	-102.4	-102.4	3.2	-102.4	3.2
0.45	-102.4	-102.4	3.2	-102.4	3.2
0.452	-102.4	-102.4	3.2	-102.4	3.2
0.454	-102.4	-102.4	4	-102.4	3.2
0.456	-102.4	-102.4	3.2	-102.4	3.2
0.458	-102.4	-102.4	3.2	-102.4	4
0.46	-102.4	-102.4	3.2	-102.4	3.2
0.462	-102.4	-102.4	3.2	-102.4	3.2
0.464	-102.4	-102.4	3.2	-102.4	4
0.466	-102.4	-102.4	3.2	-102.4	4.8
0.468	-102.4	-102.4	3.2	-102.4	3.2
0.47	-102.4	-102.4	4	-102.4	4
0.472	-102.4	-102.4	4	-102.4	3.2
0.474	-102.4	-102.4	3.2	-102.4	4
0.476	-102.4	-102.4	3.2	-102.4	3.2
0.478	-102.4	-102.4	3.2	-102.4	3.2
0.48	-102.4	-102.4	3.2	3.2	4
0.482	-102.4	-102.4	4	3.2	3.2
0.484	-102.4	-102.4	4	4	3.2
0.486	-102.4	-102.4	3.2	4	4
0.488	-102.4	-102.4	4	3.2	3.2
0.49	-102.4	-102.4	4	3.2	3.2
0.492	-102.4	-102.4	4	4	4
0.494	-102.4	-102.4	3.2	4	4
0.496	-102.4	-102.4	4	3.2	3.2
0.498	-102.4	-102.4	3.2	3.2	2.4
0.5	-102.4	-102.4	2.4	3.2	3.2
0.502	-102.4	-102.4	4	3.2	3.2
0.504	-102.4	-102.4	3.2	4	4.8
0.506	-102.4	-102.4	3.2	4	3.2
0.508	-102.4	-102.4	4.8	4	3.2
0.51	-102.4	-102.4	3.2	3.2	3.2
0.512	-102.4	-102.4	4	3.2	3.2
0.514	-102.4	-102.4	3.2	4	4
0.516	-102.4	-102.4	4	4	4
0.518	-102.4	-102.4	3.2	4	3.2
0.52	-102.4	-102.4	2.4	4	2.4
0.522	-102.4	-102.4	3.2	3.2	3.2
0.524	-102.4	-102.4	2.4	3.2	4
0.526	-102.4	-102.4	4	3.2	4
0.528	-102.4	-102.4	3.2	4	4
0.53	-102.4	-102.4	2.4	4	3.2
0.532	-102.4	-102.4	3.2	4	3.2
0.534	-102.4	-102.4	3.2	3.2	4
0.536	-102.4	-102.4	4	4	3.2
0.538	-102.4	-102.4	4	4.8	4
0.54	-102.4	-102.4	2.4	4	3.2
0.542	-102.4	-102.4	4	4	2.4
0.544	-102.4	-102.4	3.2	3.2	3.2
0.546	-102.4	-102.4	4	2.4	3.2
0.548	-102.4	-102.4	2.4	3.2	3.2
0.55	-102.4	-102.4	3.2	3.2	3.2
0.552	-102.4	-102.4	2.4	3.2	3.2
0.554	-102.4	-102.4	3.2	3.2	2.4
0.556	-102.4	-102.4	2.4	2.4	4.8
0.558	-102.4	-102.4	3.2	4	3.2
0.56	-102.4	3.2	3.2	4	3.2
0.562	-102.4	3.2	4	3.2	4
0.564	-102.4	4	3.2	4	3.2
0.566	-102.4	4	3.2	2.4	4
0.568	-102.4	4.8	3.2	3.2	4
0.57	-102.4	3.2	3.2	3.2	3.2
0.572	-102.4	3.2	4.8	3.2	4
0.574	-102.4	3.2	3.2	4	3.2
0.576	-102.4	3.2	3.2	2.4	3.2
0.578	-102.4	4	3.2	3.2	3.2
0.58	-102.4	3.2	4	4	3.2
0.582	-102.4	3.2	4	4	4
0.584	-102.4	4	4	4	3.2
0.586	-102.4	4	3.2	3.2	4
0.588	-102.4	4	3.2	3.2	4
0.59	-102.4	3.2	3.2	3.2	4
0.592	-102.4	3.2	3.2	3.2	4
0.594	-102.4	3.2	3.2	3.2	3.2
0.596	-102.4	3.2	3.2	3.2	3.2
0.598	-102.4	4	3.2	4	3.2
0.6	-102.4	4	3.2	3.2	3.2
0.602	-102.4	3.2	3.2	4	3.2
0.604	-102.4	3.2	3.2	4	4
0.606	-102.4	3.2	4	4	4
0.608	-102.4	4	3.2	4	3.2
0.61	-102.4	4	3.2	2.4	4
0.612	-102.4	4	3.2	3.2	3.2
0.614	-102.4	3.2	3.2	3.2	4
0.616	-102.4	3.2	3.2	3.2	4
0.618	-102.4	4	3.2	3.2	3.2
0.62	-102.4	4	2.4	3.2	4
0.622	-102.4	3.2	4	4	3.2
0.624	-102.4	3.2	3.2	4	3.2
0.626	-102.4	4	4	3.2	3.2
0.628	-102.4	3.2	4	4	3.2
0.63	-102.4	3.2	4	3.2	4
0.632	-102.4	4	3.2	3.2	3.2
0.634	-102.4	4	3.2	3.2	3.2
0.636	-102.4	3.2	2.4	3.2	4
0.638	-102.4	4	4	3.2	2.4
0.64	-102.4	4.8	4	3.2	4
0.642	-102.4	4	4	4	4
0.644	-102.4	3.2	3.2	3.2	4
0.646	-102.4	4	3.2	4	2.4
0.648	-102.4	4	4	4	3.2
0.65	-102.4	3.2	3.2	3.2	4
0.652	-102.4	4	3.2	4	4
0.654	-102.4	3.2	4	3.2	3.2
0.656	-102.4	4	4	2.4	3.2
0.658	-102.4	4	3.2	3.2	3.2
0.66	-102.4	3.2	3.2	4.8	3.2
0.662	-102.4	4	3.2	3.2	4
0.664	-102.4	4	2.4	3.2	4
0.666	-102.4	3.2	3.2	4	3.2
0.668	-102.4	3.2	3.2	4	3.2
0.67	-102.4	3.2	3.2	4	4
0.672	-102.4	3.2	3.2	4	4
0.674	-102.4	4	3.2	4	3.2
0.676	-102.4	3.2	3.2	4	4
0.678	-102.4	4	3.2	3.2	4
0.68	4	3.2	4	4	3.2
0.682	4	3.2	3.2	4	3.2
0.684	4	4	3.2	3.2	4.8
0.686	4	3.2	4	3.2	3.2
0.688	4	4	3.2	3.2	3.2
0.69	3.2	3.2	3.2	4	4
0.692	4	3.2	4	4	3.2
0.694	4.8	3.2	2.4	3.2	4
0.696	4	4	3.2	3.2	3.2
0.698	4	4	4	2.4	4.8
0.7	4	4	2.4	3.2	4
0.702	4	3.2	3.2	3.2	2.4
0.704	4	4	2.4	3.2	3.2
0.706	4	3.2	3.2	3.2	4
0.708	4	4	4	4	4
0.71	4	3.2	2.4	3.2	3.2
0.712	3.2	2.4	3.2	3.2	2.4
0.714	3.2	3.2	3.2	2.4	3.2
0.716	4	4	3.2	3.2	4
0.718	4	4.8	4	3.2	4
0.72	4	4	4	3.2	3.2
0.722	4	3.2	3.2	4	3.2
0.724	4	3.2	3.2	3.2	3.2
0.726	4	3.2	4	3.2	3.2
0.728	4	3.2	3.2	4	3.2
0.73	3.2	3.2	3.2	3.2	4
0.732	4	4	4	3.2	4
0.734	4	3.2	3.2	4	4
0.736	4	3.2	3.2	4	3.2
0.738	4	3.2	3.2	3.2	4
0.74	4	3.2	4	4	4
0.742	3.2	3.2	3.2	3.2	4
0.744	4	3.2	3.2	3.2	3.2
0.746	4	3.2	4	4	3.2
0.748	4	3.2	3.2	3.2	4
0.75	4	3.2	3.2	4	3.2
0.752	4	3.2	3.2	3.2	3.2
0.754	4	3.2	3.2	4	4
0.756	4	3.2	2.4	3.2	3.2
0.758	4	3.2	4	4	3.2
0.76	3.2	3.2	3.2	4	3.2
0.762	4	3.2	4	3.2	4
0.764	4	2.4	4	3.2	3.2
0.766	4	4	4	4	4
0.768	4	3.2	4	3.2	3.2
0.77	4.8	3.2	4	3.2	4
0.772	3.2	3.2	3.2	3.2	4
0.774	4	3.2	4	3.2	3.2
0.776	4	3.2	4	3.2	3.2
0.778	4	3.2	4	3.2	4
0.78	4.8	2.4	4	3.2	3.2
0.782	3.2	4	3.2	3.2	3.2
0.784	4	4	3.2	3.2	3.2
0.786	4	4	3.2	3.2	4
0.788	3.2	3.2	3.2	4	4
0.79	4	4	3.2	4	3.2
0.792	4	4	3.2	4	4
0.794	4.8	3.2	4	4	4
0.796	4	4	4	3.2	4
0.798	4	3.2	3.2	3.2	3.2
0.8	4	3.2	3.2	4	4
0.802	4	4	3.2	3.2	3.2
0.804	4	4	3.2	3.2	3.2
0.806	4	3.2	2.4	3.2	3.2
0.808	4	3.2	3.2	2.4	3.2
0.81	4.8	3.2	3.2	3.2	2.4
0.812	4	4	4	4	2.4
0.814	4	3.2	4	3.2	2.4
0.816	4	4.8	3.2	3.2	3.2
0.818	4	4	4	4	3.2
0.82	4.8	3.2	4	3.2	4
0.822	4	4	3.2	3.2	3.2
0.824	4	4	3.2	4	3.2
0.826	4	2.4	4	3.2	3.2
0.828	4	2.4	3.2	4	3.2
0.83	4	3.2	4	4	2.4
0.832	4.8	4	2.4	4	4
0.834	4	3.2	3.2	3.2	4
0.836	4	4	3.2	4	2.4
0.838	3.2	4.8	3.2	3.2	3.2
0.84	3.2	4	4	4	4
0.842	4	4	4	3.2	4
0.844	4	4	4	4	3.2
0.846	4.8	3.2	3.2	4	4
0.848	4	3.2	3.2	3.2	3.2
0.85	4	3.2	3.2	3.2	4
0.852	4	4	3.2	3.2	3.2
0.854	4	3.2	3.2	3.2	4
0.856	4	4	4	4	3.2
0.858	4	4	4	4	3.2
0.86	4	4	3.2	3.2	3.2
0.862	4	4	3.2	4	2.4
0.864	4.8	4	3.2	3.2	4
0.866	4.8	3.2	3.2	4	4
0.868	4.8	4	3.2	3.2	3.2
0.87	4	3.2	4	4	4
0.872	4.8	3.2	4	3.2	4
0.874	4	3.2	3.2	2.4	4
0.876	4	4	3.2	4	3.2
0.878	4	3.2	3.2	4	4
0.88	4.8	3.2	4	4	4
0.882	4	4	4	3.2	3.2
0.884	4	4	3.2	3.2	4
0.886	4	3.2	3.2	3.2	4
0.888	4	4	3.2	3.2	4
0.89	4	4	4	4	3.2
0.892	4	4.8	4	3.2	3.2
0.894	4	3.2	3.2	3.2	3.2
0.896	4.8	3.2	3.2	2.4	4
0.898	4	3.2	3.2	4	3.2
0.9	4	4	3.2	3.2	3.2
0.902	4	4	3.2	4	3.2
0.904	4	4	4	4	4
0.906	4.8	3.2	4	2.4	4
0.908	4	3.2	2.4	2.4	3.2
0.91	4.8	4	4	4	4
0.912	4.8	4.8	4	4	3.2
0.914	4.8	3.2	3.2	3.2	3.2
0.916	4	3.2	3.2	3.2	3.2
0.918	4	3.2	3.2	3.2	4
0.92	3.2	4	3.2	3.2	3.2
0.922	4	4	3.2	3.2	3.2
0.924	4	4	3.2	3.2	3.2
0.926	4	4.8	4	3.2	3.2
0.928	4	3.2	2.4	3.2	4
0.93	4.8	3.2	4	3.2	3.2
0.932	4	2.4	4	3.2	4.8
0.934	4	3.2	3.2	3.2	3.2
0.936	3.2	4	3.2	4	3.2
0.938	3.2	4	3.2	3.2	4
0.94	4	4	4	3.2	3.2
0.942	4	4	4	2.4	4
0.944	4	4	3.2	4	3.2
0.946	4	4	3.2	3.2	3.2
0.948	3.2	3.2	4	3.2	4
0.95	4.8	3.2	3.2	3.2	3.2
0.952	4	4	3.2	3.2	4
0.954	4	4	3.2	3.2	3.2
0.956	4	4	4	4	3.2
0.958	4	4	3.2	3.2	4
0.96	3.2	4	3.2	4	3.2
0.962	4	4	3.2	3.2	4
0.964	4	3.2	3.2	3.2	4
0.966	4	3.2	4	3.2	4
0.968	4	3.2	3.2	4	3.2
0.97	4	4	4	3.2	3.2
0.972	4	3.2	3.2	3.2	3.2
0.974	3.2	4	3.2	3.2	4
0.976	4	3.2	3.2	4	3.2
0.978	4	4	4	4	3.2
0.98	4	4	3.2	3.2	4
0.982	3.2	4	4	3.2	4
0.984	4	3.2	3.2	3.2	3.2
0.986	4	3.2	3.2	3.2	3.2
0.988	4	4	3.2	3.2	4
0.99	4.8	3.2	3.2	3.2	3.2
0.992	4	3.2	3.2	3.2	3.2
0.994	4	4	2.4	3.2	1.6
0.996	4	4	3.2	3.2	2.4
0.998	4	4	4	3.2	3.2
1	4	3.2	3.2	4	3.2
1.002	4	3.2	4	4	3.2
1.004	3.2	3.2	3.2	4	3.2
1.006	4	4	2.4	3.2	3.2
1.008	4	4	3.2	3.2	3.2
1.01	4	3.2	3.2	4	3.2
1.012	4	4	3.2	3.2	2.4
1.014	4	3.2	2.4	3.2	4
1.016	4	4	3.2	4	4
1.018	3.2	4	3.2	4	4
1.02	4.8	4	3.2	3.2	3.2
1.022	4.8	3.2	3.2	3.2	3.2
1.024	4	3.2	4	3.2	3.2
1.026	4	4	3.2	3.2	4
1.028	3.2	3.2	4	4	4
1.03	4	4	4	4	3.2
1.032	4	4	4	4	3.2
1.034	4	3.2	3.2	3.2	3.2
1.036	4	4	4	3.2	4
1.038	4	4.8	3.2	4	4
1.04	4	3.2	3.2	4	4
1.042	4	4	4	3.2	3.2
1.044	3.2	3.2	3.2	3.2	3.2
1.046	4	4	4	3.2	3.2
1.048	3.2	3.2	3.2	3.2	4
1.05	4	4	1.6	3.2	4
1.052	4	3.2	2.4	4	3.2
1.054	4	3.2	4	4	3.2
1.056	4	3.2	3.2	4	3.2
1.058	3.2	3.2	3.2	3.2	4
1.06	4	3.2	3.2	3.2	4
1.062	4	3.2	3.2	3.2	4
1.064	4	2.4	3.2	3.2	3.2
1.066	4	4	3.2	3.2	4
1.068	4	3.2	4	3.2	4
1.07	4	4	3.2	3.2	3.2
1.072	4	4	3.2	3.2	3.2
1.074	3.2	3.2	4	3.2	4
1.076	4	3.2	3.2	3.2	3.2
1.078	4	2.4	4	4	3.2
1.08	3.2	3.2	3.2	4	4
1.082	3.2	3.2	3.2	3.2	3.2
1.084	3.2	4	2.4	4	4
1.086	4	2.4	3.2	4	4
1.088	4	3.2	3.2	3.2	2.4
1.09	3.2	2.4	3.2	3.2	4
1.092	4	3.2	3.2	3.2	4
1.094	4	2.4	3.2	3.2	3.2
1.096	4	4	3.2	3.2	3.2
1.098	4	4	3.2	3.2	3.2
1.1	4	4	3.2	3.2	3.2
1.102	4	3.2	4	3.2	2.4
1.104	4	3.2	3.2	3.2	4
1.106	4	3.2	4	4	4
1.108	3.2	4	3.2	4	3.2
1.11	4	4	3.2	4	3.2
1.112	4	2.4	3.2	2.4	4
1.114	3.2	2.4	2.4	3.2	4
1.116	4	3.2	4	3.2	4
1.118	4	3.2	4	4	3.2
1.12	4	3.2	3.2	4	4
1.122	4	3.2	2.4	3.2	3.2
1.124	4	4	3.2	4	4
1.126	4	4	3.2	3.2	3.2
1.128	4	3.2	3.2	4	4
1.13	4	3.2	3.2	3.2	3.2
1.132	4	3.2	4	3.2	3.2
1.134	4	3.2	2.4	2.4	3.2
1.136	4	3.2	2.4	2.4	3.2
1.138	4	4	4	3.2	4
1.14	4	3.2	3.2	4	3.2
1.142	4	4	4	4.8	4
1.144	4	3.2	3.2	4	3.2
1.146	4	3.2	4	3.2	3.2
1.148	4	3.2	4	4	4
1.15	3.2	2.4	4	4	4
1.152	4	4.8	3.2	4	4
1.154	4	3.2	3.2	4	4
1.156	4	4	4	3.2	3.2
1.158	3.2	3.2	3.2	3.2	3.2
1.16	3.2	3.2	4.8	4	4
1.162	3.2	4	3.2	3.2	4
1.164	4	3.2	4	2.4	3.2
1.166	3.2	3.2	3.2	3.2	3.2
1.168	3.2	4	3.2	4	3.2
1.17	3.2	2.4	4	3.2	3.2
1.172	3.2	3.2	4	3.2	3.2
1.174	4	4	2.4	4	3.2
1.176	3.2	3.2	3.2	4	3.2
1.178	4	4	3.2	4	4
1.18	3.2	4	3.2	3.2	3.2
1.182	4	3.2	2.4	3.2	4
1.184	4	2.4	3.2	3.2	3.2
1.186	3.2	3.2	3.2	3.2	3.2
1.188	4	4	4	3.2	3.2
1.19	3.2	3.2	3.2	3.2	3.2
1.192	3.2	4	3.2	3.2	4
1.194	4	4	4	4	3.2
1.196	4	4	3.2	3.2	4
1.198	3.2	4	4	4	3.2
1.2	4	4	3.2	3.2	4
1.202	3.2	3.2	3.2	3.2	4
1.204	4	3.2	3.2	4	4
1.206	4	4	3.2	3.2	4
1.208	3.2	2.4	4	3.2	4
1.21	3.2	2.4	2.4	4	3.2
1.212	3.2	4	3.2	3.2	4
1.214	3.2	3.2	3.2	2.4	3.2
1.216	4	3.2	3.2	3.2	3.2
1.218	4	4	4	3.2	3.2
1.22	4	4	3.2	3.2	3.2
1.222	4	4	3.2	2.4	3.2
1.224	4	3.2	3.2	4	3.2
1.226	4	3.2	4	4	3.2
1.228	4	1.6	4	3.2	4
1.23	4	4	3.2	3.2	4
1.232	3.2	3.2	3.2	4	3.2
1.234	4	4	3.2	3.2	3.2
1.236	2.4	4	3.2	3.2	3.2
1.238	3.2	4	4	3.2	3.2
1.24	3.2	4.8	4	4	3.2
1.242	3.2	3.2	4	4	4
1.244	4	3.2	3.2	4	3.2
1.246	3.2	4	3.2	3.2	3.2
1.248	4	4	4	3.2	3.2
1.25	3.2	4	4	3.2	4
1.252	4	3.2	3.2	4	4
1.254	3.2	4	3.2	4	3.2
1.256	3.2	3.2	3.2	3.2	4
1.258	3.2	4	4	3.2	3.2
1.26	3.2	3.2	3.2	4	2.4
1.262	4	3.2	2.4	4	4
1.264	3.2	3.2	3.2	4.8	4
1.266	3.2	3.2	3.2	4	3.2
1.268	3.2	3.2	3.2	3.2	4
1.27	4	3.2	4	2.4	3.2
1.272	3.2	3.2	3.2	3.2	4
1.274	4	3.2	3.2	4	3.2
1.276	3.2	4	4	4	2.4
1.278	4	3.2	3.2	4	3.2
1.28	3.2	4	3.2	3.2	3.2
1.282	3.2	3.2	4	3.2	3.2
1.284	4	2.4	4	4	3.2
1.286	3.2	3.2	3.2	4	3.2
1.288	3.2	3.2	3.2	4	4
1.29	4	4	3.2	3.2	4
1.292	4	3.2	4	3.2	3.2
1.294	4	4	3.2	3.2	3.2
1.296	3.2	4	3.2	3.2	3.2
1.298	4	3.2	3.2	4	3.2
1.3	2.4	3.2	3.2	3.2	4
1.302	3.2	4	3.2	2.4	4
1.304	4	3.2	3.2	3.2	4
1.306	3.2	2.4	4	4	3.2
1.308	3.2	3.2	3.2	3.2	3.2
1.31	3.2	3.2	3.2	4	3.2
1.312	3.2	3.2	3.2	3.2	3.2
1.314	3.2	3.2	3.2	3.2	3.2
1.316	4	3.2	3.2	3.2	3.2
1.318	4	3.2	3.2	3.2	4
1.32	4	4	4	3.2	3.2
1.322	3.2	4	3.2	3.2	3.2
1.324	3.2	3.2	4	4	3.2
1.326	4	3.2	3.2	2.4	3.2
1.328	3.2	3.2	4	4	3.2
1.33	3.2	3.2	4	3.2	3.2
1.332	3.2	2.4	3.2	3.2	3.2
1.334	4	3.2	3.2	4	3.2
1.336	4	4	3.2	4	4
1.338	4	4	3.2	3.2	4
1.34	3.2	4	3.2	4	4
1.342	3.2	4	3.2	3.2	2.4
1.344	3.2	3.2	2.4	3.2	3.2
1.346	4	4	3.2	3.2	4
1.348	4	4	2.4	4	3.2
1.35	4.8	3.2	3.2	4	4
1.352	3.2	4	3.2	3.2	3.2
1.354	4	3.2	3.2	4	3.2
1.356	3.2	3.2	3.2	3.2	3.2
1.358	4	3.2	3.2	4	3.2
1.36	3.2	4	3.2	4	4
1.362	3.2	3.2	3.2	4	4
1.364	4	3.2	3.2	3.2	4
1.366	4	4	4	4	4
1.368	3.2	3.2	4	3.2	4
1.37	3.2	1.6	4	3.2	3.2
1.372	3.2	3.2	4	3.2	3.2
1.374	4	3.2	3.2	4	3.2
1.376	3.2	3.2	3.2	4	3.2
1.378	4	3.2	3.2	4	4
1.38	4	4	4	3.2	4
1.382	3.2	3.2	3.2	3.2	3.2
1.384	3.2	2.4	3.2	3.2	4
1.386	3.2	3.2	3.2	4	3.2
1.388	3.2	4	3.2	3.2	4
1.39	3.2	3.2	4.8	3.2	3.2
1.392	3.2	4.8	3.2	4	4
1.394	3.2	4	3.2	4	3.2
1.396	2.4	4	4	3.2	3.2
1.398	3.2	3.2	3.2	3.2	4
1.4	4	4	3.2	4	3.2
1.402	3.2	4	4	3.2	3.2
1.404	4	4.8	4	3.2	4
1.406	3.2	3.2	3.2	3.2	3.2
1.408	3.2	3.2	2.4	4	3.2
1.41	4	2.4	3.2	4	3.2
1.412	4	4	4	3.2	3.2
1.414	4	2.4	4	3.2	3.2
1.416	3.2	4	4	3.2	3.2
1.418	2.4	3.2	3.2	2.4	3.2
1.42	3.2	2.4	3.2	3.2	4
1.422	4	3.2	3.2	3.2	3.2
1.424	4	4	3.2	4	4
1.426	4	4.8	4	3.2	3.2
1.428	2.4	2.4	4	4	4
1.43	3.2	3.2	2.4	4	3.2
1.432	3.2	3.2	3.2	4	4
1.434	4	3.2	4	3.2	3.2
1.436	4	3.2	4.8	4	3.2
1.438	4	3.2	3.2	3.2	3.2
1.44	3.2	3.2	3.2	3.2	4
1.442	3.2	4.8	3.2	3.2	3.2
1.444	4	4.8	3.2	3.2	4
1.446	4	3.2	3.2	3.2	3.2
1.448	2.4	4.8	2.4	3.2	4
1.45	3.2	3.2	4	3.2	3.2
1.452	4	3.2	3.2	3.2	4
1.454	4	4	3.2	3.2	4
1.456	3.2	4	4	3.2	4
1.458	3.2	3.2	4	4	3.2
1.46	3.2	1.6	4	3.2	4
1.462	3.2	3.2	4	3.2	4
1.464	4	1.6	3.2	4	4
1.466	3.2	3.2	3.2	3.2	4
1.468	3.2	4	4	3.2	3.2
1.47	4	4	3.2	3.2	4
1.472	3.2	3.2	4	3.2	4
1.474	4	4	2.4	4	4
1.476	4	4	4	3.2	3.2
1.478	3.2	3.2	2.4	4	3.2
1.48	3.2	2.4	3.2	4	3.2
1.482	3.2	4	4	3.2	3.2
1.484	3.2	3.2	3.2	3.2	3.2
1.486	4	3.2	3.2	3.2	3.2
1.488	3.2	4	4	4	3.2
1.49	4	3.2	4	4	3.2
1.492	3.2	4	3.2	3.2	3.2
1.494	3.2	3.2	3.2	3.2	3.2
1.496	4	3.2	3.2	4	3.2
1.498	3.2	2.4	3.2	3.2	2.4
1.5	3.2	3.2	3.2	4	3.2
1.502	2.4	3.2	3.2	4	4
1.504	4	3.2	2.4	4	3.2
1.506	4	3.2	4	3.2	3.2
1.508	3.2	4.8	3.2	3.2	3.2
1.51	3.2	4	4	4	3.2
1.512	3.2	4	4	3.2	3.2
1.514	3.2	3.2	3.2	4	4
1.516	2.4	2.4	3.2	3.2	3.2
1.518	2.4	4	3.2	2.4	3.2
1.52	3.2	4	3.2	3.2	3.2
1.522	4	4	3.2	3.2	3.2
1.524	3.2	4	4	3.2	3.2
1.526	3.2	3.2	3.2	3.2	4
1.528	3.2	3.2	4	4	3.2
1.53	3.2	4	4	3.2	3.2
1.532	3.2	3.2	3.2	4	3.2
1.534	3.2	3.2	3.2	4	4
1.536	3.2	3.2	4	4	4
1.538	4	4	2.4	2.4	3.2
1.54	2.4	3.2	3.2	3.2	4
1.542	3.2	3.2	3.2	3.2	2.4
1.544	2.4	3.2	3.2	4	3.2
1.546	3.2	3.2	3.2	4	3.2
1.548	3.2	3.2	3.2	3.2	4
1.55	3.2	2.4	3.2	3.2	3.2
1.552	3.2	3.2	3.2	3.2	3.2
1.554	4	4	4	3.2	3.2
1.556	4	4	4	4	3.2
1.558	3.2	2.4	4	4	3.2
1.56	3.2	4	2.4	4	3.2
1.562	3.2	4	3.2	3.2	4
1.564	3.2	3.2	4	3.2	3.2
1.566	3.2	3.2	3.2	4	3.2
1.568	2.4	2.4	4	4	4
1.57	3.2	4	3.2	3.2	4
1.572	3.2	3.2	3.2	3.2	4
1.574	3.2	4	4	3.2	2.4
1.576	3.2	3.2	3.2	4.8	2.4
1.578	3.2	4	3.2	4	4
1.58	3.2	2.4	4	4	4
1.582	2.4	4	3.2	3.2	4
1.584	4	4	4	4	3.2
1.586	4	4	4	3.2	2.4
1.588	3.2	3.2	3.2	3.2	3.2
1.59	3.2	3.2	4	4	4
1.592	3.2	3.2	2.4	4	4
1.594	3.2	3.2	3.2	3.2	4
1.596	4	4	3.2	3.2	2.4
1.598	3.2	4.8	3.2	4	3.2
1.6	3.2	2.4	4	3.2	4
1.602	4	3.2	3.2	3.2	3.2
1.604	4	3.2	3.2	3.2	3.2
1.606	4	4	3.2	4	3.2
1.608	4	2.4	4	3.2	3.2
1.61	3.2	3.2	3.2	3.2	4
1.612	4	4	4	4	3.2
1.614	3.2	4	3.2	4	4
1.616	3.2	3.2	4	2.4	3.2
1.618	4	3.2	4	3.2	4
1.62	3.2	4	3.2	3.2	2.4
1.622	3.2	3.2	4	4	3.2
1.624	3.2	3.2	3.2	3.2	4
1.626	3.2	4	3.2	3.2	3.2
1.628	3.2	3.2	3.2	3.2	4
1.63	3.2	4	4	4	4
1.632	3.2	3.2	3.2	3.2	3.2
1.634	3.2	4	3.2	3.2	3.2
1.636	3.2	3.2	3.2	3.2	3.2
1.638	3.2	3.2	3.2	2.4	3.2
1.64	3.2	4	4	3.2	3.2
1.642	4	4	4	3.2	3.2
1.644	2.4	3.2	3.2	4	3.2
1.646	3.2	3.2	3.2	4	3.2
1.648	3.2	3.2	3.2	4	3.2
1.65	4	3.2	4	3.2	3.2
1.652	4	2.4	4	4	3.2
1.654	3.2	3.2	3.2	3.2	4
1.656	4	3.2	3.2	4	4
1.658	2.4	2.4	3.2	3.2	4
1.66	4	4.8	4	3.2	3.2
1.662	3.2	1.6	4	4	4
1.664	3.2	3.2	4	4	3.2
1.666	3.2	3.2	4	3.2	4
1.668	3.2	3.2	3.2	4	3.2
1.67	4	4	3.2	3.2	3.2
1.672	3.2	4	3.2	4	3.2
1.674	2.4	4	4	3.2	3.2
1.676	4	4	4	3.2	3.2
1.678	4	3.2	3.2	4	4
1.68	4	2.4	3.2	3.2	3.2
1.682	4	4	3.2	4	3.2
1.684	2.4	2.4	3.2	3.2	3.2
1.686	3.2	2.4	4	3.2	4
1.688	3.2	3.2	3.2	3.2	3.2
1.69	3.2	3.2	2.4	3.2	3.2
1.692	4	4	3.2	3.2	3.2
1.694	4	4	4	4	3.2
1.696	3.2	3.2	3.2	3.2	2.4
1.698	3.2	3.2	2.4	3.2	4
1.7	4	4	3.2	3.2	4
1.702	4	3.2	2.4	3.2	4
1.704	3.2	3.2	3.2	3.2	2.4
1.706	3.2	3.2	3.2	3.2	3.2
1.708	3.2	3.2	3.2	4	3.2
1.71	2.4	3.2	3.2	4	3.2
1.712	4	4.8	4	2.4	3.2
1.714	3.2	3.2	3.2	3.2	4
1.716	3.2	3.2	4	3.2	3.2
1.718	3.2	2.4	3.2	3.2	3.2
1.72	3.2	4.8	3.2	4	4
1.722	3.2	3.2	3.2	4	3.2
1.724	3.2	3.2	3.2	3.2	3.2
1.726	4	3.2	3.2	3.2	2.4
1.728	2.4	4	4	3.2	2.4
1.73	3.2	3.2	4	3.2	4
1.732	3.2	5.6	3.2	3.2	4
1.734	3.2	3.2	3.2	4	3.2
1.736	4	4	3.2	3.2	3.2
1.738	3.2	3.2	4	3.2	4
1.74	3.2	4	3.2	3.2	4
1.742	3.2	3.2	3.2	3.2	4
1.744	3.2	3.2	3.2	3.2	3.2
1.746	3.2	4	4	4	4
1.748	3.2	3.2	3.2	4	4
1.75	3.2	3.2	3.2	3.2	3.2
1.752	3.2	3.2	3.2	3.2	3.2
1.754	4	3.2	2.4	4	3.2
1.756	4	4	4	3.2	4
1.758	3.2	3.2	3.2	3.2	3.2
1.76	3.2	2.4	4	3.2	4
1.762	3.2	4	3.2	3.2	3.2
1.764	3.2	3.2	3.2	3.2	4
1.766	4	4	3.2	3.2	3.2
1.768	4	3.2	3.2	4.8	4
1.77	4.8	3.2	4	3.2	3.2
1.772	3.2	3.2	3.2	4	4
1.774	4	3.2	3.2	4	3.2
1.776	3.2	4	4	3.2	4
1.778	3.2	3.2	3.2	3.2	4
1.78	3.2	3.2	4	3.2	3.2
1.782	3.2	3.2	3.2	3.2	3.2
1.784	3.2	3.2	3.2	3.2	4
1.786	3.2	4	3.2	3.2	4
1.788	3.2	3.2	4	3.2	3.2
1.79	3.2	4	4	3.2	2.4
1.792	2.4	3.2	3.2	4	3.2
1.794	3.2	3.2	3.2	4	4
1.796	3.2	4	3.2	4	4
1.798	3.2	4	3.2	3.2	3.2
1.8	3.2	4	3.2	3.2	2.4
1.802	4	3.2	3.2	4	3.2
1.804	3.2	3.2	3.2	3.2	4
1.806	3.2	3.2	4	3.2	4
1.808	4.8	2.4	3.2	3.2	3.2
1.81	3.2	1.6	4	4	3.2
1.812	3.2	3.2	4	4	4
1.814	4	3.2	4	4	4
1.816	4	2.4	3.2	3.2	4
1.818	3.2	3.2	4	3.2	3.2
1.82	4	3.2	3.2	3.2	4
1.822	3.2	3.2	4	4	3.2
1.824	1.6	4	3.2	3.2	4
1.826	3.2	2.4	4	3.2	3.2
1.828	4	3.2	3.2	3.2	4
1.83	3.2	3.2	3.2	4	4
1.832	2.4	4	4	3.2	4
1.834	4	3.2	3.2	4	4
1.836	3.2	4	4	3.2	3.2
1.838	2.4	2.4	4	3.2	4
1.84	3.2	4	3.2	3.2	4
1.842	4	3.2	3.2	3.2	4
1.844	2.4	4.8	3.2	3.2	3.2
1.846	3.2	3.2	4	4	4
1.848	3.2	3.2	4	3.2	3.2
1.85	4	3.2	3.2	3.2	4
1.852	3.2	4.8	3.2	3.2	3.2
1.854	3.2	3.2	3.2	3.2	4
1.856	3.2	3.2	3.2	4	3.2
1.858	4	5.6	3.2	3.2	3.2
1.86	2.4	2.4	3.2	4	3.2
1.862	4	3.2	3.2	3.2	3.2
1.864	4	4	3.2	4	4
1.866	3.2	4	3.2	4	4
1.868	3.2	4	3.2	4	3.2
1.87	3.2	3.2	3.2	3.2	3.2
1.872	4	3.2	4	4	3.2
1.874	4	4	3.2	3.2	3.2
1.876	3.2	3.2	3.2	4	4
1.878	3.2	3.2	3.2	3.2	4
1.88	3.2	4	4	3.2	3.2
1.882	3.2	3.2	3.2	4	2.4
1.884	3.2	3.2	4	3.2	4
1.886	3.2	3.2	3.2	3.2	3.2
1.888	3.2	3.2	4	4	3.2
1.89	3.2	4	3.2	3.2	4
1.892	3.2	3.2	3.2	3.2	3.2
1.894	3.2	3.2	3.2	2.4	4
1.896	3.2	4	3.2	4	3.2
1.898	3.2	3.2	3.2	3.2	4
1.9	3.2	3.2	4	4	3.2
1.902	3.2	3.2	4	4	4
1.904	2.4	3.2	3.2	2.4	3.2
1.906	4	4	3.2	3.2	4
1.908	3.2	4	4	3.2	3.2
1.91	3.2	3.2	4	4	3.2
1.912	3.2	3.2	2.4	3.2	3.2
1.914	3.2	4	3.2	4	4
1.916	4	4.8	2.4	3.2	3.2
1.918	3.2	3.2	4	4	3.2
1.92	4	4	4	3.2	4
1.922	4	4	3.2	3.2	3.2
1.924	3.2	3.2	4	3.2	3.2
1.926	3.2	3.2	4	3.2	4
1.928	2.4	4	3.2	4	4.8
1.93	3.2	4	3.2	4	3.2
1.932	3.2	4	3.2	4	3.2
1.934	4	2.4	4	4	2.4
1.936	3.2	2.4	3.2	4	3.2
1.938	2.4	4	4	3.2	4
1.94	3.2	4	3.2	3.2	3.2
1.942	3.2	4	3.2	4	3.2
1.944	3.2	2.4	4	3.2	3.2
1.946	4	3.2	3.2	1.6	3.2
1.948	4	3.2	3.2	2.4	3.2
1.95	3.2	4	4	4	3.2
1.952	3.2	3.2	4	2.4	4
1.954	4	4	4	3.2	3.2
1.956	3.2	4	3.2	3.2	3.2
1.958	4	2.4	4	3.2	3.2
1.96	3.2	4	3.2	3.2	3.2
1.962	4	1.6	3.2	3.2	4
1.964	3.2	3.2	3.2	4	4
1.966	3.2	2.4	3.2	3.2	4.8
1.968	3.2	3.2	4	3.2	3.2
1.97	4.8	4	3.2	4	3.2
1.972	3.2	4	4	3.2	4
1.974	3.2	4	3.2	4	4
1.976	2.4	4	3.2	3.2	3.2
1.978	3.2	3.2	3.2	4	3.2
1.98	4	3.2	2.4	4	3.2
1.982	3.2	4	3.2	3.2	3.2
1.984	3.2	3.2	4	3.2	3.2
1.986	4	4	3.2	4	4.8
1.988	3.2	4	3.2	4	4
1.99	4	4	3.2	3.2	3.2
1.992	3.2	3.2	4	3.2	3.2
1.994	3.2	3.2	3.2	4	4
1.996	3.2	3.2	3.2	4	4
1.998	3.2	3.2	3.2	3.2	3.2
2	4	3.2	4	4	3.2
2.002	2.4	3.2	3.2	3.2	3.2
2.004	3.2	3.2	3.2	3.2	4
2.006	3.2	4	2.4	2.4	3.2
2.008	3.2	3.2	4	3.2	4
2.01	3.2	4	3.2	3.2	4
2.012	3.2	2.4	4	2.4	3.2
2.014	3.2	4	3.2	3.2	3.2
2.016	3.2	3.2	3.2	4	3.2
2.018	3.2	3.2	4	4	4
2.02	3.2	4	3.2	3.2	4
2.022	4	3.2	4	2.4	3.2
2.024	4	3.2	3.2	3.2	3.2
2.026	4	3.2	4	2.4	4
2.028	3.2	4	4	3.2	3.2
2.03	3.2	3.2	3.2	4	3.2
2.032	4	4	4	4	4
2.034	3.2	3.2	3.2	4	4
2.036	3.2	4	3.2	4	4
2.038	3.2	3.2	3.2	4	3.2
2.04	3.2	4	3.2	4	3.2
2.042	2.4	3.2	2.4	3.2	4
2.044	4	3.2	3.2	3.2	3.2
2.046	3.2	3.2	4	4	3.2
2.048	3.2	4	3.2	3.2	3.2
2.05	2.4	4	3.2	2.4	4
2.052	3.2	3.2	3.2	3.2	3.2
2.054	4	2.4	3.2	4	3.2
2.056	3.2	2.4	3.2	3.2	2.4
2.058	4	2.4	3.2	3.2	3.2
2.06	4	4	4	2.4	3.2
2.062	3.2	3.2	4	3.2	4
2.064	2.4	3.2	3.2	4	3.2
2.066	4	4	4	4.8	3.2
2.068	3.2	4	4	3.2	4.8
2.07	3.2	3.2	4	3.2	3.2
2.072	3.2	3.2	4	4	4
2.074	3.2	4	3.2	2.4	3.2
2.076	4	3.2	3.2	3.2	4
2.078	4	4	4	3.2	3.2
2.08	4	3.2	3.2	4	3.2
2.082	3.2	4	4	3.2	3.2
2.084	3.2	3.2	2.4	3.2	3.2
2.086	3.2	3.2	3.2	4	3.2
2.088	3.2	3.2	4	4	3.2
2.09	4	3.2	4	4	3.2
2.092	3.2	4	3.2	4	3.2
2.094	4	3.2	2.4	3.2	4
2.096	4	4	4	3.2	4
2.098	4	3.2	4	3.2	3.2
2.1	3.2	4.8	3.2	3.2	3.2
2.102	3.2	4	4.8	4.8	4
2.104	3.2	4	3.2	4	4.8
2.106	3.2	3.2	3.2	2.4	4
2.108	3.2	2.4	3.2	3.2	4
2.11	3.2	3.2	3.2	3.2	3.2
2.112	3.2	3.2	3.2	4	3.2
2.114	3.2	4	4	4	4
2.116	3.2	3.2	3.2	3.2	3.2
2.118	3.2	3.2	3.2	3.2	4
2.12	3.2	3.2	3.2	2.4	2.4
2.122	3.2	3.2	3.2	4	4
2.124	4	4	3.2	4	3.2
2.126	3.2	3.2	4	4	3.2
2.128	2.4	3.2	3.2	3.2	3.2
2.13	4	3.2	3.2	3.2	3.2
2.132	3.2	4	3.2	4	3.2
2.134	3.2	4	3.2	4	3.2
2.136	3.2	3.2	3.2	3.2	3.2
2.138	3.2	3.2	3.2	3.2	4
2.14	3.2	3.2	3.2	3.2	3.2
2.142	4	3.2	3.2	3.2	3.2
2.144	3.2	2.4	3.2	3.2	2.4
2.146	3.2	4	4	3.2	4
2.148	2.4	3.2	4	4	4
2.15	4	3.2	3.2	3.2	2.4
2.152	4	4	4	3.2	3.2
2.154	3.2	3.2	4.8	4	4
2.156	4	3.2	4	4	3.2
2.158	4	4	3.2	3.2	4
2.16	3.2	4	3.2	3.2	3.2
2.162	4	5.6	2.4	3.2	3.2
2.164	3.2	3.2	3.2	3.2	3.2
2.166	3.2	4	3.2	4	3.2
2.168	3.2	3.2	3.2	3.2	3.2
2.17	3.2	4	2.4	3.2	4
2.172	2.4	3.2	3.2	3.2	4
2.174	3.2	3.2	4	3.2	3.2
2.176	2.4	3.2	3.2	4	4
2.178	4	4	3.2	3.2	3.2
2.18	2.4	4	4	4	4
2.182	3.2	3.2	3.2	4	4
2.184	4	3.2	4	3.2	3.2
2.186	2.4	4	2.4	4	3.2
2.188	3.2	3.2	3.2	3.2	3.2
2.19	1.6	4.8	3.2	3.2	4
2.192	3.2	4	3.2	4	3.2
2.194	3.2	3.2	3.2	3.2	3.2
2.196	4	3.2	3.2	3.2	3.2
2.198	3.2	3.2	3.2	2.4	3.2
2.2	2.4	3.2	4.8	4	3.2
2.202	4	2.4	3.2	3.2	4
2.204	2.4	3.2	4	4.8	3.2
2.206	3.2	2.4	4	3.2	4
2.208	4	4	3.2	3.2	3.2
2.21	3.2	4	4	4	4
2.212	3.2	4	3.2	3.2	3.2
2.214	4	4	4	4	4
2.216	3.2	3.2	3.2	3.2	3.2
2.218	3.2	3.2	3.2	4	3.2
2.22	4	3.2	4	4	3.2
2.222	4.8	4	3.2	2.4	3.2
2.224	4	3.2	4	3.2	3.2
2.226	3.2	3.2	2.4	2.4	3.2
2.228	3.2	2.4	3.2	2.4	3.2
2.23	4	3.2	3.2	4	4
2.232	3.2	3.2	3.2	3.2	4
2.234	4	4	3.2	3.2	3.2
2.236	2.4	3.2	3.2	3.2	3.2
2.238	3.2	3.2	3.2	3.2	3.2
2.24	4	3.2	3.2	3.2	3.2
2.242	3.2	4	3.2	3.2	3.2
2.244	3.2	3.2	3.2	4	3.2
2.246	2.4	4	3.2	4	4
2.248	3.2	3.2	3.2	3.2	4
2.25	3.2	3.2	3.2	4	3.2
2.252	4	3.2	3.2	3.2	4
2.254	3.2	3.2	4	3.2	3.2
2.256	4	4	3.2	3.2	4
2.258	3.2	4	3.2	4	3.2
2.26	3.2	3.2	3.2	3.2	3.2
2.262	4	2.4	3.2	3.2	4
2.264	3.2	4	3.2	4	3.2
2.266	3.2	3.2	3.2	4	3.2
2.268	3.2	3.2	4	3.2	4
2.27	4	3.2	3.2	4	3.2
2.272	3.2	4	3.2	3.2	3.2
2.274	2.4	3.2	3.2	3.2	4
2.276	3.2	3.2	2.4	1.6	3.2
2.278	3.2	3.2	4	3.2	4.8
2.28	4	3.2	4	4	3.2
2.282	3.2	3.2	3.2	3.2	3.2
2.284	3.2	4	3.2	4	3.2
2.286	3.2	4	4	3.2	3.2
2.288	3.2	3.2	3.2	4	3.2
2.29	3.2	4	2.4	4	4
2.292	4	3.2	2.4	3.2	3.2
2.294	4	4	3.2	3.2	4
2.296	3.2	3.2	4	3.2	3.2
2.298	3.2	2.4	4	3.2	4
2.3	4	4	3.2	4	3.2
2.302	3.2	4	3.2	3.2	3.2
2.304	3.2	3.2	3.2	3.2	2.4
2.306	2.4	3.2	4	3.2	4
2.308	2.4	4.8	3.2	4	4
2.31	3.2	3.2	3.2	4	3.2
2.312	2.4	3.2	3.2	3.2	3.2
2.314	3.2	3.2	2.4	4	3.2
2.316	2.4	2.4	3.2	3.2	4
2.318	4	4	3.2	2.4	3.2
2.32	2.4	4	2.4	3.2	3.2
2.322	3.2	3.2	4	3.2	3.2
2.324	3.2	2.4	3.2	4	3.2
2.326	3.2	3.2	3.2	3.2	4
2.328	4	4	3.2	4	3.2
2.33	4	3.2	3.2	4	4
2.332	3.2	4	3.2	2.4	3.2
2.334	2.4	3.2	3.2	3.2	4
2.336	3.2	3.2	2.4	3.2	3.2
2.338	3.2	4	3.2	3.2	3.2
2.34	3.2	3.2	2.4	2.4	3.2
2.342	3.2	3.2	3.2	3.2	3.2
2.344	3.2	3.2	3.2	3.2	3.2
2.346	3.2	3.2	3.2	4	2.4
2.348	3.2	4	3.2	3.2	3.2
2.35	3.2	3.2	3.2	3.2	4
2.352	3.2	4	4	3.2	3.2
2.354	4	3.2	3.2	3.2	2.4
2.356	3.2	2.4	3.2	4	4
2.358	4	4	3.2	4	2.4
2.36	3.2	3.2	2.4	2.4	3.2
2.362	3.2	4	4	3.2	3.2
2.364	4	3.2	3.2	4	3.2
2.366	4	3.2	3.2	4	4
2.368	3.2	4	3.2	4	4
2.37	3.2	3.2	4	3.2	3.2
2.372	3.2	3.2	3.2	3.2	3.2
2.374	3.2	3.2	4	3.2	3.2
2.376	3.2	2.4	3.2	3.2	3.2
2.378	3.2	3.2	4	3.2	4
2.38	3.2	3.2	2.4	4	4
2.382	4	3.2	3.2	4.8	2.4
2.384	2.4	3.2	2.4	4	4
2.386	3.2	3.2	3.2	3.2	4
2.388	4	4.8	3.2	3.2	3.2
2.39	3.2	3.2	4	3.2	4
2.392	3.2	3.2	4	3.2	4
2.394	2.4	3.2	4	3.2	2.4
2.396	3.2	2.4	4	3.2	3.2
2.398	4	3.2	4	4	3.2
2.4	3.2	2.4	4	3.2	4
2.402	3.2	4	3.2	4	4
2.404	3.2	3.2	3.2	3.2	3.2
2.406	3.2	3.2	4	4	3.2
2.408	16.8	2.4	4	3.2	3.2
2.41	17.6	3.2	3.2	3.2	4
2.412	18.4	4	3.2	3.2	4
2.414	17.6	3.2	3.2	4	1.6
2.416	17.6	3.2	3.2	2.4	4
2.418	17.6	3.2	4	3.2	2.4
2.42	17.6	3.2	4	3.2	4
2.422	17.6	3.2	4	3.2	3.2
2.424	17.6	3.2	3.2	4	3.2
2.426	16.8	4	4	3.2	3.2
2.428	18.4	3.2	3.2	4	3.2
2.43	17.6	3.2	3.2	4	3.2
2.432	17.6	4	4	3.2	4
2.434	17.6	3.2	3.2	3.2	4
2.436	19.2	3.2	3.2	3.2	4
2.438	16.8	4	4	4	2.4
2.44	16.8	2.4	2.4	2.4	3.2
2.442	17.6	4	4	3.2	4
2.444	17.6	4	3.2	4	3.2
2.446	17.6	16.8	4	4	18.4
2.448	16.8	17.6	3.2	4	17.6
2.45	16.8	17.6	3.2	3.2	17.6
2.452	17.6	16.8	4	4	16.8
2.454	17.6	17.6	3.2	4	17.6
2.456	16.8	17.6	3.2	4	17.6
2.458	17.6	18.4	3.2	3.2	16.8
2.46	17.6	17.6	3.2	3.2	17.6
2.462	16.8	17.6	3.2	4	16.8
2.464	17.6	17.6	3.2	4	16.8
2.466	17.6	18.4	4	3.2	17.6
2.468	17.6	17.6	3.2	3.2	16.8
2.47	16.8	17.6	4	4	16.8
2.472	18.4	16.8	4	3.2	16.8
2.474	17.6	16.8	3.2	4	18.4
2.476	17.6	16.8	3.2	3.2	16.8
2.478	16.8	17.6	3.2	4	17.6
2.48	17.6	16.8	3.2	4	16.8
2.482	16.8	16.8	3.2	3.2	16.8
2.484	16.8	17.6	3.2	4	16.8
2.486	18.4	17.6	3.2	4	16.8
2.488	16.8	16.8	4	3.2	16.8
2.49	17.6	16.8	3.2	4	16.8
2.492	16.8	16.8	3.2	3.2	16.8
2.494	17.6	17.6	3.2	3.2	16.8
2.496	17.6	16.8	4	4	16.8
2.498	17.6	17.6	4	3.2	17.6
2.5	17.6	16.8	3.2	3.2	16.8
2.502	17.6	16.8	4	3.2	16.8
2.504	17.6	16.8	3.2	2.4	16.8
2.506	18.4	17.6	4	3.2	16.8
2.508	16.8	16.8	3.2	4	16.8
2.51	17.6	16.8	4	3.2	16.8
2.512	17.6	16.8	3.2	3.2	16.8
2.514	17.6	16.8	4	2.4	16.8
2.516	16.8	16.8	3.2	17.6	17.6
2.518	16.8	16.8	4	17.6	16.8
2.52	17.6	16.8	3.2	17.6	18.4
2.522	16	16.8	2.4	17.6	16.8
2.524	16.8	16.8	3.2	17.6	16.8
2.526	17.6	16.8	3.2	18.4	16.8
2.528	16.8	16.8	3.2	16.8	17.6
2.53	17.6	16.8	4	17.6	16.8
2.532	17.6	16.8	3.2	16.8	16.8
2.534	16.8	17.6	3.2	16.8	16.8
2.536	16.8	16.8	4	16.8	16.8
2.538	17.6	16.8	4	16.8	16.8
2.54	18.4	17.6	4	16.8	17.6
2.542	16.8	16.8	3.2	18.4	16.8
2.544	16.8	16	4	16.8	16.8
2.546	17.6	16.8	3.2	16.8	16.8
2.548	17.6	17.6	3.2	16.8	16.8
2.55	17.6	17.6	3.2	17.6	16.8
2.552	18.4	17.6	3.2	17.6	17.6
2.554	17.6	16.8	3.2	17.6	17.6
2.556	16.8	16.8	3.2	16.8	17.6
2.558	18.4	17.6	4	16.8	16.8
2.56	17.6	16.8	4	17.6	16.8
2.562	17.6	16.8	3.2	17.6	17.6
2.564	17.6	16.8	3.2	16.8	17.6
2.566	18.4	16.8	2.4	16.8	16.8
2.568	16.8	16.8	3.2	16.8	16.8
2.57	18.4	17.6	3.2	17.6	16.8
2.572	16.8	16.8	3.2	17.6	16.8
2.574	17.6	16.8	3.2	16.8	16.8
2.576	17.6	16.8	3.2	17.6	17.6
2.578	17.6	17.6	3.2	16.8	16.8
2.58	17.6	17.6	3.2	17.6	16.8
2.582	16.8	16.8	3.2	16.8	17.6
2.584	17.6	16.8	3.2	17.6	17.6
2.586	17.6	16.8	3.2	18.4	16.8
2.588	18.4	16.8	4	16.8	16.8
2.59	17.6	17.6	4	17.6	16
2.592	17.6	16.8	4	16.8	16.8
2.594	18.4	16.8	3.2	17.6	17.6
2.596	16.8	16.8	3.2	16.8	17.6
2.598	17.6	16.8	4	16.8	16.8
2.6	17.6	16.8	2.4	17.6	16
2.602	18.4	17.6	3.2	16.8	16
2.604	16.8	16.8	16.8	16.8	16.8
2.606	16.8	17.6	18.4	16.8	17.6
2.608	17.6	16.8	18.4	16.8	16.8
2.61	17.6	17.6	16.8	17.6	16.8
2.612	18.4	16.8	18.4	16.8	17.6
2.614	16.8	17.6	18.4	15.2	16.8
2.616	18.4	16.8	17.6	16.8	16.8
2.618	17.6	16.8	18.4	16.8	16.8
2.62	17.6	16.8	18.4	17.6	17.6
2.622	17.6	17.6	18.4	16.8	16.8
2.624	17.6	18.4	18.4	16	16.8
2.626	16.8	16.8	18.4	17.6	16.8
2.628	16.8	16.8	17.6	16.8	16.8
2.63	16.8	16.8	18.4	17.6	16.8
2.632	18.4	18.4	17.6	16.8	17.6
2.634	17.6	16.8	17.6	17.6	16.8
2.636	18.4	16.8	18.4	16.8	17.6
2.638	18.4	16.8	18.4	16.8	16.8
2.64	17.6	16.8	18.4	16	17.6
2.642	17.6	17.6	17.6	16.8	16.8
2.644	17.6	16	18.4	17.6	16.8
2.646	18.4	17.6	17.6	17.6	17.6
2.648	16.8	16.8	18.4	17.6	17.6
2.65	17.6	16.8	17.6	16.8	17.6
2.652	18.4	16.8	17.6	17.6	16.8
2.654	16.8	17.6	17.6	17.6	16.8
2.656	16.8	17.6	17.6	16.8	17.6
2.658	17.6	17.6	17.6	16.8	17.6
2.66	16.8	17.6	18.4	17.6	16.8
2.662	17.6	16.8	17.6	16.8	17.6
2.664	18.4	16.8	18.4	18.4	16.8
2.666	17.6	17.6	17.6	16.8	16.8
2.668	17.6	16.8	17.6	16.8	17.6
2.67	17.6	17.6	18.4	16.8	17.6
2.672	18.4	16.8	18.4	16.8	16.8
2.674	17.6	17.6	17.6	16.8	16.8
2.676	17.6	16.8	17.6	17.6	17.6
2.678	17.6	17.6	17.6	16.8	16.8
2.68	17.6	16.8	18.4	16.8	17.6
2.682	17.6	16.8	18.4	16.8	17.6
2.684	16	16.8	16.8	16.8	16.8
2.686	17.6	17.6	16.8	16.8	16.8
2.688	17.6	16.8	18.4	16.8	17.6
2.69	18.4	16.8	18.4	16.8	17.6
2.692	17.6	16.8	17.6	17.6	17.6
2.694	16.8	16.8	18.4	16.8	17.6
2.696	17.6	17.6	18.4	16.8	17.6
2.698	17.6	16.8	18.4	17.6	16.8
2.7	17.6	16.8	16.8	16.8	18.4
2.702	17.6	16.8	18.4	16.8	17.6
2.704	17.6	16.8	18.4	16.8	16.8
2.706	17.6	16.8	17.6	16.8	17.6
2.708	17.6	16.8	17.6	16.8	16.8
2.71	18.4	17.6	17.6	17.6	17.6
2.712	18.4	16.8	17.6	16.8	17.6
2.714	16.8	17.6	18.4	16.8	17.6
2.716	17.6	16.8	17.6	16	18.4
2.718	17.6	17.6	17.6	17.6	16.8
2.72	18.4	17.6	16.8	18.4	17.6
2.722	17.6	17.6	18.4	17.6	16.8
2.724	16.8	16.8	17.6	16.8	18.4
2.726	17.6	16.8	17.6	16.8	18.4
2.728	17.6	16.8	17.6	17.6	16.8
2.73	16.8	17.6	17.6	17.6	16.8
2.732	18.4	17.6	17.6	17.6	16.8
2.734	18.4	16.8	16.8	16.8	17.6
2.736	17.6	17.6	17.6	16.8	17.6
2.738	16.8	16.8	17.6	18.4	17.6
2.74	17.6	17.6	17.6	17.6	17.6
2.742	18.4	17.6	17.6	16.8	17.6
2.744	18.4	17.6	16.8	16.8	17.6
2.746	17.6	16.8	18.4	17.6	17.6
2.748	17.6	17.6	16.8	16.8	17.6
2.75	16.8	17.6	17.6	17.6	17.6
2.752	17.6	16.8	17.6	16.8	17.6
2.754	17.6	16.8	17.6	17.6	19.2
2.756	16.8	16.8	17.6	17.6	18.4
2.758	17.6	17.6	18.4	16.8	17.6
2.76	18.4	17.6	18.4	16.8	17.6
2.762	18.4	19.2	17.6	17.6	16.8
2.764	17.6	16.8	16.8	16.8	17.6
2.766	17.6	16.8	16.8	17.6	16.8
2.768	17.6	17.6	18.4	16.8	16.8
2.77	17.6	17.6	16.8	16.8	17.6
2.772	18.4	16.8	17.6	17.6	17.6
2.774	19.2	17.6	17.6	17.6	17.6
2.776	17.6	16.8	17.6	16.8	17.6
2.778	16.8	17.6	19.2	17.6	16.8
2.78	17.6	17.6	16.8	16.8	16.8
2.782	18.4	17.6	17.6	17.6	16.8
2.784	18.4	16.8	18.4	16.8	17.6
2.786	17.6	17.6	16.8	17.6	17.6
2.788	17.6	16.8	18.4	18.4	16.8
2.79	17.6	18.4	16.8	17.6	18.4
2.792	17.6	17.6	17.6	17.6	16.8
2.794	17.6	17.6	18.4	18.4	16.8
2.796	17.6	17.6	16.8	17.6	16.8
2.798	17.6	16.8	17.6	16.8	18.4
2.8	16.8	16.8	16.8	17.6	17.6
2.802	18.4	17.6	18.4	17.6	17.6
2.804	17.6	17.6	17.6	17.6	17.6
2.806	17.6	17.6	16.8	17.6	17.6
2.808	17.6	17.6	17.6	17.6	17.6
2.81	17.6	16.8	18.4	16.8	16.8
2.812	17.6	17.6	17.6	17.6	17.6
2.814	18.4	16.8	18.4	18.4	16.8
2.816	17.6	17.6	18.4	16.8	17.6
2.818	18.4	16.8	18.4	16.8	17.6
2.82	17.6	17.6	17.6	16.8	17.6
2.822	18.4	17.6	17.6	16.8	18.4
2.824	18.4	18.4	17.6	18.4	17.6
2.826	18.4	17.6	17.6	16.8	17.6
2.828	17.6	17.6	17.6	16.8	16.8
2.83	17.6	17.6	17.6	17.6	17.6
2.832	17.6	18.4	16.8	17.6	17.6
2.834	17.6	18.4	16.8	16.8	18.4
2.836	17.6	17.6	18.4	17.6	17.6
2.838	17.6	16.8	18.4	17.6	16.8
2.84	17.6	16.8	18.4	16.8	17.6
2.842	18.4	17.6	17.6	17.6	17.6
2.844	18.4	17.6	19.2	16.8	17.6
2.846	17.6	17.6	17.6	16.8	16.8
2.848	17.6	16.8	17.6	16.8	16.8
2.85	18.4	17.6	19.2	16.8	17.6
2.852	17.6	17.6	17.6	16.8	17.6
2.854	17.6	18.4	17.6	16.8	17.6
2.856	18.4	18.4	17.6	17.6	17.6
2.858	17.6	17.6	18.4	17.6	18.4
2.86	17.6	17.6	17.6	17.6	16.8
2.862	18.4	16.8	17.6	16.8	18.4
2.864	17.6	16.8	17.6	16.8	17.6
2.866	18.4	17.6	18.4	17.6	16.8
2.868	18.4	17.6	17.6	17.6	18.4
2.87	17.6	16.8	17.6	16.8	17.6
2.872	18.4	17.6	17.6	16.8	16.8
2.874	17.6	18.4	16.8	17.6	17.6
2.876	18.4	18.4	17.6	16.8	17.6
2.878	18.4	16.8	18.4	17.6	16.8
2.88	16.8	17.6	16.8	17.6	16.8
2.882	19.2	17.6	17.6	17.6	16.8
2.884	17.6	18.4	17.6	17.6	18.4
2.886	19.2	18.4	17.6	17.6	16.8
2.888	18.4	17.6	16	18.4	17.6
2.89	16.8	18.4	17.6	16.8	17.6
2.892	18.4	16.8	17.6	17.6	17.6
2.894	18.4	17.6	17.6	17.6	17.6
2.896	18.4	17.6	17.6	16.8	16.8
2.898	17.6	16.8	17.6	17.6	16.8
2.9	18.4	17.6	18.4	16.8	18.4
2.902	17.6	17.6	18.4	17.6	18.4
2.904	18.4	17.6	18.4	18.4	17.6
2.906	17.6	17.6	17.6	17.6	17.6
2.908	18.4	18.4	16.8	16.8	17.6
2.91	18.4	18.4	17.6	17.6	17.6
2.912	18.4	17.6	18.4	18.4	17.6
2.914	18.4	17.6	17.6	18.4	16.8
2.916	18.4	16.8	18.4	16.8	18.4
2.918	2.4	17.6	17.6	18.4	17.6
2.92	9.6	16.8	17.6	17.6	18.4
2.922	3.2	16.8	17.6	17.6	17.6
2.924	2.4	18.4	18.4	17.6	17.6
2.926	4	18.4	17.6	16.8	16.8
2.928	3.2	18.4	18.4	17.6	17.6
2.93	3.2	17.6	18.4	17.6	18.4
2.932	3.2	16.8	17.6	17.6	18.4
2.934	3.2	17.6	17.6	16.8	17.6
2.936	3.2	17.6	18.4	17.6	17.6
2.938	3.2	17.6	17.6	16.8	17.6
2.94	4	17.6	18.4	17.6	18.4
2.942	3.2	17.6	17.6	17.6	18.4
2.944	3.2	18.4	17.6	16.8	17.6
2.946	3.2	17.6	18.4	18.4	18.4
2.948	3.2	18.4	17.6	17.6	16.8
2.95	3.2	17.6	18.4	17.6	18.4
2.952	3.2	18.4	18.4	16.8	17.6
2.954	4	18.4	18.4	18.4	17.6
2.956	3.2	18.4	18.4	17.6	18.4
2.958	1.6	17.6	19.2	18.4	18.4
2.96	4	3.2	18.4	17.6	17.6
2.962	4	4	18.4	18.4	18.4
2.964	3.2	3.2	18.4	17.6	17.6
2.966	3.2	4	18.4	17.6	17.6
2.968	3.2	4	17.6	16.8	17.6
2.97	3.2	4	18.4	18.4	16.8
2.972	3.2	3.2	18.4	16.8	17.6
2.974	2.4	4	17.6	17.6	17.6
2.976	3.2	3.2	18.4	18.4	18.4
2.978	2.4	4	17.6	18.4	17.6
2.98	3.2	3.2	18.4	18.4	17.6
2.982	3.2	2.4	17.6	18.4	17.6
2.984	4	3.2	18.4	16.8	17.6
2.986	3.2	3.2	18.4	17.6	4
2.988	4	3.2	17.6	17.6	3.2
2.99	3.2	4	17.6	18.4	2.4
2.992	2.4	3.2	18.4	18.4	2.4
2.994	4	3.2	18.4	18.4	3.2
2.996	3.2	3.2	17.6	16.8	4
2.998	3.2	3.2	19.2	19.2	4
3	4	4	17.6	17.6	2.4
3.002	4	4	18.4	17.6	2.4
3.004	4	3.2	17.6	17.6	3.2
3.006	3.2	3.2	17.6	19.2	3.2
3.008	2.4	4	18.4	17.6	4
3.01	3.2	4	17.6	17.6	3.2
3.012	3.2	4	16.8	18.4	3.2
3.014	3.2	4	18.4	17.6	2.4
3.016	2.4	3.2	18.4	4	4
3.018	2.4	3.2	18.4	3.2	3.2
3.02	3.2	2.4	17.6	3.2	4
3.022	3.2	4	18.4	2.4	2.4
3.024	3.2	4	17.6	4	4
3.026	3.2	3.2	17.6	3.2	4
3.028	3.2	4	19.2	3.2	4
3.03	3.2	3.2	18.4	4	4.8
3.032	3.2	4	17.6	4	3.2
3.034	3.2	4	18.4	4.8	3.2
3.036	3.2	3.2	17.6	3.2	4
3.038	3.2	3.2	18.4	4	4
3.04	4	3.2	18.4	3.2	3.2
3.042	1.6	3.2	18.4	3.2	4
3.044	4	3.2	17.6	4	4
3.046	4	4	18.4	3.2	3.2
3.048	3.2	3.2	17.6	4	2.4
3.05	3.2	2.4	18.4	4	3.2
3.052	3.2	3.2	18.4	3.2	3.2
3.054	3.2	3.2	17.6	3.2	3.2
3.056	4	3.2	17.6	3.2	3.2
3.058	4	3.2	18.4	3.2	3.2
3.06	3.2	4	18.4	4	4
3.062	2.4	4.8	18.4	3.2	3.2
3.064	2.4	4	19.2	3.2	3.2
3.066	4	3.2	17.6	3.2	3.2
3.068	4	2.4	18.4	3.2	4
3.07	3.2	3.2	17.6	4	4
3.072	3.2	4	17.6	4	4
3.074	4	4	18.4	4	4
3.076	3.2	3.2	18.4	3.2	3.2
3.078	4	3.2	17.6	4	3.2
3.08	3.2	3.2	17.6	3.2	3.2
3.082	4	4	17.6	4	3.2
3.084	3.2	4	18.4	3.2	4
3.086	4	3.2	17.6	1.6	4
3.088	3.2	3.2	17.6	4	3.2
3.09	4	3.2	17.6	3.2	3.2
3.092	4	4	18.4	3.2	3.2
3.094	3.2	4	18.4	3.2	3.2
3.096	3.2	3.2	16.8	3.2	4
3.098	4	3.2	18.4	3.2	4
3.1	3.2	4	18.4	3.2	3.2
3.102	3.2	4	16.8	3.2	3.2
3.104	3.2	3.2	18.4	3.2	4
3.106	2.4	4	18.4	3.2	4
3.108	3.2	3.2	17.6	4	3.2
3.11	4	3.2	3.2	4	4
3.112	3.2	3.2	3.2	3.2	4
3.114	3.2	3.2	3.2	4	4
3.116	3.2	4	3.2	3.2	4
3.118	3.2	3.2	3.2	1.6	3.2
3.12	3.2	3.2	3.2	3.2	2.4
3.122	3.2	3.2	4	3.2	3.2
3.124	3.2	4	4	3.2	4
3.126	4	4	4	3.2	3.2
3.128	3.2	3.2	4	4	3.2
3.13	3.2	3.2	3.2	3.2	3.2
3.132	4	4	4	3.2	2.4
3.134	4	3.2	3.2	4	4
3.136	3.2	4	3.2	3.2	4
3.138	3.2	3.2	3.2	4	3.2
3.14	3.2	4	3.2	3.2	4
3.142	4	3.2	3.2	4	4
3.144	3.2	3.2	3.2	4	3.2
3.146	3.2	3.2	3.2	3.2	3.2
3.148	3.2	3.2	3.2	3.2	3.2
3.15	3.2	3.2	3.2	3.2	4
3.152	3.2	4	3.2	4	3.2
3.154	4	3.2	3.2	3.2	2.4
3.156	3.2	4	2.4	3.2	3.2
3.158	4	3.2	4	3.2	3.2
3.16	3.2	3.2	3.2	2.4	3.2
3.162	3.2	3.2	2.4	2.4	2.4
3.164	4.8	3.2	3.2	3.2	3.2
3.166	3.2	3.2	4	3.2	4
3.168	3.2	3.2	3.2	3.2	4
3.17	3.2	3.2	3.2	4	3.2
3.172	3.2	3.2	3.2	3.2	4
3.174	3.2	3.2	2.4	4	3.2
3.176	4	4	3.2	3.2	3.2
3.178	3.2	3.2	3.2	4	3.2
3.18	3.2	3.2	2.4	3.2	3.2
3.182	2.4	2.4	2.4	3.2	3.2
3.184	4	3.2	3.2	3.2	4
3.186	3.2	3.2	3.2	4	2.4
3.188	4	4	4	3.2	3.2
3.19	3.2	4	3.2	3.2	4
3.192	3.2	3.2	4	3.2	3.2
3.194	3.2	3.2	4	3.2	4
3.196	3.2	3.2	3.2	3.2	2.4
3.198	4	4	3.2	3.2	3.2
3.2	2.4	3.2	4	4	3.2
3.202	3.2	3.2	4	4	3.2
3.204	2.4	2.4	3.2	3.2	4
3.206	3.2	3.2	3.2	2.4	3.2
3.208	4	3.2	4	3.2	3.2
3.21	4	3.2	3.2	4	3.2
3.212	3.2	3.2	4	4	3.2
3.214	2.4	3.2	3.2	3.2	3.2
3.216	3.2	3.2	3.2	4	4
3.218	3.2	3.2	4	4	4
3.22	3.2	3.2	3.2	3.2	3.2
3.222	3.2	3.2	3.2	3.2	3.2
3.224	2.4	3.2	2.4	3.2	3.2
3.226	3.2	2.4	3.2	4	3.2
3.228	3.2	4	4	4	4
3.23	5.6	4	3.2	3.2	3.2
3.232	4	3.2	3.2	4	3.2
3.234	3.2	3.2	3.2	4	4
3.236	2.4	3.2	3.2	4	3.2
3.238	3.2	4	3.2	3.2	4
3.24	3.2	4	3.2	3.2	3.2
3.242	4	3.2	3.2	3.2	3.2
3.244	3.2	2.4	3.2	4	4
3.246	3.2	3.2	3.2	3.2	4
3.248	3.2	3.2	2.4	3.2	3.2
3.25	3.2	4	3.2	3.2	3.2
3.252	4	3.2	3.2	3.2	3.2
3.254	2.4	4	3.2	4	3.2
3.256	4	4	4	3.2	3.2
3.258	3.2	2.4	3.2	4	4
3.26	3.2	3.2	4	3.2	3.2
3.262	4	3.2	4	3.2	3.2
3.264	4	3.2	4	4	3.2
3.266	4	4	4.8	3.2	2.4
3.268	3.2	3.2	3.2	4	4
3.27	3.2	4	3.2	3.2	4
3.272	3.2	4	4	3.2	3.2
3.274	3.2	3.2	4	3.2	4
3.276	4.8	2.4	3.2	2.4	3.2
3.278	3.2	3.2	3.2	3.2	3.2
3.28	4	3.2	3.2	3.2	4
3.282	3.2	2.4	4	3.2	3.2
3.284	3.2	4	3.2	3.2	4
3.286	3.2	4	3.2	2.4	3.2
3.288	3.2	3.2	3.2	3.2	3.2
3.29	3.2	4	4	3.2	3.2
3.292	3.2	4	3.2	4	4
3.294	4	4	4	3.2	4
3.296	4	4	4	4	2.4
3.298	3.2	4	3.2	3.2	4
3.3	4	3.2	3.2	3.2	4
3.302	4	3.2	3.2	2.4	4
3.304	3.2	4	3.2	4	3.2
3.306	2.4	3.2	4	1.6	3.2
3.308	4	3.2	3.2	2.4	3.2
3.31	3.2	4	3.2	3.2	3.2
3.312	3.2	2.4	3.2	4	4
3.314	4	4	3.2	4	3.2
3.316	4	3.2	4	3.2	4
3.318	3.2	3.2	3.2	3.2	3.2
3.32	3.2	4	4	3.2	3.2
3.322	3.2	3.2	3.2	3.2	3.2
3.324	3.2	4	3.2	3.2	3.2
3.326	4	4	4	2.4	4
3.328	3.2	3.2	3.2	3.2	3.2
3.33	3.2	4	4	3.2	3.2
3.332	3.2	3.2	3.2	3.2	3.2
3.334	3.2	4	2.4	3.2	3.2
3.336	3.2	3.2	4	3.2	4
3.338	3.2	3.2	3.2	4	3.2
3.34	3.2	3.2	3.2	3.2	3.2
3.342	3.2	4	2.4	3.2	3.2
3.344	4	4	3.2	4.8	3.2
3.346	4	3.2	4	4	4
3.348	2.4	4	2.4	4	3.2
3.35	2.4	3.2	4	2.4	3.2
3.352	3.2	3.2	3.2	3.2	3.2
3.354	4	3.2	2.4	3.2	4
3.356	3.2	4	4	4	4
3.358	2.4	4.8	4	3.2	4
3.36	3.2	3.2	3.2	3.2	4.8
3.362	3.2	3.2	3.2	3.2	4
3.364	4	3.2	3.2	3.2	3.2
3.366	3.2	4	3.2	3.2	3.2
3.368	3.2	4	3.2	4	3.2
3.37	3.2	3.2	4	3.2	3.2
3.372	3.2	4	3.2	3.2	4
3.374	2.4	2.4	3.2	3.2	3.2
3.376	4	3.2	3.2	4	4
3.378	3.2	3.2	2.4	3.2	3.2
3.38	4	4.8	4	4	3.2
3.382	3.2	3.2	3.2	3.2	2.4
3.384	3.2	4	3.2	3.2	3.2
3.386	3.2	4	3.2	3.2	2.4
3.388	3.2	4	3.2	4	4
3.39	4	3.2	4	3.2	3.2
3.392	3.2	3.2	3.2	4	3.2
3.394	3.2	4	2.4	3.2	3.2
3.396	3.2	3.2	4	3.2	3.2
3.398	4	3.2	3.2	4	4
3.4	3.2	4	4	3.2	4
3.402	3.2	2.4	3.2	3.2	2.4
3.404	3.2	2.4	4	3.2	3.2
3.406	3.2	4	2.4	3.2	3.2
3.408	4	3.2	3.2	3.2	3.2
3.41	2.4	3.2	3.2	3.2	4
3.412	3.2	3.2	3.2	4	4
3.414	3.2	3.2	3.2	4	3.2
3.416	3.2	3.2	4	4	4
3.418	4	4	3.2	3.2	4
3.42	3.2	3.2	3.2	3.2	3.2
3.422	4	3.2	4	4	4
3.424	3.2	3.2	3.2	4	4
3.426	3.2	2.4	4	3.2	3.2
3.428	2.4	4	3.2	4	2.4
3.43	3.2	4	3.2	4	3.2
3.432	3.2	3.2	3.2	3.2	2.4
3.434	2.4	3.2	4	3.2	4
3.436	3.2	3.2	3.2	3.2	2.4
3.438	3.2	3.2	3.2	4	3.2
3.44	3.2	4	4	3.2	2.4
3.442	3.2	4	3.2	3.2	3.2
3.444	4	3.2	2.4	4	3.2
3.446	4	3.2	4	4	3.2
3.448	2.4	4	4	3.2	4
3.45	3.2	4	3.2	3.2	3.2
3.452	3.2	3.2	3.2	4	3.2
3.454	3.2	3.2	3.2	3.2	4
3.456	3.2	4	4	3.2	4
3.458	3.2	4	4	3.2	3.2
3.46	3.2	3.2	3.2	3.2	3.2
3.462	4	2.4	3.2	3.2	4
3.464	3.2	3.2	3.2	3.2	3.2
3.466	4	3.2	3.2	3.2	3.2
3.468	3.2	3.2	3.2	3.2	3.2
3.47	3.2	4	3.2	3.2	4
3.472	3.2	3.2	3.2	3.2	4
3.474	3.2	4	3.2	4	2.4
3.476	3.2	4	3.2	3.2	4
3.478	2.4	3.2	2.4	3.2	2.4
3.48	3.2	3.2	3.2	3.2	3.2
3.482	3.2	4	3.2	4	3.2
3.484	2.4	4	3.2	4	4
3.486	3.2	3.2	2.4	4	3.2
3.488	2.4	4	4	4	3.2
3.49	3.2	4	4	3.2	3.2
3.492	4	3.2	4	3.2	3.2
3.494	4	4	2.4	4.8	4
3.496	3.2	4	3.2	4.8	4
3.498	3.2	4	4	4	3.2
3.5	3.2	4	4	3.2	3.2
3.502	4	4	3.2	3.2	3.2
3.504	4	4	3.2	3.2	4
3.506	4	3.2	3.2	4	3.2
3.508	2.4	3.2	2.4	3.2	4
3.51	3.2	2.4	3.2	2.4	3.2
3.512	3.2	3.2	4	4	3.2
3.514	3.2	3.2	3.2	3.2	2.4
3.516	3.2	4	3.2	4	3.2
3.518	3.2	3.2	4	4	3.2
3.52	3.2	3.2	4	4	3.2
3.522	3.2	4.8	3.2	4	3.2
3.524	3.2	3.2	3.2	3.2	3.2
3.526	3.2	4	2.4	3.2	3.2
3.528	3.2	3.2	3.2	4	3.2
3.53	3.2	3.2	4	4	3.2
3.532	3.2	3.2	3.2	3.2	3.2
3.534	3.2	3.2	3.2	3.2	2.4
3.536	3.2	3.2	4	2.4	4
3.538	3.2	4	3.2	3.2	3.2
3.54	4	4	3.2	4	3.2
3.542	2.4	3.2	4	4	3.2
3.544	3.2	3.2	4	3.2	3.2
3.546	4	3.2	3.2	4	3.2
3.548	3.2	3.2	3.2	3.2	4
3.55	3.2	3.2	0.8	3.2	3.2
3.552	3.2	4	3.2	4	2.4
3.554	3.2	3.2	4	3.2	3.2
3.556	3.2	4	3.2	3.2	3.2
3.558	3.2	3.2	3.2	4	2.4
3.56	3.2	3.2	3.2	3.2	3.2
3.562	3.2	3.2	3.2	4	4
3.564	4	3.2	4	4	4
3.566	3.2	3.2	2.4	3.2	3.2
3.568	4	4	3.2	2.4	4
3.57	3.2	4	3.2	3.2	3.2
3.572	2.4	4	4	3.2	3.2
3.574	3.2	3.2	2.4	3.2	2.4
3.576	3.2	3.2	4	3.2	3.2
3.578	3.2	2.4	4	3.2	3.2
3.58	3.2	3.2	4	4	4
3.582	3.2	3.2	4	4.8	3.2
3.584	3.2	3.2	3.2	3.2	3.2
3.586	3.2	4	3.2	3.2	3.2
3.588	4	3.2	4	3.2	3.2
3.59	4	3.2	3.2	3.2	2.4
3.592	3.2	3.2	3.2	4	3.2
3.594	3.2	3.2	2.4	4	3.2
3.596	2.4	3.2	3.2	4	3.2
3.598	3.2	3.2	4	3.2	3.2
3.6	3.2	3.2	3.2	3.2	3.2
3.602	4	3.2	2.4	3.2	4
3.604	3.2	3.2	3.2	3.2	3.2
3.606	3.2	3.2	3.2	4	3.2
3.608	3.2	2.4	3.2	4	3.2
3.61	4	2.4	3.2	3.2	4
3.612	3.2	3.2	3.2	3.2	3.2
3.614	3.2	4	3.2	4	3.2
3.616	3.2	3.2	4	3.2	4
3.618	3.2	3.2	4	4	3.2
3.62	3.2	4	4	3.2	3.2
3.622	3.2	3.2	2.4	3.2	3.2
3.624	4.8	3.2	3.2	3.2	3.2
3.626	3.2	4	4	3.2	4
3.628	3.2	3.2	4	2.4	4
3.63	3.2	3.2	4	3.2	2.4
3.632	3.2	3.2	3.2	3.2	2.4
3.634	3.2	3.2	2.4	4	3.2
3.636	3.2	3.2	3.2	3.2	4
3.638	2.4	3.2	3.2	3.2	4.8
3.64	3.2	4	3.2	3.2	3.2
3.642	3.2	3.2	3.2	4	3.2
3.644	2.4	3.2	3.2	3.2	4
3.646	2.4	3.2	3.2	3.2	3.2
3.648	3.2	3.2	3.2	3.2	3.2
3.65	4	3.2	4	2.4	3.2
3.652	3.2	3.2	3.2	3.2	3.2
3.654	3.2	4	4	3.2	4
3.656	2.4	4	3.2	4	3.2
3.658	3.2	3.2	4	3.2	3.2
3.66	3.2	3.2	4	3.2	3.2
3.662	3.2	3.2	4	4	2.4
3.664	3.2	3.2	3.2	4	3.2
3.666	2.4	3.2	3.2	3.2	3.2
3.668	3.2	4	4	3.2	3.2
3.67	3.2	4	3.2	3.2	3.2
3.672	3.2	3.2	4	3.2	2.4
3.674	3.2	3.2	3.2	4	3.2
3.676	3.2	3.2	3.2	4	3.2
3.678	3.2	3.2	3.2	3.2	3.2
3.68	3.2	2.4	4	3.2	3.2
3.682	4	3.2	2.4	4	3.2
3.684	3.2	3.2	3.2	4	2.4
3.686	3.2	3.2	3.2	4	3.2
3.688	4	3.2	4	4.8	4
3.69	3.2	3.2	3.2	3.2	4.8
3.692	3.2	3.2	4	4	3.2
3.694	3.2	3.2	3.2	4	3.2
3.696	3.2	4	4	3.2	3.2
3.698	3.2	4	3.2	4	4
3.7	3.2	3.2	4	3.2	4
3.702	3.2	3.2	3.2	4	3.2
3.704	3.2	4	4	3.2	3.2
3.706	3.2	4	3.2	3.2	3.2
3.708	3.2	3.2	4	3.2	3.2
3.71	3.2	3.2	3.2	4	4
3.712	4	3.2	3.2	4	4
3.714	3.2	4	3.2	3.2	4
3.716	3.2	4	3.2	3.2	2.4
3.718	3.2	3.2	3.2	4	3.2
3.72	4	3.2	4	4	4
3.722	2.4	4	3.2	3.2	4
3.724	3.2	4	3.2	3.2	3.2
3.726	4	4	4	4	3.2
3.728	4	3.2	3.2	3.2	3.2
3.73	3.2	3.2	3.2	3.2	4
3.732	2.4	4	4	4	3.2
3.734	3.2	4	3.2	4	3.2
3.736	3.2	4	4	3.2	3.2
3.738	3.2	3.2	2.4	3.2	3.2
3.74	4	4	3.2	4.8	4
3.742	3.2	3.2	3.2	3.2	4
3.744	3.2	4	4	4	4
3.746	3.2	3.2	3.2	4	3.2
3.748	3.2	4	3.2	3.2	3.2
3.75	3.2	4	3.2	3.2	3.2
3.752	2.4	2.4	3.2	4	3.2
3.754	3.2	2.4	4.8	2.4	4
3.756	3.2	3.2	4	3.2	4
3.758	4	4	3.2	3.2	3.2
3.76	3.2	3.2	3.2	3.2	4
3.762	4	3.2	2.4	3.2	3.2
3.764	3.2	4	2.4	3.2	3.2
3.766	3.2	3.2	3.2	3.2	3.2
3.768	3.2	3.2	3.2	3.2	4
3.77	4	4	3.2	2.4	3.2
3.772	3.2	4	3.2	3.2	2.4
3.774	3.2	4	4	3.2	3.2
3.776	4.8	3.2	4	4	3.2
3.778	4	4	3.2	4	4
3.78	4	3.2	3.2	3.2	2.4
3.782	2.4	4	3.2	3.2	3.2
3.784	4	4	3.2	2.4	3.2
3.786	2.4	4.8	4	4	4
3.788	3.2	3.2	4	3.2	4
3.79	3.2	3.2	3.2	3.2	3.2
3.792	4	3.2	3.2	3.2	3.2
3.794	3.2	3.2	4	3.2	3.2
3.796	3.2	3.2	4	4	3.2
3.798	4	4	3.2	4	3.2
3.8	3.2	3.2	2.4	3.2	3.2
3.802	4	2.4	3.2	4	4
3.804	4	4	3.2	3.2	3.2
3.806	4	3.2	3.2	4	3.2
3.808	3.2	3.2	4	4	4
3.81	3.2	2.4	2.4	4	4
3.812	2.4	3.2	3.2	4	3.2
3.814	4	3.2	3.2	4	3.2
3.816	4	3.2	3.2	2.4	3.2
3.818	2.4	3.2	2.4	3.2	3.2
3.82	3.2	3.2	4	4	3.2
3.822	3.2	4	3.2	3.2	3.2
3.824	4	3.2	3.2	4	3.2
3.826	3.2	4	4	4	2.4
3.828	4	3.2	4	3.2	4
3.83	3.2	3.2	3.2	4	4
3.832	3.2	3.2	4	3.2	4
3.834	4	3.2	3.2	3.2	4.8
3.836	2.4	4	4	2.4	3.2
3.838	4	3.2	3.2	4	3.2
3.84	3.2	3.2	4	3.2	3.2
3.842	3.2	3.2	3.2	3.2	3.2
3.844	3.2	3.2	3.2	4	2.4
3.846	3.2	4	3.2	4	2.4
3.848	2.4	3.2	3.2	4	3.2
3.85	3.2	2.4	1.6	3.2	3.2
3.852	3.2	3.2	3.2	3.2	4
3.854	3.2	2.4	3.2	4	3.2
3.856	3.2	4	4	4	2.4
3.858	3.2	3.2	3.2	3.2	3.2
3.86	3.2	3.2	3.2	4	4
3.862	3.2	4	3.2	3.2	3.2
3.864	3.2	4	3.2	3.2	4
3.866	4	4	3.2	3.2	3.2
3.868	4	3.2	4	4	3.2
3.87	3.2	4	2.4	3.2	2.4
3.872	3.2	3.2	3.2	3.2	3.2
3.874	3.2	4.8	4	3.2	3.2
3.876	3.2	4	3.2	3.2	4
3.878	3.2	4	3.2	3.2	4.8
3.88	4	3.2	3.2	3.2	3.2
3.882	3.2	4	3.2	3.2	4
3.884	3.2	3.2	4	2.4	3.2
3.886	4	4	4	4	4
3.888	3.2	3.2	3.2	3.2	3.2
3.89	3.2	3.2	3.2	3.2	3.2
3.892	3.2	4	3.2	3.2	3.2
3.894	2.4	3.2	3.2	3.2	3.2
3.896	3.2	3.2	4	3.2	3.2
3.898	3.2	3.2	3.2	4	4
3.9	3.2	2.4	3.2	4	4
3.902	3.2	3.2	3.2	4	4
3.904	3.2	3.2	4	4	3.2
3.906	3.2	3.2	4	3.2	4
3.908	2.4	3.2	4	4	3.2
3.91	3.2	3.2	3.2	3.2	3.2
3.912	3.2	4	4	3.2	3.2
3.914	3.2	4	3.2	4	3.2
3.916	3.2	3.2	3.2	3.2	4
3.918	3.2	4	2.4	3.2	4
3.92	3.2	2.4	3.2	3.2	3.2
3.922	4	3.2	3.2	4	4
3.924	4	4	3.2	3.2	3.2
3.926	3.2	3.2	3.2	2.4	3.2
3.928	3.2	3.2	3.2	3.2	3.2
3.93	3.2	3.2	3.2	3.2	3.2
3.932	3.2	3.2	4.8	4	3.2
3.934	4	4	3.2	4	4
3.936	3.2	4	3.2	4	4
3.938	3.2	3.2	3.2	2.4	4
3.94	4	3.2	3.2	3.2	3.2
3.942	4	4	3.2	4	4
3.944	4	4	4	3.2	3.2
3.946	3.2	3.2	3.2	3.2	3.2
3.948	3.2	3.2	3.2	3.2	4
3.95	3.2	3.2	3.2	4	3.2
3.952	3.2	3.2	4	4	3.2
3.954	4	3.2	3.2	3.2	3.2
3.956	3.2	4	3.2	4	4
3.958	2.4	3.2	4	4	3.2
3.96	4	3.2	3.2	4	3.2
3.962	3.2	3.2	3.2	3.2	3.2
3.964	3.2	4	4	4	4
3.966	4	4	4	4	4
3.968	4	4	4	3.2	3.2
3.97	4	3.2	2.4	3.2	4
3.972	4	3.2	3.2	4	3.2
3.974	4	3.2	4	3.2	4.8
3.976	3.2	4	4	4	4
3.978	3.2	4	3.2	4	4
3.98	4	3.2	3.2	3.2	2.4
3.982	3.2	3.2	3.2	3.2	3.2
3.984	3.2	3.2	4	3.2	3.2
3.986	4	4	3.2	4	4
3.988	4	4	4	3.2	4
3.99	4	3.2	3.2	4	3.2
3.992	3.2	3.2	3.2	4	3.2
3.994	3.2	3.2	3.2	3.2	2.4
3.996	3.2	4	4	4	4
3.998	3.2	3.2	3.2	4	4.8
4	3.2	3.2	3.2	4	3.2
4.002	3.2	4	4	4	4
4.004	3.2	4	3.2	4	2.4
4.006	4	3.2	3.2	3.2	3.2
4.008	3.2	3.2	3.2	4	4
4.01	4	4	4	3.2	3.2
4.012	3.2	4	3.2	3.2	3.2
4.014	3.2	3.2	3.2	3.2	4
4.016	2.4	4	3.2	3.2	4
4.018	3.2	3.2	4	4	3.2
4.02	4	4	3.2	4	3.2
4.022	3.2	4	3.2	3.2	4
4.024	2.4	3.2	3.2	4	4
4.026	3.2	3.2	4	4	4
4.028	4	4	3.2	4	4
4.03	3.2	4	4	4	3.2
4.032	4	4	3.2	4	4
4.034	3.2	4	3.2	3.2	4
4.036	3.2	3.2	3.2	3.2	3.2
4.038	3.2	3.2	3.2	4	3.2
4.04	4	3.2	3.2	3.2	3.2
4.042	3.2	2.4	4	4	3.2
4.044	4	3.2	3.2	3.2	4
4.046	3.2	4	3.2	3.2	4
4.048	3.2	3.2	2.4	3.2	2.4
4.05	2.4	4	3.2	3.2	3.2
4.052	3.2	3.2	4	3.2	3.2
4.054	2.4	2.4	4	4	4
4.056	3.2	3.2	3.2	4	4.8
4.058	3.2	3.2	3.2	3.2	2.4
4.06	4	4	3.2	3.2	3.2
4.062	3.2	4	4	2.4	3.2
4.064	4	4	3.2	3.2	4
4.066	4	4	4	3.2	4
4.068	3.2	4	3.2	3.2	4
4.07	3.2	3.2	3.2	3.2	3.2
4.072	4	3.2	2.4	3.2	3.2
4.074	3.2	3.2	4	3.2	3.2
4.076	3.2	2.4	3.2	3.2	3.2
4.078	3.2	3.2	2.4	4	3.2
4.08	2.4	3.2	3.2	4	2.4
4.082	3.2	4	4	4	4
4.084	4	3.2	3.2	3.2	2.4
4.086	3.2	3.2	3.2	4	4
4.088	4	4	3.2	4	3.2
4.09	4	4	3.2	4	3.2
4.092	3.2	3.2	3.2	4	2.4
4.094	4	3.2	3.2	3.2	3.2
4.096	3.2	3.2	3.2	4	3.2
4.098	4	2.4	3.2	3.2	3.2
4.1	3.2	4	3.2	4	4
4.102	3.2	3.2	3.2	4	3.2
4.104	3.2	4	4	3.2	4
4.106	3.2	3.2	3.2	3.2	4
4.108	4	4	3.2	3.2	4
4.11	4	4	3.2	4	4
4.112	3.2	3.2	3.2	4	3.2
4.114	4	3.2	4	4	3.2
4.116	2.4	3.2	3.2	4	4
4.118	3.2	3.2	3.2	3.2	4
4.12	3.2	2.4	2.4	4	4
4.122	2.4	3.2	3.2	3.2	3.2
4.124	3.2	3.2	2.4	3.2	3.2
4.126	3.2	3.2	4	3.2	4
4.128	3.2	3.2	4	3.2	4
4.13	3.2	3.2	4	4	4
4.132	3.2	4	3.2	4	3.2
4.134	3.2	4	3.2	3.2	3.2
4.136	4	4	4	4	2.4
4.138	3.2	2.4	3.2	3.2	4
4.14	4	4	4	3.2	4
4.142	3.2	3.2	3.2	3.2	3.2
4.144	3.2	3.2	3.2	4	4
4.146	3.2	4	4	3.2	3.2
4.148	4	3.2	4	3.2	3.2
4.15	4	3.2	3.2	3.2	3.2
4.152	3.2	3.2	2.4	4	3.2
4.154	3.2	3.2	4	3.2	4
4.156	3.2	3.2	3.2	4	3.2
4.158	4	4	4	4	3.2
4.16	3.2	3.2	4	3.2	3.2
4.162	3.2	3.2	4	3.2	3.2
4.164	2.4	3.2	4	4	3.2
4.166	4	3.2	3.2	4	4
4.168	3.2	3.2	4	3.2	4
4.17	4	3.2	3.2	3.2	4
4.172	3.2	3.2	4	3.2	4
4.174	2.4	4	3.2	4	3.2
4.176	4	4	4	3.2	3.2
4.178	3.2	4	3.2	3.2	4
4.18	4	4	4	2.4	3.2
4.182	3.2	4	3.2	3.2	3.2
4.184	3.2	3.2	3.2	4	3.2
4.186	3.2	3.2	3.2	4	3.2
4.188	3.2	4	3.2	3.2	4
4.19	4	3.2	3.2	3.2	3.2
4.192	3.2	4	3.2	4	3.2
4.194	3.2	3.2	3.2	3.2	3.2
4.196	3.2	4	2.4	3.2	3.2
4.198	4	3.2	4	3.2	4
4.2	3.2	3.2	3.2	3.2	3.2
4.202	3.2	3.2	4	3.2	4
4.204	4	4	4	4	3.2
4.206	3.2	4	3.2	3.2	3.2
4.208	4	3.2	3.2	3.2	4
4.21	4	2.4	3.2	4	3.2
4.212	3.2	3.2	3.2	3.2	3.2
4.214	4	4	3.2	4	3.2
4.216	3.2	4	3.2	3.2	3.2
4.218	2.4	4	2.4	3.2	4
4.22	4	4	3.2	4	3.2
4.222	3.2	3.2	4	3.2	3.2
4.224	3.2	4	3.2	4	4
4.226	4	3.2	3.2	3.2	3.2
4.228	3.2	3.2	2.4	3.2	3.2
4.23	3.2	3.2	3.2	3.2	3.2
4.232	3.2	3.2	2.4	4	4
4.234	3.2	3.2	4	4	4
4.236	3.2	3.2	4	3.2	3.2
4.238	2.4	3.2	4	3.2	3.2
4.24	4	4	3.2	4	3.2
4.242	4	3.2	3.2	3.2	4
4.244	3.2	4	3.2	4	4
4.246	3.2	4	4	4	3.2
4.248	3.2	2.4	3.2	4	3.2
4.25	3.2	3.2	4	3.2	4
4.252	4	3.2	4	3.2	4
4.254	2.4	3.2	3.2	2.4	3.2
4.256	4	3.2	3.2	3.2	4
4.258	3.2	3.2	4	3.2	4.8
4.26	3.2	3.2	4	3.2	3.2
4.262	3.2	3.2	3.2	3.2	3.2
4.264	3.2	4	4	3.2	3.2
4.266	3.2	3.2	4	3.2	3.2
4.268	3.2	3.2	3.2	3.2	3.2
4.27	3.2	3.2	3.2	3.2	4
4.272	3.2	3.2	4	3.2	2.4
4.274	4	4	2.4	3.2	3.2
4.276	4	4	4	3.2	4
4.278	3.2	3.2	4	4	4
4.28	3.2	3.2	3.2	3.2	3.2
4.282	2.4	4	4	3.2	3.2
4.284	4	4	3.2	4	4
4.286	4	4	3.2	3.2	4
4.288	4	3.2	3.2	3.2	3.2
4.29	4	3.2	4	3.2	4
4.292	3.2	3.2	3.2	4	2.4
4.294	3.2	3.2	4	3.2	3.2
4.296	3.2	3.2	2.4	3.2	3.2
4.298	4	3.2	3.2	4	3.2
4.3	3.2	3.2	3.2	4	4
4.302	4	2.4	4	3.2	4
4.304	4	3.2	4	3.2	3.2
4.306	2.4	3.2	4	4	4
4.308	4	3.2	3.2	4	3.2
4.31	4	4	3.2	3.2	3.2
4.312	3.2	3.2	3.2	3.2	3.2
4.314	3.2	3.2	3.2	3.2	3.2
4.316	2.4	4	3.2	3.2	4
4.318	3.2	3.2	2.4	3.2	4
4.32	3.2	3.2	4	3.2	4
4.322	4	3.2	4	3.2	3.2
4.324	3.2	3.2	3.2	3.2	2.4
4.326	3.2	3.2	3.2	3.2	3.2
4.328	3.2	3.2	3.2	2.4	3.2
4.33	3.2	3.2	4	4	4
4.332	4	2.4	4	4.8	3.2
4.334	4	3.2	4	3.2	3.2
4.336	3.2	3.2	3.2	3.2	2.4
4.338	3.2	3.2	3.2	3.2	4
4.34	3.2	3.2	3.2	2.4	3.2
4.342	4	2.4	3.2	3.2	3.2
4.344	3.2	3.2	4	2.4	3.2
4.346	3.2	3.2	3.2	3.2	4
4.348	3.2	3.2	3.2	4	3.2
4.35	3.2	3.2	3.2	3.2	3.2
4.352	4	3.2	2.4	4	3.2
4.354	4	3.2	4	3.2	4
4.356	3.2	4	4	3.2	3.2
4.358	2.4	4	3.2	4	3.2
4.36	3.2	4	4	3.2	3.2
4.362	3.2	4	2.4	4	3.2
4.364	4	3.2	3.2	3.2	4
4.366	3.2	2.4	3.2	4	4
4.368	3.2	3.2	4	3.2	2.4
4.37	3.2	4	3.2	2.4	3.2
4.372	2.4	3.2	4	4	3.2
4.374	3.2	4	1.6	3.2	4
4.376	4	4	3.2	4	3.2
4.378	2.4	3.2	3.2	3.2	4
4.38	3.2	4	3.2	3.2	2.4
4.382	4	4	3.2	4	4
4.384	3.2	3.2	3.2	4	3.2
4.386	3.2	3.2	3.2	3.2	2.4
4.388	2.4	3.2	4	3.2	3.2
4.39	3.2	4	4	3.2	3.2
4.392	3.2	3.2	4	4	4
4.394	4	3.2	3.2	4	3.2
4.396	4	3.2	4	4	3.2
4.398	4	3.2	3.2	4	3.2
4.4	4	4	4	3.2	3.2
4.402	3.2	2.4	3.2	3.2	3.2
4.404	3.2	4	3.2	3.2	3.2
4.406	4	2.4	3.2	4	3.2
4.408	3.2	3.2	3.2	3.2	4
4.41	4	4	4	3.2	3.2
4.412	4	4	3.2	4	3.2
4.414	4	3.2	4	3.2	3.2
4.416	2.4	3.2	3.2	3.2	4
4.418	4	3.2	3.2	4	3.2
4.42	3.2	4	3.2	3.2	3.2
4.422	4	4	4	4	3.2
4.424	4	4	3.2	4	3.2
4.426	3.2	4	3.2	4	3.2
4.428	3.2	3.2	3.2	3.2	3.2
4.43	4	4.8	3.2	4	3.2
4.432	3.2	2.4	3.2	3.2	4
4.434	2.4	3.2	3.2	2.4	4
4.436	3.2	2.4	4	3.2	4
4.438	4	4	3.2	2.4	3.2
4.44	3.2	3.2	3.2	3.2	4
4.442	4.8	4	3.2	3.2	2.4
4.444	3.2	3.2	3.2	3.2	3.2
4.446	3.2	2.4	4	4	3.2
4.448	4	3.2	3.2	3.2	3.2
4.45	3.2	3.2	3.2	3.2	4
4.452	3.2	3.2	3.2	3.2	4
4.454	3.2	3.2	4	3.2	3.2
4.456	3.2	4	3.2	4	4
4.458	3.2	3.2	4	4	2.4
4.46	4	4	3.2	4	3.2
4.462	4	3.2	3.2	3.2	3.2
4.464	3.2	3.2	3.2	3.2	4
4.466	4	3.2	4	3.2	3.2
4.468	3.2	4	3.2	3.2	3.2
4.47	3.2	3.2	3.2	4	3.2
4.472	3.2	4	4	3.2	4
4.474	3.2	4	3.2	3.2	4
4.476	4	4	3.2	3.2	2.4
4.478	2.4	2.4	2.4	3.2	3.2
4.48	4	4	4	3.2	3.2
4.482	3.2	3.2	4	4	2.4
4.484	4	2.4	3.2	3.2	4
4.486	3.2	3.2	3.2	3.2	4
4.488	3.2	3.2	4	3.2	3.2
4.49	4	3.2	3.2	4	4
4.492	3.2	3.2	4	3.2	4
4.494	3.2	3.2	2.4	3.2	4
4.496	4	3.2	4	3.2	3.2
4.498	4	3.2	3.2	4	3.2
4.5	4	2.4	4	4	4
4.502	3.2	3.2	3.2	4	3.2
4.504	3.2	3.2	1.6	3.2	4
4.506	3.2	3.2	3.2	3.2	3.2
4.508	1.6	3.2	3.2	3.2	4
4.51	3.2	3.2	4.8	3.2	4
4.512	4	3.2	3.2	3.2	3.2
4.514	3.2	4	4	3.2	4
4.516	4	3.2	3.2	4	3.2
4.518	2.4	4	3.2	3.2	4
4.52	3.2	3.2	4	3.2	4
4.522	3.2	4	3.2	3.2	3.2
4.524	3.2	4	4	4	2.4
4.526	2.4	3.2	3.2	3.2	2.4
4.528	4	4	4	3.2	4
4.53	2.4	2.4	3.2	3.2	4
4.532	2.4	3.2	4	3.2	3.2
4.534	3.2	3.2	4	3.2	4
4.536	3.2	4	3.2	4	3.2
4.538	4	3.2	3.2	3.2	3.2
4.54	3.2	2.4	3.2	3.2	3.2
4.542	3.2	3.2	3.2	3.2	4
4.544	4	3.2	4	4	4
4.546	4	3.2	3.2	4	3.2
4.548	4	4	3.2	4	3.2
4.55	3.2	3.2	3.2	3.2	4
4.552	3.2	3.2	3.2	4	4
4.554	3.2	3.2	3.2	2.4	3.2
4.556	4	4	3.2	3.2	4
4.558	3.2	4	4	4	3.2
4.56	4	2.4	3.2	4.8	4
4.562	3.2	4	4	2.4	3.2
4.564	3.2	4	3.2	4	4
4.566	4	4	4	3.2	-102.4
4.568	2.4	2.4	3.2	3.2	-102.4
4.57	3.2	4	3.2	3.2	-102.4
4.572	3.2	4	4	3.2	-102.4
4.574	3.2	3.2	3.2	3.2	-102.4
4.576	3.2	3.2	4	2.4	-102.4
4.578	4	3.2	3.2	3.2	-102.4
4.58	4	3.2	3.2	3.2	-102.4
4.582	2.4	4	3.2	3.2	-102.4
4.584	3.2	3.2	3.2	3.2	-102.4
4.586	4	4	4	2.4	-102.4
4.588	4	4.8	4	3.2	-102.4
4.59	3.2	3.2	3.2	3.2	-102.4
4.592	2.4	3.2	3.2	4	-102.4
4.594	2.4	2.4	4	3.2	-102.4
4.596	3.2	4	4	3.2	-102.4
4.598	3.2	3.2	4	3.2	-102.4
4.6	3.2	3.2	4	3.2	-102.4
4.602	4	3.2	3.2	4	-102.4
4.604	3.2	3.2	3.2	4	-102.4
4.606	2.4	3.2	3.2	4	-102.4
4.608	4	3.2	4	4	-102.4
4.61	4	4	4	3.2	-102.4
4.612	4	3.2	3.2	3.2	-102.4
4.614	3.2	3.2	3.2	3.2	-102.4
4.616	4	3.2	3.2	3.2	-102.4
4.618	3.2	4	3.2	3.2	-102.4
4.62	4	4	4	3.2	-102.4
4.622	3.2	4	3.2	2.4	-102.4
4.624	3.2	4	3.2	3.2	-102.4
4.626	3.2	2.4	3.2	4	-102.4
4.628	3.2	3.2	4	3.2	-102.4
4.63	4	4	3.2	2.4	-102.4
4.632	3.2	4	4	4	-102.4
4.634	3.2	3.2	4	2.4	-102.4
4.636	3.2	3.2	4	3.2	-102.4
4.638	4	3.2	3.2	4	-102.4
4.64	3.2	4	3.2	3.2	-102.4
4.642	3.2	4	2.4	4	-102.4
4.644	3.2	3.2	3.2	3.2	-102.4
4.646	4	3.2	2.4	3.2	-102.4
4.648	4	3.2	3.2	3.2	-102.4
4.65	3.2	4	3.2	4	-102.4
4.652	3.2	3.2	4	3.2	-102.4
4.654	4	4	3.2	4	-102.4
4.656	3.2	4	3.2	3.2	-102.4
4.658	3.2	4	4	4	-102.4
4.66	4	3.2	4	4	-102.4
4.662	4	4	3.2	4	-102.4
4.664	3.2	4	2.4	4	-102.4
4.666	3.2	3.2	3.2	4	-102.4
4.668	3.2	3.2	4	3.2	-102.4
4.67	3.2	3.2	4	4	-102.4
4.672	4	3.2	4	4	-102.4
4.674	4	3.2	3.2	4	-102.4
4.676	3.2	2.4	3.2	3.2	-102.4
4.678	3.2	4	2.4	3.2	-102.4
4.68	3.2	2.4	4	3.2	-102.4
4.682	3.2	3.2	4	3.2	-102.4
4.684	4	4	4	4	-102.4
4.686	3.2	3.2	3.2	3.2	-102.4
4.688	4	3.2	2.4	3.2	-102.4
4.69	3.2	3.2	3.2	3.2	-102.4
4.692	4	3.2	3.2	3.2	-102.4
4.694	3.2	4	4	4	-102.4
4.696	4	4	3.2	4.8	-102.4
4.698	4	4	3.2	3.2	-102.4
4.7	3.2	3.2	4	3.2	-102.4
4.702	4	4	3.2	2.4	-102.4
4.704	4	4	3.2	3.2	-102.4
4.706	3.2	4	3.2	4	-102.4
4.708	3.2	2.4	3.2	3.2	-102.4
4.71	3.2	3.2	3.2	4	-102.4
4.712	4	3.2	3.2	4	-102.4
4.714	4	3.2	4	4	-102.4
4.716	3.2	4	3.2	4	-102.4
4.718	4	4	4	4	-102.4
4.72	3.2	3.2	3.2	4	-102.4
4.722	4	3.2	3.2	3.2	-102.4
4.724	3.2	3.2	4	3.2	-102.4
4.726	4	3.2	3.2	3.2	-102.4
4.728	4	4	4	3.2	-102.4
4.73	3.2	3.2	3.2	4	-102.4
4.732	3.2	3.2	3.2	4	-102.4
4.734	4	3.2	3.2	4	-102.4
4.736	3.2	3.2	4	3.2	-102.4
4.738	3.2	3.2	4	4	-102.4
4.74	2.4	3.2	4	3.2	-102.4
4.742	3.2	3.2	3.2	4	-102.4
4.744	3.2	3.2	3.2	4	-102.4
4.746	3.2	4	4	3.2	-102.4
4.748	4	4	4	3.2	-102.4
4.75	4	3.2	4	3.2	-102.4
4.752	2.4	3.2	4	4	-102.4
4.754	3.2	3.2	3.2	4	-102.4
4.756	3.2	4	4	3.2	-102.4
4.758	4	3.2	4	3.2	-102.4
4.76	2.4	4	3.2	3.2	-102.4
4.762	2.4	3.2	3.2	3.2	-102.4
4.764	3.2	4	2.4	3.2	-102.4
4.766	3.2	3.2	2.4	3.2	-102.4
4.768	3.2	3.2	3.2	3.2	-102.4
4.77	2.4	2.4	3.2	3.2	-102.4
4.772	3.2	4	3.2	4	-102.4
4.774	2.4	3.2	3.2	4.8	-102.4
4.776	3.2	4	3.2	3.2	-102.4
4.778	3.2	4.8	3.2	4	-102.4
4.78	3.2	4	3.2	3.2	-102.4
4.782	3.2	4	4	4	-102.4
4.784	3.2	3.2	3.2	3.2	-102.4
4.786	3.2	3.2	2.4	3.2	-102.4
4.788	3.2	3.2	4	4	-102.4
4.79	3.2	3.2	3.2	3.2	-102.4
4.792	3.2	3.2	4	3.2	-102.4
4.794	3.2	3.2	4	3.2	-102.4
4.796	3.2	3.2	3.2	3.2	-102.4
4.798	3.2	4	2.4	3.2	-102.4
4.8	3.2	3.2	4	3.2	-102.4
4.802	4	2.4	3.2	3.2	-102.4
4.804	3.2	4	3.2	3.2	-102.4
4.806	3.2	3.2	4	4	-102.4
4.808	4	4	3.2	4	-102.4
4.81	3.2	4	3.2	4	-102.4
4.812	4	4	4	4	-102.4
4.814	4	3.2	3.2	3.2	-102.4
4.816	2.4	4	4	3.2	-102.4
4.818	3.2	4	4	3.2	-102.4
4.82	4	4	2.4	3.2	-102.4
4.822	3.2	4	3.2	4	-102.4
4.824	3.2	3.2	2.4	2.4	-102.4
4.826	4	3.2	4	3.2	-102.4
4.828	4	3.2	3.2	3.2	-102.4
4.83	3.2	3.2	3.2	3.2	-102.4
4.832	4	3.2	4	4	-102.4
4.834	3.2	2.4	4	3.2	-102.4
4.836	3.2	3.2	3.2	3.2	-102.4
4.838	3.2	3.2	4	3.2	-102.4
4.84	3.2	4	4	3.2	-102.4
4.842	3.2	3.2	4.8	4	-102.4
4.844	3.2	3.2	3.2	3.2	-102.4
4.846	3.2	3.2	3.2	4	-102.4
4.848	3.2	3.2	4	3.2	-102.4
4.85	3.2	4	4	3.2	-102.4
4.852	3.2	4	4	3.2	-102.4
4.854	3.2	2.4	3.2	3.2	-102.4
4.856	3.2	3.2	3.2	3.2	-102.4
4.858	4	3.2	4	3.2	-102.4
4.86	3.2	3.2	3.2	3.2	-102.4
4.862	4	3.2	3.2	3.2	-102.4
4.864	3.2	4	4	4	-102.4
4.866	3.2	4	3.2	4	-102.4
4.868	4	4	3.2	3.2	-102.4
4.87	4	3.2	3.2	3.2	-102.4
4.872	3.2	3.2	3.2	3.2	-102.4
4.874	2.4	3.2	3.2	4	-102.4
4.876	3.2	3.2	3.2	3.2	-102.4
4.878	4	2.4	3.2	4	-102.4
4.88	4.8	3.2	3.2	3.2	-102.4
4.882	3.2	2.4	4	3.2	-102.4
4.884	3.2	3.2	3.2	4	-102.4
4.886	4	4	4	3.2	-102.4
4.888	3.2	3.2	3.2	4	-102.4
4.89	4	3.2	3.2	4	-102.4
4.892	4	3.2	4	4	-102.4
4.894	4	3.2	3.2	4	-102.4
4.896	2.4	4	3.2	4	-102.4
4.898	3.2	3.2	-102.4	4	-102.4
4.9	3.2	3.2	-102.4	3.2	-102.4
4.902	3.2	3.2	-102.4	3.2	-102.4
4.904	3.2	3.2	-102.4	3.2	-102.4
4.906	3.2	4	-102.4	3.2	-102.4
4.908	3.2	2.4	-102.4	3.2	-102.4
4.91	3.2	3.2	-102.4	3.2	-102.4
4.912	3.2	3.2	-102.4	3.2	-102.4
4.914	4	3.2	-102.4	3.2	-102.4
4.916	4	3.2	-102.4	3.2	-102.4
4.918	3.2	3.2	-102.4	3.2	-102.4
4.92	3.2	3.2	-102.4	4	-102.4
4.922	4	3.2	-102.4	3.2	-102.4
4.924	4	4	-102.4	3.2	-102.4
4.926	3.2	4	-102.4	3.2	-102.4
4.928	3.2	3.2	-102.4	3.2	-102.4
4.93	3.2	3.2	-102.4	4	-102.4
4.932	3.2	3.2	-102.4	4	-102.4
4.934	3.2	4	-102.4	4	-102.4
4.936	3.2	3.2	-102.4	4	-102.4
4.938	2.4	3.2	-102.4	3.2	-102.4
4.94	3.2	3.2	-102.4	3.2	-102.4
4.942	2.4	3.2	-102.4	4	-102.4
4.944	3.2	3.2	-102.4	3.2	-102.4
4.946	3.2	4	-102.4	2.4	-102.4
4.948	3.2	4	-102.4	3.2	-102.4
4.95	3.2	3.2	-102.4	3.2	-102.4
4.952	4	2.4	-102.4	3.2	-102.4
4.954	3.2	4	-102.4	4	-102.4
4.956	2.4	3.2	-102.4	3.2	-102.4
4.958	4	4	-102.4	3.2	-102.4
4.96	3.2	3.2	-102.4	3.2	-102.4
4.962	4	3.2	-102.4	4	-102.4
4.964	3.2	3.2	-102.4	4	-102.4
4.966	3.2	4	-102.4	4	-102.4
4.968	3.2	4	-102.4	3.2	-102.4
4.97	4	3.2	-102.4	3.2	-102.4
4.972	3.2	4	-102.4	4	-102.4
4.974	3.2	3.2	-102.4	3.2	-102.4
4.976	4	3.2	-102.4	4	-102.4
4.978	3.2	3.2	-102.4	4	-102.4
4.98	3.2	3.2	-102.4	3.2	-102.4
4.982	3.2	3.2	-102.4	3.2	-102.4
4.984	4	4	-102.4	3.2	-102.4
4.986	4	3.2	-102.4	-102.4	-102.4
4.988	3.2	3.2	-102.4	-102.4	-102.4
4.99	3.2	3.2	-102.4	-102.4	-102.4
4.992	4	3.2	-102.4	-102.4	-102.4
4.994	4.8	3.2	-102.4	-102.4	-102.4
4.996	3.2	3.2	-102.4	-102.4	-102.4
4.998	3.2	4	-102.4	-102.4	-102.4
