Time	1st	2nd	3rd	4th	5th
0	4	-102.4	-102.4	3.2	4
0.002	4	-102.4	-102.4	3.2	4
0.004	4	-102.4	-102.4	4	4
0.006	4	-102.4	-102.4	4	3.2
0.008	4	-102.4	-102.4	4	4
0.01	5.6	-102.4	-102.4	4	4.8
0.012	4.8	-102.4	-102.4	3.2	4
0.014	4	-102.4	-102.4	4	4
0.016	4	-102.4	-102.4	4	4
0.018	4.8	-102.4	-102.4	4	4
0.02	4	-102.4	-102.4	3.2	4
0.022	4.8	-102.4	-102.4	4	4
0.024	4	-102.4	-102.4	3.2	4
0.026	4.8	-102.4	-102.4	4	4
0.028	4	-102.4	-102.4	4	4
0.03	4	-102.4	-102.4	4	4.8
0.032	4	-102.4	-102.4	3.2	4
0.034	4.8	-102.4	-102.4	4	3.2
0.036	4	-102.4	-102.4	4	4
0.038	5.6	-102.4	-102.4	4	4.8
0.04	4.8	-102.4	-102.4	4	4
0.042	4	-102.4	-102.4	4	4
0.044	4	-102.4	-102.4	3.2	4.8
0.046	4.8	-102.4	-102.4	3.2	-102.4
0.048	4.8	-102.4	-102.4	4	-102.4
0.05	5.6	-102.4	-102.4	4	-102.4
0.052	4.8	-102.4	-102.4	4	-102.4
0.054	4.8	-102.4	-102.4	3.2	-102.4
0.056	4	-102.4	-102.4	4	-102.4
0.058	4.8	-102.4	-102.4	4	-102.4
0.06	4	-102.4	-102.4	4	-102.4
0.062	4.8	-102.4	-102.4	4	-102.4
0.064	4	-102.4	-102.4	3.2	-102.4
0.066	4.8	-102.4	-102.4	4	-102.4
0.068	4	-102.4	-102.4	4	-102.4
0.07	4	-102.4	-102.4	4	-102.4
0.072	4.8	-102.4	-102.4	4	-102.4
0.074	4.8	-102.4	-102.4	4	-102.4
0.076	4.8	-102.4	-102.4	3.2	-102.4
0.078	4.8	-102.4	-102.4	4	-102.4
0.08	4	-102.4	-102.4	4	-102.4
0.082	4.8	-102.4	-102.4	4	-102.4
0.084	4.8	-102.4	-102.4	4	-102.4
0.086	4	-102.4	-102.4	3.2	-102.4
0.088	4	-102.4	-102.4	3.2	-102.4
0.09	5.6	-102.4	-102.4	4	-102.4
0.092	4	-102.4	-102.4	4	-102.4
0.094	5.6	-102.4	-102.4	4	-102.4
0.096	4	-102.4	-102.4	3.2	-102.4
0.098	4	-102.4	-102.4	4	-102.4
0.1	4.8	-102.4	-102.4	4	-102.4
0.102	4.8	-102.4	-102.4	4	-102.4
0.104	4.8	-102.4	4.8	3.2	-102.4
0.106	4.8	-102.4	4	3.2	-102.4
0.108	4	-102.4	4.8	4	-102.4
0.11	4.8	-102.4	4	3.2	-102.4
0.112	4.8	-102.4	4	4	-102.4
0.114	5.6	-102.4	4	4	-102.4
0.116	4	-102.4	3.2	4	-102.4
0.118	4.8	-102.4	4.8	4	-102.4
0.12	4.8	-102.4	4	4	-102.4
0.122	4	-102.4	4	4	-102.4
0.124	4.8	-102.4	4	4	-102.4
0.126	4	-102.4	4	3.2	-102.4
0.128	4	-102.4	4	3.2	-102.4
0.13	4	-102.4	4	3.2	-102.4
0.132	4	-102.4	4	3.2	-102.4
0.134	4	-102.4	4	4	-102.4
0.136	4.8	-102.4	4.8	4	-102.4
0.138	4	-102.4	4	4	-102.4
0.14	4	-102.4	4	4	-102.4
0.142	4.8	-102.4	4	3.2	-102.4
0.144	4	-102.4	4	4	-102.4
0.146	4.8	-102.4	4	3.2	-102.4
0.148	4	-102.4	4	3.2	-102.4
0.15	4	-102.4	4.8	3.2	-102.4
0.152	4.8	-102.4	4	4	-102.4
0.154	4.8	-102.4	3.2	4	-102.4
0.156	4.8	-102.4	4	4	-102.4
0.158	4.8	-102.4	4	4	-102.4
0.16	4.8	-102.4	4	4	-102.4
0.162	4.8	-102.4	4	4	-102.4
0.164	4	-102.4	4	4	-102.4
0.166	4.8	-102.4	4	4	-102.4
0.168	4.8	-102.4	4.8	4	-102.4
0.17	4	-102.4	4	4	-102.4
0.172	4.8	-102.4	4	4	-102.4
0.174	4.8	-102.4	4	3.2	-102.4
0.176	5.6	-102.4	4.8	4	-102.4
0.178	4	-102.4	4	4	-102.4
0.18	4	-102.4	4.8	4.8	-102.4
0.182	4.8	-102.4	4	3.2	-102.4
0.184	4.8	-102.4	4	4	-102.4
0.186	4.8	-102.4	4	4	-102.4
0.188	4.8	-102.4	4	3.2	-102.4
0.19	4.8	-102.4	4	3.2	-102.4
0.192	4	-102.4	4	3.2	-102.4
0.194	4.8	-102.4	4	3.2	-102.4
0.196	4.8	-102.4	4	4	-102.4
0.198	4.8	-102.4	4	4	-102.4
0.2	4	-102.4	4	3.2	-102.4
0.202	4	-102.4	3.2	3.2	-102.4
0.204	4	-102.4	4	-102.4	-102.4
0.206	4.8	-102.4	4	-102.4	-102.4
0.208	4.8	-102.4	4.8	-102.4	-102.4
0.21	4	-102.4	4.8	-102.4	-102.4
0.212	4	-102.4	4	-102.4	-102.4
0.214	4	-102.4	4	-102.4	-102.4
0.216	4	-102.4	4	-102.4	-102.4
0.218	4.8	-102.4	4	-102.4	-102.4
0.22	4	-102.4	4	-102.4	-102.4
0.222	4	-102.4	4	-102.4	-102.4
0.224	4.8	-102.4	3.2	-102.4	-102.4
0.226	4.8	-102.4	4	-102.4	-102.4
0.228	4.8	-102.4	4	-102.4	-102.4
0.23	4.8	-102.4	5.6	-102.4	-102.4
0.232	4	-102.4	4	-102.4	-102.4
0.234	4	-102.4	4	-102.4	-102.4
0.236	4.8	-102.4	4	-102.4	-102.4
0.238	4.8	-102.4	4	-102.4	-102.4
0.24	4	-102.4	4	-102.4	-102.4
0.242	4.8	-102.4	4	-102.4	-102.4
0.244	4.8	-102.4	4	-102.4	-102.4
0.246	5.6	-102.4	4	-102.4	-102.4
0.248	4.8	-102.4	4	-102.4	-102.4
0.25	4.8	-102.4	4.8	-102.4	-102.4
0.252	4	-102.4	4	-102.4	-102.4
0.254	4.8	-102.4	4.8	-102.4	-102.4
0.256	4	-102.4	4	-102.4	-102.4
0.258	4	-102.4	4	-102.4	-102.4
0.26	4	-102.4	4	-102.4	-102.4
0.262	4	-102.4	4	-102.4	-102.4
0.264	4	-102.4	4	-102.4	-102.4
0.266	4	4	4	-102.4	-102.4
0.268	4.8	4	4.8	-102.4	-102.4
0.27	4.8	4	4	-102.4	-102.4
0.272	4	4	4	-102.4	-102.4
0.274	4	4.8	4	-102.4	-102.4
0.276	4.8	4	4	-102.4	-102.4
0.278	4.8	4	4	-102.4	-102.4
0.28	5.6	4.8	4.8	-102.4	-102.4
0.282	4.8	4	4.8	-102.4	-102.4
0.284	4	4	4	-102.4	-102.4
0.286	5.6	4	3.2	-102.4	-102.4
0.288	5.6	4.8	4	-102.4	-102.4
0.29	4	4	4.8	-102.4	-102.4
0.292	4	5.6	4	-102.4	-102.4
0.294	4	4	4	-102.4	-102.4
0.296	4.8	4	4	-102.4	-102.4
0.298	4.8	4	4	-102.4	-102.4
0.3	5.6	4	4.8	-102.4	-102.4
0.302	4.8	4	4	-102.4	-102.4
0.304	4	4.8	4	-102.4	-102.4
0.306	4.8	4	4	-102.4	-102.4
0.308	4.8	4	4	-102.4	-102.4
0.31	5.6	4	4	-102.4	-102.4
0.312	4	4	4	-102.4	-102.4
0.314	4.8	4.8	4	-102.4	-102.4
0.316	4.8	4	4	-102.4	-102.4
0.318	4.8	4	4	-102.4	-102.4
0.32	4.8	4	3.2	-102.4	-102.4
0.322	5.6	4	4	-102.4	-102.4
0.324	4	4.8	4.8	-102.4	-102.4
0.326	4	4	4	-102.4	-102.4
0.328	4.8	4.8	4	-102.4	-102.4
0.33	4	3.2	4.8	-102.4	-102.4
0.332	4.8	4	4	-102.4	-102.4
0.334	4.8	4	4	-102.4	-102.4
0.336	4	4	4	-102.4	-102.4
0.338	5.6	4.8	4	-102.4	-102.4
0.34	4.8	4	4	-102.4	-102.4
0.342	4	4	4	-102.4	-102.4
0.344	4	4	4	-102.4	-102.4
0.346	4.8	4	4	-102.4	-102.4
0.348	4.8	4	4	-102.4	-102.4
0.35	4.8	4	4	-102.4	-102.4
0.352	4	4	4	-102.4	-102.4
0.354	4.8	4	4	-102.4	-102.4
0.356	4	4	3.2	-102.4	-102.4
0.358	4.8	4	4	-102.4	-102.4
0.36	4	4	4	-102.4	-102.4
0.362	4.8	4	4	-102.4	-102.4
0.364	4.8	4.8	4	-102.4	-102.4
0.366	4	4.8	4	-102.4	-102.4
0.368	4.8	4	4.8	-102.4	-102.4
0.37	4.8	5.6	4	-102.4	-102.4
0.372	4.8	4	4	-102.4	-102.4
0.374	4.8	4	4	-102.4	-102.4
0.376	4	3.2	3.2	-102.4	-102.4
0.378	4.8	4.8	4	-102.4	-102.4
0.38	4.8	4	4	-102.4	-102.4
0.382	4.8	4	4.8	-102.4	-102.4
0.384	4	4	4.8	-102.4	-102.4
0.386	4	4	4	-102.4	-102.4
0.388	4.8	4	4	-102.4	-102.4
0.39	4.8	4	4	-102.4	-102.4
0.392	4	4	4.8	-102.4	-102.4
0.394	4.8	4	4	-102.4	-102.4
0.396	4	4	4	-102.4	-102.4
0.398	4	4.8	4	-102.4	-102.4
0.4	4	4	4	-102.4	-102.4
0.402	4.8	4	4.8	-102.4	-102.4
0.404	4.8	4	4.8	-102.4	-102.4
0.406	4	4.8	4	-102.4	-102.4
0.408	4.8	4	4	-102.4	-102.4
0.41	4	4.8	4.8	-102.4	-102.4
0.412	4.8	4	3.2	-102.4	-102.4
0.414	4.8	4	4.8	-102.4	-102.4
0.416	4.8	4	4	-102.4	-102.4
0.418	4	4	4	-102.4	-102.4
0.42	4	4	4	-102.4	-102.4
0.422	4	4	4	-102.4	-102.4
0.424	4.8	4.8	4	-102.4	-102.4
0.426	4.8	4	4	-102.4	-102.4
0.428	4.8	4	4	-102.4	-102.4
0.43	4.8	4.8	4	-102.4	-102.4
0.432	4	4.8	4	-102.4	-102.4
0.434	4.8	4	4	-102.4	-102.4
0.436	4	4	4	-102.4	-102.4
0.438	4	4.8	4	-102.4	-102.4
0.44	4	4	4	-102.4	-102.4
0.442	4.8	4	4	-102.4	-102.4
0.444	4.8	4	4	-102.4	-102.4
0.446	4.8	4	4	-102.4	-102.4
0.448	4	4.8	4.8	-102.4	-102.4
0.45	4	4	3.2	-102.4	-102.4
0.452	4	4	4	-102.4	-102.4
0.454	4.8	4.8	4	-102.4	-102.4
0.456	4	4	4	-102.4	-102.4
0.458	4	4	4	-102.4	-102.4
0.46	4.8	4.8	4.8	-102.4	-102.4
0.462	4	4	4	-102.4	-102.4
0.464	4.8	4	4.8	-102.4	-102.4
0.466	4	4	4	-102.4	-102.4
0.468	4.8	4	4	-102.4	-102.4
0.47	4	4.8	4.8	-102.4	-102.4
0.472	4.8	4	4	-102.4	-102.4
0.474	4	4	4	-102.4	-102.4
0.476	4.8	4	4	-102.4	-102.4
0.478	4	4.8	4.8	-102.4	-102.4
0.48	4	4.8	4	-102.4	-102.4
0.482	4.8	4.8	4	-102.4	-102.4
0.484	4.8	4	4	-102.4	-102.4
0.486	4.8	4	4	-102.4	-102.4
0.488	4	4	4	-102.4	-102.4
0.49	4	3.2	4	-102.4	-102.4
0.492	4.8	4.8	4	-102.4	-102.4
0.494	4	4	4.8	-102.4	-102.4
0.496	4.8	4.8	4	-102.4	-102.4
0.498	4	4	4	-102.4	-102.4
0.5	4.8	4	4	-102.4	-102.4
0.502	4.8	4	4	-102.4	-102.4
0.504	4.8	4	4	-102.4	-102.4
0.506	4.8	4	4	-102.4	-102.4
0.508	4.8	4	4	-102.4	-102.4
0.51	4.8	4	4	-102.4	-102.4
0.512	4.8	4.8	4.8	-102.4	-102.4
0.514	4.8	4.8	4.8	-102.4	-102.4
0.516	4.8	4	4	-102.4	-102.4
0.518	4	4	4.8	-102.4	-102.4
0.52	4	4.8	4	-102.4	-102.4
0.522	4	4	4	-102.4	-102.4
0.524	4.8	4.8	4	-102.4	-102.4
0.526	4.8	4	4	-102.4	-102.4
0.528	4	4	5.6	-102.4	-102.4
0.53	4.8	4	4	-102.4	-102.4
0.532	4	4	4	-102.4	-102.4
0.534	4	4	4	-102.4	-102.4
0.536	4.8	4	4	-102.4	-102.4
0.538	4	4	4	-102.4	-102.4
0.54	4.8	4.8	3.2	-102.4	-102.4
0.542	4	4	4	-102.4	-102.4
0.544	4	4	4	-102.4	-102.4
0.546	4	4.8	4	-102.4	4.8
0.548	4	4	4	-102.4	4
0.55	4.8	4	4	-102.4	4
0.552	4.8	4	4	-102.4	4
0.554	4.8	4.8	4	-102.4	4
0.556	4.8	4.8	4	-102.4	4
0.558	4.8	4	4.8	-102.4	4
0.56	4.8	4	4	-102.4	4
0.562	4	4	4	-102.4	4
0.564	4.8	4	4	-102.4	4
0.566	4	4.8	4	-102.4	4
0.568	4.8	4	4	-102.4	4
0.57	4.8	4	4	-102.4	4.8
0.572	4	4	4	-102.4	4
0.574	4	4	4	-102.4	4
0.576	4.8	4.8	4	-102.4	4
0.578	4.8	4	4	-102.4	4
0.58	4	4.8	4.8	-102.4	4
0.582	4	4	4	-102.4	4
0.584	4.8	4	4	-102.4	4.8
0.586	4.8	4	4	-102.4	4
0.588	4.8	4	4	-102.4	4
0.59	4	4	4	-102.4	4.8
0.592	4	4	4	-102.4	4
0.594	4.8	4.8	4	-102.4	3.2
0.596	4.8	4	4	-102.4	4
0.598	4	4	4.8	-102.4	4
0.6	4	4	4	-102.4	4
0.602	4	4	3.2	-102.4	4
0.604	4.8	4	3.2	-102.4	4
0.606	4.8	4	4	-102.4	4
0.608	4.8	4	3.2	-102.4	4.8
0.61	4.8	4	4	-102.4	4
0.612	4.8	4	4	-102.4	4.8
0.614	4	4	4	-102.4	4
0.616	4	4.8	4	-102.4	4
0.618	4	4.8	4	-102.4	4.8
0.62	5.6	4	4	-102.4	4
0.622	4	4	4	-102.4	4
0.624	4	3.2	4	-102.4	3.2
0.626	4	4	4	-102.4	4
0.628	4.8	4	4	-102.4	4
0.63	4.8	4.8	3.2	-102.4	5.6
0.632	4	4	4	-102.4	4
0.634	4	4	3.2	-102.4	4
0.636	4	4	4	-102.4	4
0.638	4.8	4.8	4.8	-102.4	4
0.64	4	4	4	-102.4	4
0.642	4.8	4.8	4	-102.4	4
0.644	4	4	4	-102.4	4
0.646	4	4	4	-102.4	4
0.648	5.6	4.8	4	-102.4	4
0.65	4.8	4	4	-102.4	4
0.652	4	4	4	-102.4	4
0.654	4.8	4.8	4	-102.4	4
0.656	3.2	4	4	-102.4	4
0.658	4.8	4.8	4	-102.4	4
0.66	4.8	4.8	4	-102.4	4
0.662	4	4	4	-102.4	4.8
0.664	4	4	4	-102.4	4
0.666	4	4	4	-102.4	4
0.668	4.8	4	4.8	-102.4	4
0.67	4.8	4.8	4	-102.4	4.8
0.672	4.8	4.8	4	-102.4	4
0.674	4.8	4	3.2	-102.4	4.8
0.676	4	4.8	4	-102.4	4.8
0.678	4	4	3.2	-102.4	4
0.68	4.8	4.8	4	-102.4	4
0.682	4.8	4	4.8	-102.4	4
0.684	4.8	4	4	-102.4	4
0.686	4.8	4	3.2	-102.4	4
0.688	4.8	4	4	-102.4	4
0.69	4.8	4.8	4.8	-102.4	4
0.692	4	4	4	-102.4	4
0.694	4.8	4.8	4	-102.4	3.2
0.696	4	4	4	-102.4	4.8
0.698	4.8	4	4.8	-102.4	4
0.7	4	4	4	-102.4	4
0.702	4	4	4.8	4	4
0.704	4	4	4	4	4
0.706	4.8	4	4	4	4
0.708	4	4	4	3.2	4
0.71	4	4	4.8	4	4
0.712	4	4	4	3.2	4
0.714	4.8	4	4	4	4.8
0.716	4.8	4.8	4	4	4
0.718	4.8	4	4	3.2	4.8
0.72	4.8	4	3.2	3.2	4
0.722	4	4	4	4	4
0.724	4	4	4	4	4.8
0.726	4.8	4.8	4	4	4
0.728	4	4	4	4	4
0.73	4	4	4	4	4
0.732	4.8	4	4	4	4
0.734	4.8	4	3.2	4.8	4
0.736	4.8	4	3.2	4.8	4.8
0.738	4	4	3.2	3.2	4
0.74	4	4	4.8	4	4
0.742	4.8	4	4	4	4
0.744	3.2	4.8	4.8	4	4.8
0.746	4	4.8	3.2	3.2	4
0.748	4.8	4	4	4	4.8
0.75	4	4	4	4	3.2
0.752	4	4	4.8	4	4
0.754	4	4	4.8	4	4
0.756	4	4	4	4	4
0.758	5.6	4	4	3.2	4
0.76	4.8	4	3.2	4	4.8
0.762	4.8	4	4	4	4
0.764	4	4	4	4	5.6
0.766	4.8	4	4	3.2	4
0.768	4	4.8	4	4	4
0.77	4.8	3.2	4.8	3.2	4
0.772	4	4.8	4.8	4	4
0.774	4.8	4	4	4	4
0.776	5.6	4	4	4	4
0.778	4.8	4	4	4	4.8
0.78	4	4	4	4	4
0.782	4.8	4	4	4	4
0.784	4	4	4	4	4
0.786	4.8	4.8	4	4	4
0.788	4	4.8	4	4	4
0.79	4	4	3.2	3.2	4.8
0.792	4	4	4	4	4
0.794	4	3.2	4.8	4	4
0.796	4.8	4.8	4	4	4
0.798	4.8	4	4	3.2	4
0.8	4	4.8	4	3.2	4.8
0.802	4.8	3.2	4	4	5.6
0.804	4.8	4	4	4	4
0.806	4	4	4.8	4.8	3.2
0.808	4.8	4	4	4	4.8
0.81	4	4	3.2	4	4.8
0.812	4	4.8	4	4	4.8
0.814	4.8	4	4	4	4
0.816	4	4	4	4.8	4
0.818	4.8	4.8	4	4	4
0.82	4	4	4	3.2	4
0.822	4.8	4	4	4	4.8
0.824	5.6	4	4	4	4.8
0.826	4	3.2	4	4	4
0.828	4.8	4	4	4	4
0.83	4.8	4.8	4	4.8	4
0.832	4.8	4	4	4	4.8
0.834	4	4	3.2	4.8	4
0.836	4	4	4.8	3.2	4
0.838	4.8	4	4	4	4.8
0.84	4	4.8	4	4	4
0.842	4	4	4	3.2	4.8
0.844	4.8	4	4	3.2	4.8
0.846	4.8	4.8	3.2	4	4.8
0.848	4	4	4	3.2	4.8
0.85	4	4	3.2	4.8	4
0.852	4	4	4	3.2	4.8
0.854	4.8	4	4	4	4
0.856	4	4.8	4	4.8	4
0.858	4.8	4	4	4	4
0.86	4	4	4	4.8	4.8
0.862	4	4.8	4	4	4.8
0.864	4.8	4.8	4	4	4
0.866	4.8	4	4.8	4	4
0.868	4	4	4	4	4
0.87	4	4	4.8	4.8	4
0.872	4.8	4	4	4	4
0.874	4.8	4	3.2	4	4.8
0.876	4	4	4.8	4.8	4.8
0.878	4	4.8	4	4	4
0.88	4	4	4	4	4
0.882	4	4	4	4	4
0.884	4.8	4	4.8	4	4
0.886	4.8	4	4	4	4.8
0.888	4	4.8	4	4	4
0.89	4.8	4.8	4	4	4
0.892	5.6	4	4	4	4.8
0.894	5.6	4	4	4	4.8
0.896	4	4	4	5.6	4.8
0.898	4	4	4	4	4
0.9	4	3.2	4.8	4	4.8
0.902	4.8	4	4	4	4.8
0.904	4.8	4	4	4	4
0.906	4	4	4.8	4.8	4
0.908	4.8	4.8	4	4	4
0.91	3.2	4	4	4	4
0.912	4.8	4	4	4	4.8
0.914	4.8	4	4	4	4.8
0.916	4.8	4	4	4	4
0.918	5.6	4	4	4	4
0.92	4.8	4	4	4	4.8
0.922	4.8	4.8	4	4	4
0.924	4	4	4	4	4
0.926	4	4	4	4	4.8
0.928	4.8	4.8	4	4	5.6
0.93	4.8	4.8	4	3.2	4.8
0.932	4.8	4	4	4	3.2
0.934	4	4	4	4	4
0.936	4.8	4	3.2	4	4.8
0.938	4.8	4	4	4	4.8
0.94	4.8	4.8	4.8	4	3.2
0.942	4.8	4	4	4	3.2
0.944	4.8	4	4	4	4.8
0.946	4.8	4.8	4	4.8	4
0.948	4	4.8	4.8	4	4
0.95	4	3.2	5.6	4	4.8
0.952	4.8	4	4	4	4.8
0.954	4.8	4.8	4	4	4
0.956	4	4	4	4	4.8
0.958	4	4	4	4	4
0.96	4.8	4	4.8	4.8	4
0.962	4	4.8	4	4	4.8
0.964	4	4	4	4	4
0.966	4	4	3.2	2.4	4
0.968	4.8	4	4	3.2	4
0.97	4	4	4	4	4.8
0.972	4.8	4	4	3.2	4
0.974	4	4.8	4	4	4.8
0.976	4.8	4	4	4	4
0.978	4.8	4	4.8	4	4
0.98	4	4	4.8	4	4
0.982	4	4	4.8	4	4
0.984	4.8	4.8	4	4	4
0.986	4	4.8	4	4	4
0.988	4	4	4	4	4.8
0.99	4	4	4.8	4.8	4
0.992	4.8	4	4	3.2	4
0.994	4.8	4	3.2	3.2	4.8
0.996	4	4	4.8	4	4
0.998	4	4	5.6	4	4
1	4	4.8	4	3.2	4
1.002	4.8	3.2	4	4	4
1.004	4.8	4.8	4	4	4
1.006	4	4	3.2	4	4
1.008	4	4	4	4.8	4
1.01	4	4	4.8	4	4.8
1.012	4	4	3.2	4	4.8
1.014	4	4	4	4	4.8
1.016	4.8	4	4.8	3.2	4
1.018	4.8	4.8	4	4.8	4
1.02	4	4	4.8	4	4
1.022	5.6	4	4	4	4
1.024	4.8	4.8	4.8	4	4
1.026	4.8	4.8	4.8	4	4
1.028	4.8	4	4	4	3.2
1.03	4	4	4	4.8	4.8
1.032	4	4	4.8	4	4
1.034	4	4	4	4	4
1.036	4.8	4.8	4	4	4
1.038	4	4	3.2	4.8	4
1.04	4	4	4	4	4
1.042	4	4	4.8	4	4
1.044	4.8	4	4.8	2.4	4.8
1.046	4.8	4	4	4	4
1.048	4	4	4	4	4
1.05	4	4	4.8	3.2	4
1.052	4	4	4	2.4	4
1.054	4.8	4	4.8	4	3.2
1.056	4	4.8	4	4	4
1.058	4.8	4	3.2	4	4
1.06	4	4.8	4	4	4
1.062	4	4	4	4	4
1.064	4	4	4	4	4
1.066	4.8	4	3.2	4	4
1.068	4	4	4.8	4	4.8
1.07	4.8	4	4	4	4.8
1.072	4.8	4.8	4	4	3.2
1.074	5.6	4	4	4	4
1.076	4	4	4	4	4
1.078	4	4	3.2	4	4.8
1.08	4.8	4.8	4	4	4
1.082	4.8	4	3.2	4	4
1.084	4	4	4	4	4.8
1.086	4.8	3.2	4.8	3.2	4.8
1.088	4.8	4.8	4	4	4.8
1.09	4.8	4.8	4	4.8	4.8
1.092	4	3.2	4	4.8	4
1.094	4.8	4	4.8	4	4
1.096	4	4	4	4	4
1.098	5.6	4	3.2	4	4.8
1.1	4.8	4.8	4	4	4
1.102	5.6	4	4	3.2	4.8
1.104	4	4.8	3.2	4	3.2
1.106	4.8	4	4.8	4	4
1.108	4.8	4.8	4	4	4
1.11	5.6	4	4	4	4
1.112	4.8	5.6	4	4	4
1.114	4	4	4	4	4
1.116	4	3.2	4	4	4
1.118	4.8	4	4	4	4
1.12	4.8	4	3.2	4	4.8
1.122	5.6	4	3.2	4	4
1.124	4.8	4.8	4	4	4
1.126	4.8	4	4.8	4	4
1.128	4.8	4	4	4	4
1.13	4.8	4	4	4	4.8
1.132	4.8	4	4	4.8	4.8
1.134	4	4	4	4	4
1.136	4.8	4.8	4	4	4
1.138	4.8	4	4	4	4
1.14	4.8	4	4	4.8	4.8
1.142	4	4	3.2	4	4
1.144	4	4.8	4	4	4.8
1.146	4	4	4.8	4	3.2
1.148	4.8	4	4.8	4	4
1.15	4	4	4	4	3.2
1.152	4	4	4	4	5.6
1.154	4	4	4	4	4
1.156	4.8	4	4.8	4	3.2
1.158	5.6	4	4	4	4
1.16	4.8	4	4	4	4.8
1.162	4.8	4	4	4	4.8
1.164	4.8	4	3.2	4	4
1.166	4	4.8	4	4	4
1.168	3.2	4	4.8	3.2	4
1.17	4.8	4	5.6	4	4.8
1.172	5.6	3.2	4	3.2	5.6
1.174	4	4	4	4	4.8
1.176	4	4	4	4.8	4
1.178	4.8	4	4.8	4	4
1.18	4	4	4	4	4.8
1.182	4.8	4.8	4.8	4	4.8
1.184	4.8	4	4	4	4
1.186	4	4	4	4	4.8
1.188	4.8	4	3.2	4	4
1.19	4	4	4	4	3.2
1.192	4	3.2	4	4	4.8
1.194	5.6	4	3.2	4	4.8
1.196	4	4	4	4	4
1.198	4.8	4	4.8	4	4.8
1.2	5.6	4	4.8	4.8	4
1.202	4.8	4	4	4	4
1.204	4	4	4	4	4
1.206	4	4	4	4.8	4.8
1.208	4	4	4	4.8	4
1.21	4.8	4.8	4	4	4
1.212	4	4	4	4	4
1.214	4	4	4	4	4.8
1.216	4	4	4	4.8	5.6
1.218	4	4	4	4	4
1.22	4.8	4.8	4	4	4
1.222	4	4	4.8	4	4
1.224	4.8	4	4	4	4
1.226	4	4	4	4	4
1.228	4.8	4	4	4.8	4.8
1.23	4.8	4.8	4	4	4
1.232	4.8	4	4.8	4	4
1.234	4	4.8	4	3.2	4
1.236	4.8	4	3.2	4	4.8
1.238	4	4	4	4	4.8
1.24	4	4	4	4	4
1.242	4	4	3.2	4	4
1.244	4.8	4	4.8	4	4
1.246	4	4	4	4	4.8
1.248	4.8	4	4	4	4.8
1.25	4.8	4	4	4	4.8
1.252	4	3.2	4.8	4	4.8
1.254	4.8	4	4	4	4
1.256	4	4	4	4	4
1.258	4	3.2	4	4	4.8
1.26	4.8	4	4.8	4	4
1.262	4.8	4	3.2	4	3.2
1.264	4.8	4	4	3.2	4
1.266	4.8	4.8	4.8	4	4
1.268	4	4	4	4	4.8
1.27	4.8	4	4	4	4
1.272	4.8	4	3.2	4	4
1.274	4.8	4	4	4	4
1.276	4	4	4	4	4
1.278	4.8	4.8	4	4.8	4.8
1.28	4	4	4	4	4
1.282	4.8	4	4	4	4.8
1.284	4	4	4.8	3.2	4
1.286	4.8	4.8	4	3.2	4
1.288	4	3.2	4	4	4.8
1.29	4	4	4	4	4
1.292	4	4	4.8	4	4.8
1.294	4.8	4	4	3.2	4.8
1.296	4	4.8	4	4	4.8
1.298	4	4	4	4	4
1.3	4	4	3.2	4.8	4
1.302	4.8	4	4.8	4.8	4
1.304	4.8	4	4	4	4.8
1.306	4.8	4	4.8	4	3.2
1.308	4	4	4	4	4.8
1.31	4	4	4	4	4.8
1.312	4	4	4	4.8	4
1.314	5.6	4	5.6	4	4.8
1.316	4	4	4	4	4
1.318	5.6	4.8	4	4	4
1.32	4	4.8	4	4	4.8
1.322	4	4	4	4	4
1.324	4	4	4	4	4
1.326	5.6	4	4	4	4.8
1.328	4	4	4	4	4
1.33	4.8	4	3.2	4	4
1.332	4	4	4	4	4
1.334	4	4	4	3.2	4.8
1.336	4.8	4	4	4	4
1.338	4.8	4.8	4	4	4
1.34	4	4	4	4	3.2
1.342	4	4.8	4	3.2	4
1.344	4	4	4.8	4	5.6
1.346	4.8	4	4.8	4	4
1.348	4	4	4	4	4
1.35	4.8	4	4	4	4
1.352	4.8	4.8	4	4	3.2
1.354	4.8	4	4	4	4
1.356	4	4	4.8	4	4
1.358	4	4.8	4	4	4
1.36	4.8	4	4.8	4.8	4.8
1.362	4	4.8	4	4	4.8
1.364	4	4	4.8	4	3.2
1.366	4	4	3.2	4	5.6
1.368	4	4.8	4.8	4	4
1.37	4	4	4	4	3.2
1.372	4.8	4	3.2	4.8	4
1.374	4	4.8	3.2	4	4
1.376	4	4	4	4	4.8
1.378	4.8	4	3.2	3.2	4
1.38	4.8	4	4	4	4
1.382	4	4.8	4	4	4
1.384	4.8	4	3.2	4	4
1.386	4.8	4	4	4	4
1.388	4	4	4	4	4.8
1.39	4	4	3.2	4	4
1.392	4	4	4	4	4
1.394	4	4	4.8	4.8	4
1.396	4	4	4	4.8	4.8
1.398	4.8	4	4.8	4	4
1.4	4.8	4	4	4	4.8
1.402	4.8	4.8	3.2	4	4
1.404	4	4	3.2	4.8	4
1.406	4.8	4	5.6	4	4
1.408	4.8	4	4	4	4
1.41	4.8	4.8	4	3.2	4
1.412	4.8	4	4	4	4
1.414	4	4	4.8	4	4
1.416	4	4	4	4	4
1.418	4	4	4	3.2	4
1.42	5.6	4	3.2	4	4
1.422	4.8	4.8	4.8	4	4
1.424	4.8	4	3.2	4	4
1.426	4	4	4	4.8	4
1.428	4.8	4	4	3.2	4
1.43	4	4	4.8	3.2	4
1.432	4.8	4	4	4	4
1.434	4	4	4	3.2	4
1.436	4.8	4	4	3.2	4
1.438	4	4.8	3.2	2.4	4
1.44	4	4	4	3.2	4
1.442	4	4	4	4.8	4
1.444	4.8	4	4	4.8	4
1.446	4.8	4	4	4.8	4
1.448	4.8	4	4	4.8	4
1.45	4.8	4	4.8	5.6	4
1.452	4	4	3.2	4.8	5.6
1.454	4	4	4	4.8	4.8
1.456	4	4	4	5.6	3.2
1.458	4	4.8	4	4	4
1.46	4.8	5.6	4	4	4
1.462	4.8	4.8	4	4	4.8
1.464	4.8	4	4	3.2	4
1.466	4	4	4	4	4
1.468	4	4	4	4.8	4.8
1.47	4	4.8	4	4	4
1.472	4.8	4	4	4	4
1.474	4.8	4.8	4	4	4
1.476	5.6	4	4	4.8	5.6
1.478	4	4	4	4	4
1.48	4	4	4	4	4
1.482	4.8	4.8	4	4	3.2
1.484	4.8	3.2	3.2	4	4.8
1.486	4.8	4	4	4	4
1.488	4.8	4	4	4	4
1.49	4	4.8	4	5.6	4.8
1.492	4	4	3.2	4	4
1.494	5.6	4	4	3.2	4
1.496	3.2	4.8	4	3.2	4
1.498	4.8	4	3.2	4.8	4
1.5	4	4.8	4	4	4
1.502	4.8	4	4	4	4
1.504	4.8	3.2	4	4	4
1.506	4	4.8	4	3.2	4
1.508	4	4	4.8	4	4
1.51	4	4	4	4.8	4
1.512	4	3.2	4	4	4
1.514	6.4	4.8	4	4	4
1.516	5.6	4	3.2	4.8	3.2
1.518	4.8	4.8	4	4	4.8
1.52	4	4	4	4	4
1.522	4.8	4	4	4	3.2
1.524	4.8	4	4	3.2	4
1.526	4.8	4	4	4	4
1.528	4	4	4	4	4
1.53	4.8	4	4	4	4
1.532	4.8	4	4	4	4
1.534	4.8	4.8	4	4	4
1.536	4.8	4	4	4.8	3.2
1.538	4.8	4.8	4	4	3.2
1.54	4	4.8	4	4	4
1.542	3.2	4.8	4	4	4.8
1.544	4.8	4	4	4	3.2
1.546	4.8	4	4	3.2	4
1.548	4	4	4	4	4
1.55	4.8	4	3.2	4	4
1.552	4.8	4	5.6	4	4
1.554	4	4	4.8	4	4
1.556	4.8	4	4.8	4	4
1.558	4.8	4	4	4	4
1.56	4	4	4	4	4
1.562	4	4	4	4	4.8
1.564	4	4	4	4	4
1.566	4.8	4	4	4	4
1.568	4	4.8	4.8	4	3.2
1.57	4	4	4	4	4
1.572	4.8	4	4	4	4.8
1.574	4	4	4	4	4
1.576	4	4.8	4	4	4
1.578	4.8	4	4	4	4
1.58	4.8	4	4	4	4.8
1.582	4	3.2	4	4	4.8
1.584	4.8	4	4	4	4
1.586	4.8	4	4	4	4
1.588	4.8	4.8	4	3.2	4
1.59	4	4.8	4	4	5.6
1.592	4	4	4	4	4
1.594	4	4	4	4	4
1.596	4.8	4	4	4	4
1.598	4	4	4	4	4.8
1.6	4.8	4	4.8	3.2	4
1.602	4	4	4	4	4
1.604	4.8	4.8	4	4	4.8
1.606	4	4	4	4	3.2
1.608	4.8	4.8	4.8	4	4
1.61	4.8	4.8	4	4	4
1.612	4.8	4	4	4	4
1.614	4	4.8	4.8	4	4
1.616	4.8	4	4	4	4.8
1.618	4.8	4	4	4	4
1.62	4.8	4	3.2	4	4
1.622	4.8	4.8	4.8	4	3.2
1.624	4	4	4	4	4.8
1.626	4.8	4	4	4	4.8
1.628	4.8	4	4	4	4
1.63	4.8	4	4	3.2	3.2
1.632	4.8	4	4	4	4
1.634	4	4	3.2	4.8	4
1.636	4	4	4	4	4.8
1.638	4	4.8	4	3.2	4
1.64	4.8	4	4	4	4
1.642	4.8	4	4.8	4	4
1.644	4	4	4	4.8	4
1.646	4	4	4	4	4.8
1.648	4	4	4	4	4
1.65	4.8	3.2	4	3.2	4
1.652	4	4	4	4	4
1.654	4	4	4	4	4
1.656	4.8	5.6	4	4	4
1.658	4.8	4	4	4	4
1.66	4.8	4	4	4.8	4
1.662	4	4	4	3.2	3.2
1.664	4	4.8	4.8	4	4
1.666	4.8	4	5.6	4	4
1.668	4.8	4	4.8	4	4.8
1.67	4.8	4	4	4	4.8
1.672	4	4.8	4	4	3.2
1.674	4.8	4.8	4	4	4
1.676	4	4	4	4	4
1.678	4	4	4	4	4
1.68	4	4	4	4	4
1.682	4.8	4	4	4	4.8
1.684	4	4	4.8	4	4
1.686	4	3.2	4.8	4	4
1.688	4	4	4	4	4
1.69	4.8	4	4	4	3.2
1.692	4	4	4	4	4
1.694	4.8	4	4	4	4
1.696	4	4.8	4	3.2	4
1.698	4	3.2	4	4	4
1.7	4	3.2	4	4	4
1.702	4	4	3.2	4.8	4.8
1.704	4	4.8	4	4	4
1.706	4	4.8	2.4	4	4.8
1.708	4	4	4	3.2	4
1.71	4	4	4	4.8	4
1.712	4	4	2.4	4	4.8
1.714	4	4.8	5.6	4	4
1.716	4	4.8	4	4	4.8
1.718	4	4	4	4	4.8
1.72	4	4	4	4	3.2
1.722	4	4	4.8	4.8	4.8
1.724	4.8	4	4	4	4
1.726	5.6	4	4.8	4	4
1.728	4	4	4	4	4
1.73	4.8	4	3.2	4	4
1.732	4	4.8	4	4	4
1.734	5.6	4.8	4	4	4
1.736	4	4	4	4	4.8
1.738	4.8	4	4	4	4
1.74	4	5.6	3.2	4	4.8
1.742	4	4	4	4	4.8
1.744	4	4	4	4	4
1.746	5.6	4	4	3.2	4
1.748	4.8	4	4	4	4
1.75	4	4	4	4	4
1.752	4.8	4	3.2	4	4
1.754	4.8	4	4.8	4	4
1.756	4	4.8	4	4	4
1.758	4.8	4	4.8	4	4
1.76	4	4	4	4	4.8
1.762	4	4	4	4	4
1.764	4	4	4	4	4.8
1.766	4.8	4	4.8	3.2	4
1.768	4.8	4	4.8	4	4.8
1.77	4.8	4	4	4	3.2
1.772	4	4	4.8	4.8	4
1.774	4	4	4	4.8	4
1.776	4.8	4	4	4	4
1.778	4.8	4.8	4.8	4	4
1.78	4.8	4	4	4	4
1.782	4	4.8	4	4	4
1.784	4.8	4	4.8	4	3.2
1.786	4.8	4	3.2	4	4
1.788	4.8	4	4	4	4
1.79	4.8	4	4	4	4.8
1.792	4.8	4	4	4	4
1.794	4.8	4	4	4	4
1.796	4	4	4	4	4
1.798	4	4	4	4	4
1.8	4.8	4.8	3.2	4	4
1.802	4.8	4	4	4	4.8
1.804	4.8	4	4	4	4
1.806	4	4	3.2	4.8	4
1.808	4.8	4	4	4	4
1.81	4	4	4	4	4
1.812	4	4	4.8	4	4
1.814	4	4	4	4	4
1.816	4.8	4	4	4	3.2
1.818	4.8	4.8	4	4	3.2
1.82	4.8	4	4.8	3.2	4.8
1.822	4	4.8	4	4	4
1.824	4	4	4	4	4.8
1.826	4.8	4.8	4	4	4.8
1.828	4.8	4	4	4.8	4
1.83	4	4.8	4.8	4	4
1.832	4	4	4	4	4
1.834	4	4	4	4.8	4
1.836	4	4	4.8	4.8	4
1.838	4.8	4	4	4	4.8
1.84	4	4	4	4	3.2
1.842	4.8	4.8	4	4	4
1.844	4.8	4	4	4	4
1.846	4.8	4	3.2	4	4
1.848	4	4	4	4	3.2
1.85	4	4	4	4	3.2
1.852	4	4.8	4	4	4
1.854	4	4.8	4	4	4
1.856	4	4	4	4.8	4
1.858	4.8	4	4	4	4
1.86	4	4	4	4	4
1.862	4.8	4	4	4	4
1.864	4.8	4	4	4	4
1.866	4.8	23.2	4.8	4.8	4
1.868	4	22.4	4	4	4.8
1.87	4.8	22.4	4	22.4	3.2
1.872	4.8	23.2	4	21.6	3.2
1.874	4.8	22.4	4.8	22.4	4.8
1.876	4	21.6	4	23.2	4
1.878	4.8	22.4	3.2	23.2	4
1.88	4	22.4	4	22.4	3.2
1.882	4	23.2	4	22.4	20.8
1.884	4.8	22.4	4	22.4	22.4
1.886	4.8	22.4	4	22.4	22.4
1.888	4	22.4	4	23.2	21.6
1.89	4	23.2	4	23.2	22.4
1.892	4.8	22.4	4	22.4	22.4
1.894	4	23.2	4.8	22.4	22.4
1.896	4.8	23.2	4	22.4	22.4
1.898	4	22.4	4.8	23.2	23.2
1.9	4	24	4	22.4	22.4
1.902	4.8	23.2	4	22.4	21.6
1.904	4.8	23.2	4	22.4	22.4
1.906	4.8	23.2	4	22.4	22.4
1.908	4	22.4	4	23.2	22.4
1.91	4.8	23.2	4	23.2	22.4
1.912	4.8	23.2	4	22.4	22.4
1.914	4.8	23.2	4.8	23.2	22.4
1.916	4	22.4	4.8	22.4	22.4
1.918	4	22.4	4	22.4	22.4
1.92	4	22.4	3.2	22.4	23.2
1.922	4.8	23.2	4	22.4	22.4
1.924	4	22.4	4	23.2	23.2
1.926	4.8	23.2	4	23.2	22.4
1.928	4.8	22.4	4	22.4	22.4
1.93	4	23.2	4	22.4	22.4
1.932	4.8	23.2	4.8	22.4	23.2
1.934	4	23.2	4	22.4	22.4
1.936	4	23.2	4	23.2	23.2
1.938	4.8	23.2	4	22.4	23.2
1.94	4	22.4	4	22.4	22.4
1.942	4	23.2	4.8	22.4	23.2
1.944	4.8	23.2	4	22.4	23.2
1.946	4.8	23.2	4	22.4	22.4
1.948	4.8	23.2	4	22.4	23.2
1.95	4.8	22.4	4	23.2	23.2
1.952	4.8	22.4	4	22.4	22.4
1.954	4.8	24	4	22.4	23.2
1.956	5.6	23.2	4.8	22.4	22.4
1.958	4.8	23.2	4.8	22.4	22.4
1.96	4	23.2	4.8	22.4	22.4
1.962	4.8	23.2	4	22.4	23.2
1.964	4.8	22.4	4	21.6	23.2
1.966	4	22.4	4	22.4	22.4
1.968	4	23.2	4	22.4	20.8
1.97	4	22.4	4	22.4	22.4
1.972	4.8	23.2	4	22.4	22.4
1.974	4	23.2	3.2	23.2	23.2
1.976	4.8	22.4	4	22.4	22.4
1.978	4.8	22.4	4	22.4	22.4
1.98	4	22.4	4	22.4	22.4
1.982	4	22.4	4	22.4	23.2
1.984	4	22.4	4	22.4	23.2
1.986	4.8	22.4	4	21.6	23.2
1.988	5.6	22.4	4	23.2	23.2
1.99	4	22.4	4	22.4	23.2
1.992	4.8	23.2	4	22.4	23.2
1.994	4.8	22.4	3.2	21.6	22.4
1.996	4	23.2	4	23.2	23.2
1.998	4	23.2	4	22.4	22.4
2	4.8	22.4	3.2	22.4	21.6
2.002	4	22.4	4	21.6	22.4
2.004	4	23.2	4	22.4	23.2
2.006	4.8	23.2	3.2	22.4	23.2
2.008	4.8	22.4	4	23.2	23.2
2.01	4.8	22.4	4	23.2	22.4
2.012	4.8	22.4	4	23.2	22.4
2.014	4	23.2	4	22.4	22.4
2.016	4	23.2	4	22.4	23.2
2.018	4.8	22.4	4	23.2	22.4
2.02	4	22.4	3.2	22.4	22.4
2.022	4	22.4	4	23.2	23.2
2.024	21.6	23.2	4	23.2	23.2
2.026	22.4	23.2	4	22.4	23.2
2.028	22.4	22.4	4	22.4	22.4
2.03	22.4	23.2	4	23.2	22.4
2.032	23.2	23.2	4	23.2	22.4
2.034	22.4	22.4	4.8	23.2	21.6
2.036	22.4	23.2	4	22.4	22.4
2.038	23.2	22.4	3.2	22.4	23.2
2.04	22.4	23.2	4	23.2	23.2
2.042	22.4	24	3.2	22.4	23.2
2.044	22.4	22.4	4	23.2	22.4
2.046	23.2	23.2	4	22.4	23.2
2.048	22.4	23.2	4	23.2	23.2
2.05	23.2	20.8	4	22.4	24
2.052	23.2	21.6	4	22.4	22.4
2.054	24	23.2	4	23.2	22.4
2.056	24	23.2	4	23.2	22.4
2.058	22.4	22.4	4	23.2	23.2
2.06	23.2	22.4	3.2	23.2	23.2
2.062	23.2	22.4	4	22.4	23.2
2.064	23.2	22.4	4.8	23.2	22.4
2.066	23.2	23.2	4	24	23.2
2.068	24	22.4	4	23.2	23.2
2.07	24	22.4	4	23.2	23.2
2.072	23.2	23.2	3.2	23.2	23.2
2.074	24	23.2	4.8	23.2	23.2
2.076	23.2	23.2	4	22.4	23.2
2.078	23.2	22.4	4.8	23.2	23.2
2.08	23.2	23.2	4	23.2	22.4
2.082	24	22.4	4	23.2	24.8
2.084	23.2	24	4	23.2	23.2
2.086	23.2	22.4	4	23.2	22.4
2.088	22.4	22.4	4	23.2	24
2.09	23.2	22.4	4	24	22.4
2.092	23.2	22.4	4	23.2	24
2.094	23.2	23.2	4	23.2	24
2.096	23.2	22.4	4	24	23.2
2.098	23.2	22.4	4	23.2	22.4
2.1	23.2	24	4	23.2	23.2
2.102	23.2	22.4	3.2	23.2	23.2
2.104	23.2	22.4	4	23.2	23.2
2.106	23.2	23.2	4	23.2	23.2
2.108	23.2	22.4	4	22.4	22.4
2.11	23.2	22.4	4	24	22.4
2.112	23.2	23.2	4	23.2	24
2.114	23.2	22.4	4	23.2	22.4
2.116	23.2	22.4	4.8	23.2	23.2
2.118	23.2	22.4	4	24	21.6
2.12	23.2	22.4	4	22.4	22.4
2.122	23.2	22.4	3.2	23.2	23.2
2.124	23.2	23.2	3.2	23.2	22.4
2.126	24	23.2	3.2	23.2	24
2.128	23.2	22.4	4.8	23.2	23.2
2.13	23.2	23.2	4	23.2	24
2.132	23.2	22.4	4	23.2	23.2
2.134	22.4	23.2	4	23.2	23.2
2.136	24	22.4	4.8	22.4	23.2
2.138	23.2	21.6	4.8	24	22.4
2.14	22.4	23.2	4.8	22.4	22.4
2.142	23.2	23.2	3.2	23.2	23.2
2.144	23.2	23.2	3.2	22.4	23.2
2.146	23.2	23.2	4	23.2	23.2
2.148	23.2	23.2	4	22.4	23.2
2.15	22.4	22.4	4	23.2	22.4
2.152	22.4	23.2	3.2	23.2	22.4
2.154	23.2	22.4	4	22.4	23.2
2.156	23.2	23.2	3.2	22.4	22.4
2.158	23.2	22.4	4	23.2	23.2
2.16	23.2	22.4	4	23.2	23.2
2.162	23.2	22.4	4	24	24
2.164	23.2	23.2	3.2	23.2	23.2
2.166	22.4	23.2	4	22.4	24
2.168	23.2	22.4	3.2	22.4	23.2
2.17	23.2	23.2	4	23.2	22.4
2.172	23.2	22.4	4	23.2	23.2
2.174	22.4	23.2	4	23.2	23.2
2.176	23.2	22.4	4	23.2	23.2
2.178	23.2	23.2	4	23.2	22.4
2.18	23.2	23.2	4.8	22.4	23.2
2.182	23.2	22.4	4	22.4	23.2
2.184	23.2	23.2	4	23.2	23.2
2.186	23.2	23.2	4	23.2	24
2.188	23.2	22.4	4	22.4	23.2
2.19	23.2	22.4	4	22.4	22.4
2.192	23.2	23.2	4	23.2	22.4
2.194	22.4	22.4	3.2	24	23.2
2.196	23.2	23.2	3.2	23.2	23.2
2.198	24	22.4	4	23.2	24
2.2	23.2	23.2	4	22.4	23.2
2.202	23.2	23.2	4	22.4	23.2
2.204	22.4	23.2	4	22.4	23.2
2.206	24	22.4	4	22.4	22.4
2.208	24	22.4	4	22.4	22.4
2.21	24	22.4	4.8	23.2	23.2
2.212	24	23.2	3.2	23.2	22.4
2.214	24	21.6	4	22.4	22.4
2.216	23.2	23.2	4	23.2	23.2
2.218	24	22.4	3.2	21.6	23.2
2.22	24	22.4	4	23.2	23.2
2.222	23.2	22.4	4	22.4	23.2
2.224	23.2	23.2	4.8	23.2	23.2
2.226	24	23.2	3.2	22.4	23.2
2.228	24	22.4	4	24	24
2.23	24	22.4	4	22.4	23.2
2.232	23.2	22.4	4	22.4	23.2
2.234	23.2	22.4	4	22.4	22.4
2.236	24	22.4	4	23.2	23.2
2.238	24	22.4	4	22.4	23.2
2.24	23.2	23.2	4.8	23.2	23.2
2.242	24	23.2	4	23.2	23.2
2.244	23.2	22.4	4	23.2	22.4
2.246	24	22.4	4	22.4	22.4
2.248	22.4	22.4	4.8	22.4	23.2
2.25	23.2	22.4	4	22.4	23.2
2.252	23.2	22.4	4	23.2	24
2.254	23.2	23.2	3.2	22.4	22.4
2.256	24	22.4	4.8	23.2	23.2
2.258	24	21.6	4	22.4	23.2
2.26	23.2	23.2	4	23.2	23.2
2.262	23.2	23.2	4.8	22.4	23.2
2.264	23.2	22.4	4	23.2	23.2
2.266	23.2	23.2	3.2	23.2	23.2
2.268	23.2	22.4	4.8	23.2	24
2.27	23.2	23.2	4	22.4	23.2
2.272	23.2	23.2	3.2	22.4	23.2
2.274	23.2	22.4	4.8	22.4	22.4
2.276	24	22.4	4	23.2	23.2
2.278	24	23.2	4	23.2	23.2
2.28	24	22.4	4	23.2	24
2.282	23.2	24	3.2	23.2	23.2
2.284	23.2	22.4	4	23.2	23.2
2.286	23.2	22.4	4	24	23.2
2.288	24	22.4	4	23.2	24
2.29	23.2	22.4	4	22.4	23.2
2.292	23.2	23.2	4	23.2	24
2.294	23.2	22.4	4	21.6	22.4
2.296	24	23.2	4	22.4	24
2.298	23.2	23.2	4	23.2	23.2
2.3	23.2	24	4	22.4	23.2
2.302	23.2	22.4	4	23.2	23.2
2.304	22.4	23.2	3.2	23.2	23.2
2.306	24	23.2	4.8	22.4	23.2
2.308	23.2	22.4	4	22.4	24
2.31	24	22.4	4	23.2	24
2.312	23.2	22.4	3.2	22.4	23.2
2.314	24	24	4	22.4	22.4
2.316	23.2	22.4	4	22.4	24
2.318	24	23.2	4	23.2	24
2.32	23.2	23.2	21.6	23.2	22.4
2.322	23.2	23.2	21.6	23.2	24
2.324	22.4	23.2	22.4	22.4	23.2
2.326	23.2	22.4	22.4	23.2	23.2
2.328	24	22.4	22.4	22.4	23.2
2.33	23.2	23.2	23.2	23.2	23.2
2.332	24	23.2	22.4	23.2	24
2.334	23.2	24	22.4	22.4	23.2
2.336	23.2	22.4	23.2	23.2	23.2
2.338	23.2	22.4	23.2	22.4	23.2
2.34	24	23.2	22.4	22.4	23.2
2.342	23.2	24	22.4	23.2	23.2
2.344	23.2	23.2	22.4	22.4	23.2
2.346	23.2	23.2	22.4	22.4	22.4
2.348	22.4	23.2	22.4	22.4	23.2
2.35	24	23.2	22.4	22.4	24
2.352	24	23.2	22.4	22.4	24
2.354	22.4	23.2	22.4	23.2	23.2
2.356	22.4	23.2	22.4	22.4	23.2
2.358	23.2	22.4	22.4	23.2	22.4
2.36	23.2	23.2	23.2	22.4	23.2
2.362	23.2	23.2	22.4	23.2	23.2
2.364	23.2	23.2	23.2	23.2	23.2
2.366	23.2	22.4	22.4	22.4	23.2
2.368	23.2	22.4	24	22.4	23.2
2.37	23.2	23.2	23.2	22.4	24
2.372	23.2	22.4	23.2	23.2	23.2
2.374	23.2	22.4	22.4	23.2	23.2
2.376	23.2	21.6	22.4	22.4	23.2
2.378	22.4	22.4	21.6	23.2	23.2
2.38	24	23.2	22.4	23.2	22.4
2.382	23.2	23.2	22.4	23.2	23.2
2.384	23.2	22.4	23.2	22.4	24
2.386	22.4	22.4	22.4	23.2	23.2
2.388	23.2	22.4	22.4	22.4	22.4
2.39	23.2	22.4	22.4	22.4	23.2
2.392	22.4	23.2	23.2	22.4	23.2
2.394	24	23.2	22.4	23.2	22.4
2.396	23.2	22.4	22.4	22.4	24
2.398	23.2	22.4	22.4	23.2	23.2
2.4	22.4	23.2	22.4	23.2	23.2
2.402	23.2	22.4	22.4	22.4	24
2.404	24	22.4	23.2	22.4	23.2
2.406	23.2	23.2	22.4	23.2	24
2.408	24	22.4	22.4	23.2	24
2.41	23.2	22.4	22.4	22.4	23.2
2.412	24	22.4	22.4	23.2	23.2
2.414	23.2	21.6	23.2	24	22.4
2.416	23.2	23.2	21.6	22.4	24
2.418	22.4	23.2	22.4	22.4	23.2
2.42	23.2	23.2	22.4	23.2	23.2
2.422	23.2	22.4	22.4	22.4	24
2.424	24	23.2	22.4	23.2	23.2
2.426	24	23.2	22.4	22.4	24
2.428	23.2	21.6	22.4	22.4	22.4
2.43	23.2	22.4	23.2	24	24
2.432	23.2	23.2	22.4	23.2	23.2
2.434	23.2	22.4	22.4	22.4	24
2.436	23.2	23.2	22.4	22.4	23.2
2.438	24	22.4	21.6	22.4	23.2
2.44	23.2	22.4	20.8	23.2	22.4
2.442	23.2	23.2	21.6	23.2	24
2.444	23.2	23.2	22.4	22.4	24
2.446	23.2	23.2	23.2	23.2	23.2
2.448	23.2	23.2	21.6	23.2	23.2
2.45	23.2	23.2	22.4	22.4	24
2.452	23.2	23.2	23.2	22.4	24
2.454	23.2	23.2	21.6	22.4	23.2
2.456	23.2	23.2	21.6	22.4	23.2
2.458	23.2	23.2	21.6	22.4	23.2
2.46	23.2	23.2	20.8	23.2	24
2.462	23.2	23.2	21.6	22.4	24
2.464	23.2	22.4	20.8	23.2	23.2
2.466	24	23.2	22.4	23.2	23.2
2.468	23.2	22.4	21.6	22.4	23.2
2.47	22.4	23.2	22.4	23.2	24
2.472	23.2	22.4	22.4	23.2	23.2
2.474	23.2	24	23.2	23.2	23.2
2.476	23.2	22.4	23.2	23.2	22.4
2.478	23.2	22.4	21.6	22.4	22.4
2.48	23.2	22.4	23.2	22.4	23.2
2.482	23.2	23.2	21.6	22.4	23.2
2.484	24	23.2	22.4	23.2	24
2.486	23.2	23.2	21.6	22.4	22.4
2.488	23.2	23.2	21.6	22.4	23.2
2.49	23.2	23.2	21.6	23.2	23.2
2.492	23.2	23.2	22.4	23.2	23.2
2.494	23.2	24	22.4	22.4	23.2
2.496	23.2	22.4	22.4	22.4	23.2
2.498	23.2	24	22.4	22.4	23.2
2.5	23.2	23.2	21.6	23.2	23.2
2.502	24	23.2	22.4	23.2	23.2
2.504	23.2	23.2	21.6	23.2	24
2.506	22.4	23.2	23.2	22.4	23.2
2.508	24	22.4	23.2	23.2	23.2
2.51	23.2	22.4	22.4	23.2	23.2
2.512	23.2	23.2	21.6	22.4	24
2.514	23.2	23.2	22.4	23.2	23.2
2.516	23.2	23.2	22.4	21.6	23.2
2.518	23.2	22.4	22.4	23.2	22.4
2.52	23.2	22.4	22.4	22.4	23.2
2.522	23.2	23.2	22.4	22.4	23.2
2.524	23.2	23.2	23.2	23.2	22.4
2.526	23.2	23.2	22.4	22.4	24
2.528	23.2	23.2	22.4	22.4	22.4
2.53	23.2	22.4	22.4	22.4	24
2.532	24	23.2	22.4	22.4	23.2
2.534	23.2	23.2	21.6	23.2	22.4
2.536	23.2	23.2	22.4	24	23.2
2.538	24	23.2	21.6	23.2	23.2
2.54	24	22.4	22.4	22.4	23.2
2.542	23.2	22.4	23.2	22.4	23.2
2.544	23.2	23.2	23.2	24	22.4
2.546	23.2	23.2	23.2	23.2	23.2
2.548	24	23.2	21.6	23.2	20.8
2.55	23.2	22.4	22.4	22.4	23.2
2.552	23.2	23.2	22.4	23.2	22.4
2.554	23.2	23.2	22.4	22.4	22.4
2.556	24	22.4	22.4	22.4	23.2
2.558	22.4	22.4	22.4	22.4	22.4
2.56	23.2	22.4	21.6	22.4	22.4
2.562	23.2	22.4	22.4	22.4	23.2
2.564	24	22.4	22.4	22.4	22.4
2.566	23.2	22.4	23.2	22.4	22.4
2.568	23.2	24	23.2	22.4	22.4
2.57	23.2	22.4	22.4	22.4	22.4
2.572	24	22.4	22.4	22.4	22.4
2.574	23.2	22.4	23.2	22.4	22.4
2.576	23.2	23.2	23.2	21.6	22.4
2.578	23.2	22.4	22.4	21.6	23.2
2.58	23.2	22.4	22.4	22.4	22.4
2.582	23.2	22.4	22.4	22.4	21.6
2.584	22.4	22.4	23.2	22.4	22.4
2.586	23.2	22.4	22.4	21.6	22.4
2.588	23.2	22.4	22.4	21.6	22.4
2.59	23.2	22.4	22.4	20.8	22.4
2.592	23.2	22.4	22.4	22.4	21.6
2.594	23.2	21.6	23.2	22.4	22.4
2.596	23.2	22.4	23.2	21.6	21.6
2.598	23.2	22.4	22.4	21.6	21.6
2.6	23.2	22.4	22.4	21.6	4
2.602	23.2	21.6	22.4	21.6	4
2.604	24	22.4	22.4	21.6	4
2.606	23.2	21.6	23.2	20.8	4
2.608	23.2	22.4	23.2	21.6	4
2.61	22.4	21.6	22.4	21.6	4
2.612	23.2	22.4	22.4	20.8	4.8
2.614	23.2	22.4	22.4	20.8	4
2.616	23.2	22.4	22.4	20.8	4
2.618	23.2	21.6	23.2	20.8	4
2.62	23.2	22.4	22.4	20.8	4
2.622	23.2	21.6	23.2	21.6	4
2.624	22.4	21.6	22.4	21.6	4
2.626	23.2	21.6	23.2	21.6	3.2
2.628	23.2	21.6	22.4	20.8	4
2.63	23.2	21.6	22.4	20.8	3.2
2.632	22.4	20.8	21.6	20.8	4
2.634	23.2	21.6	23.2	20.8	4
2.636	22.4	12.8	23.2	20.8	4.8
2.638	23.2	4	23.2	11.2	4.8
2.64	23.2	4.8	22.4	4	4.8
2.642	22.4	4	23.2	4	4.8
2.644	23.2	4	22.4	4	4.8
2.646	22.4	4	23.2	4	4
2.648	23.2	4	22.4	4	5.6
2.65	23.2	4.8	22.4	4	4
2.652	22.4	4	23.2	4	4
2.654	23.2	4	22.4	4	4
2.656	22.4	4	22.4	4	4
2.658	24	4	24	4	4
2.66	22.4	3.2	23.2	4	4
2.662	22.4	4	24	4	4
2.664	22.4	4.8	22.4	4.8	4.8
2.666	22.4	4	22.4	4	4
2.668	23.2	4	23.2	4	4.8
2.67	23.2	4.8	23.2	4	4
2.672	22.4	4	22.4	4	4.8
2.674	22.4	4	22.4	3.2	4
2.676	22.4	4	22.4	4	4.8
2.678	22.4	4	23.2	4	4
2.68	22.4	4	23.2	3.2	4
2.682	22.4	4	23.2	4	4.8
2.684	22.4	4.8	22.4	4.8	4.8
2.686	22.4	4.8	24	4	4
2.688	21.6	4	22.4	4	4
2.69	23.2	4.8	23.2	4	4
2.692	21.6	4.8	23.2	4	4.8
2.694	22.4	4	22.4	4	4
2.696	21.6	4	23.2	4.8	4
2.698	21.6	4	22.4	4	4
2.7	22.4	4.8	22.4	3.2	4
2.702	21.6	4	23.2	4	4.8
2.704	21.6	4	21.6	4	4
2.706	21.6	4.8	22.4	4	4
2.708	21.6	4.8	22.4	4	4
2.71	20.8	4	23.2	4	4
2.712	12.8	3.2	23.2	4	4
2.714	4	4	22.4	4.8	4.8
2.716	4	4	23.2	4.8	4.8
2.718	4	4.8	23.2	4	4
2.72	4	4	22.4	3.2	4.8
2.722	4.8	4	22.4	4	4.8
2.724	4	4.8	23.2	4	4.8
2.726	4	4.8	22.4	4	4.8
2.728	4	4	23.2	4	4
2.73	4.8	4	23.2	4	4
2.732	4.8	4	22.4	4	4.8
2.734	4.8	4.8	22.4	4.8	4
2.736	4	4.8	23.2	4	4
2.738	4	4	22.4	4.8	4
2.74	4	4	22.4	3.2	4
2.742	4	4.8	22.4	4	4
2.744	4	4	23.2	4	3.2
2.746	4	4	23.2	4.8	4
2.748	4.8	4	21.6	4.8	4
2.75	4	4	22.4	4	4
2.752	4.8	4	23.2	4	4
2.754	4.8	4	23.2	4	4
2.756	4.8	4	22.4	4.8	4.8
2.758	4.8	4.8	24	4	4
2.76	4	4	21.6	4	4
2.762	4	4.8	23.2	4	4
2.764	4.8	4	23.2	4	4
2.766	4	4	22.4	4	5.6
2.768	4	4	22.4	4	4.8
2.77	4.8	4	22.4	4	4
2.772	4.8	4	22.4	4	4
2.774	4	4	22.4	4	4.8
2.776	4.8	4.8	23.2	4	4
2.778	4	5.6	22.4	4	4
2.78	4	4	22.4	4	4
2.782	4.8	4	23.2	3.2	4
2.784	4	4	23.2	4	4
2.786	4	4	23.2	4	4
2.788	4	4	22.4	4.8	4.8
2.79	4.8	4	23.2	4.8	4
2.792	4.8	4	22.4	4.8	4
2.794	4.8	4	23.2	3.2	4
2.796	4	4	22.4	4	4
2.798	4.8	4	23.2	4	4.8
2.8	4.8	4	23.2	4	4
2.802	4	4	23.2	4	4
2.804	4.8	4	23.2	4	4
2.806	4	4	24	4	4
2.808	4	4	23.2	4.8	3.2
2.81	4.8	5.6	22.4	4	4
2.812	4.8	4	23.2	4.8	4.8
2.814	4.8	4	24	4	4
2.816	4	4.8	22.4	4	4.8
2.818	4	4	22.4	4	4
2.82	4.8	4	22.4	4	4.8
2.822	4.8	4	23.2	4	4
2.824	4.8	4	23.2	4	4
2.826	4	4.8	23.2	4	4
2.828	4.8	4.8	23.2	3.2	4
2.83	4	4	22.4	3.2	5.6
2.832	4.8	4	22.4	4.8	4
2.834	4	4	22.4	4.8	4.8
2.836	4	4.8	24	4.8	3.2
2.838	4.8	4.8	22.4	4	4
2.84	4	4	23.2	4	4
2.842	4.8	4	22.4	4	4
2.844	4	4	23.2	4.8	3.2
2.846	4.8	4	22.4	4	4.8
2.848	4	4.8	22.4	4.8	4
2.85	4	4	22.4	4.8	4
2.852	4	4	23.2	4	4.8
2.854	4.8	4	22.4	4.8	4
2.856	4.8	4	22.4	4	4
2.858	4.8	4	21.6	4.8	4
2.86	4	4	22.4	4	4.8
2.862	4	4	22.4	4	4
2.864	4.8	4	23.2	4.8	4
2.866	4.8	4.8	22.4	4	3.2
2.868	4.8	4.8	22.4	4	5.6
2.87	4.8	4	22.4	4	4
2.872	4	4	22.4	4.8	4
2.874	4	4	22.4	4	4
2.876	4.8	4.8	22.4	4	4
2.878	4.8	4	22.4	4	4
2.88	4.8	3.2	22.4	4	4
2.882	4.8	4	23.2	2.4	4
2.884	4	4	22.4	4	4
2.886	4.8	4	22.4	4	4.8
2.888	4.8	4	22.4	4	4
2.89	4.8	4	23.2	4	4
2.892	4	4	22.4	4	4
2.894	4	4	22.4	4	4.8
2.896	4.8	4.8	23.2	4	4
2.898	4	4	21.6	4	4
2.9	4	4	23.2	4	4
2.902	4	4	21.6	4.8	4
2.904	4	4.8	22.4	4	4
2.906	5.6	3.2	22.4	4	4
2.908	5.6	4.8	22.4	4	4
2.91	4.8	4	22.4	4	4
2.912	4	4	22.4	4	4.8
2.914	4.8	4	23.2	4	4.8
2.916	4.8	4.8	22.4	4.8	4.8
2.918	4.8	4.8	23.2	5.6	4.8
2.92	4.8	4.8	22.4	4	4
2.922	4	4	21.6	4	4
2.924	4.8	4	22.4	4	4.8
2.926	4	4.8	22.4	4	4
2.928	4.8	4	22.4	4	4
2.93	4	4	22.4	4	4.8
2.932	4	4	22.4	4	4.8
2.934	4	4	22.4	4	4
2.936	4.8	4	22.4	3.2	4
2.938	4.8	4	22.4	4	4.8
2.94	4.8	4	21.6	4	4
2.942	4	4	22.4	3.2	4
2.944	4.8	4	22.4	4.8	4
2.946	4	4	22.4	4	4
2.948	4	4	22.4	4.8	4
2.95	4	4	22.4	4	4
2.952	4	4	22.4	4.8	4
2.954	4	4	20.8	4	4
2.956	4	4.8	22.4	4	4
2.958	4	4.8	21.6	4	4
2.96	4.8	4	21.6	4.8	4
2.962	4	4	21.6	4	4
2.964	4	4	21.6	4	4
2.966	4	4	21.6	4.8	4
2.968	4	4	21.6	4	3.2
2.97	4.8	4	21.6	4.8	4
2.972	4.8	4.8	21.6	4	4
2.974	4	4	21.6	4	4.8
2.976	4	4	21.6	4	4
2.978	4	4	22.4	4	4
2.98	4	4	21.6	4.8	4
2.982	4	4.8	21.6	4.8	4
2.984	4	4	21.6	4	4
2.986	4.8	4	22.4	4	4
2.988	4	4	4	4	4.8
2.99	4	4	4	4.8	4
2.992	4.8	4.8	3.2	4.8	4.8
2.994	4.8	4	4	4	3.2
2.996	4	4	4	4.8	4.8
2.998	4	4.8	4.8	4	4
3	4.8	4	4	3.2	4.8
3.002	4	4.8	4	4	4
3.004	4	4	4.8	4	4
3.006	4	4.8	4.8	4	4
3.008	4	4	4	4	4.8
3.01	4.8	4	4	4	3.2
3.012	4.8	4	4	4.8	4.8
3.014	4	4.8	4	4	4
3.016	4	4	4.8	4	4
3.018	4	4.8	4	4	4
3.02	4	4	4	4	4
3.022	4	4.8	4	4.8	3.2
3.024	4	4	4	4	4
3.026	4	4	4.8	4.8	4
3.028	4	3.2	4	4	4
3.03	4	4	4.8	4.8	4
3.032	4	4	4	4	4
3.034	4	4.8	4	4	4
3.036	4	4.8	4	4.8	4
3.038	4	4	4	4	4.8
3.04	4	4.8	4.8	4	4.8
3.042	4	4	4.8	4	4
3.044	4	4	4	4.8	4
3.046	4	4	4	4.8	4
3.048	4	4.8	4.8	4	4
3.05	4.8	4	4	4	4.8
3.052	4	4	3.2	3.2	4.8
3.054	4	4.8	4	4	3.2
3.056	4	4.8	3.2	4	4
3.058	4	4	4	4.8	4.8
3.06	4	4.8	4	4	4.8
3.062	4.8	4	4	4	4
3.064	4	4.8	4	4	4
3.066	4	4	4	4	4.8
3.068	4.8	4.8	4.8	4	4.8
3.07	4	4	4	4	4
3.072	4.8	4	3.2	4	4
3.074	4	4	4.8	4	4.8
3.076	4	3.2	4	4	4
3.078	4	4	4	4	4
3.08	4	4	4	4.8	4
3.082	4.8	3.2	4	4	4
3.084	4	4.8	4	4	4
3.086	4	4.8	4	4.8	4.8
3.088	4.8	4	3.2	4	4
3.09	4	4	4.8	4.8	4.8
3.092	4	4.8	4	4	4
3.094	4	4.8	4.8	4	5.6
3.096	4.8	3.2	4.8	4.8	4.8
3.098	4	4	4	4	4
3.1	4	4	4	4.8	4
3.102	4	4	4	4	4.8
3.104	4.8	4.8	4	4.8	4
3.106	4	4	4	3.2	4
3.108	4	4.8	4	4	4
3.11	4	4	4.8	4	4
3.112	4	4	4	4.8	4
3.114	4	4	4	4	4
3.116	4	4.8	4.8	4	4
3.118	4.8	3.2	4	4	4
3.12	4	4.8	4	4.8	4
3.122	4	4	4	4.8	4
3.124	4	4	4	4.8	4.8
3.126	4	4	3.2	4	4.8
3.128	4.8	4	4	4.8	3.2
3.13	4	4	4	4	3.2
3.132	4.8	4	4	4.8	4
3.134	4	4	4	4	4.8
3.136	4.8	4.8	4	4	4
3.138	4	4	4	4	4
3.14	4	4	4	3.2	4.8
3.142	4	4	4	4.8	4
3.144	4	4	4	4	4
3.146	4	4	4	4	4
3.148	4	4	4	4	3.2
3.15	4	4	4.8	4	4
3.152	4.8	4	4.8	4	4
3.154	4	3.2	4	4	4
3.156	4.8	4	4	4.8	4
3.158	4	4	3.2	4	4.8
3.16	4	4	4	4	4
3.162	4	4	4	4.8	4.8
3.164	3.2	4	4	4.8	4
3.166	4	4.8	3.2	4	4.8
3.168	4	4	4	4.8	4
3.17	4	4.8	4	4	4.8
3.172	4.8	4	4.8	4	4
3.174	4	4.8	4	4	4
3.176	4	4	4	4.8	4
3.178	4.8	4	4	4	4
3.18	4.8	4.8	4	4	4
3.182	4	4.8	4	4	4
3.184	4	4	4	4.8	4
3.186	4.8	4	4	4	4
3.188	4	4	4	4.8	4
3.19	4	4	4	4	5.6
3.192	4	4	4	4	4.8
3.194	4	4	4	4.8	4
3.196	4	4	3.2	4	4
3.198	4.8	4.8	4	4	4
3.2	4.8	4.8	3.2	4	4.8
3.202	4	5.6	3.2	4.8	4
3.204	4	5.6	4	4	4.8
3.206	4	4.8	4.8	4.8	4
3.208	4	4	4	4	4
3.21	3.2	4	4	4.8	4
3.212	4	4	4	4	4
3.214	4	4.8	3.2	4.8	4
3.216	4	4.8	4.8	4	4
3.218	4.8	4	4	4	4
3.22	4	4	4	4.8	4
3.222	4.8	4.8	4	4	4
3.224	4	4.8	4	4.8	3.2
3.226	4	4.8	4.8	4	4
3.228	4	4	4	4	4
3.23	4	4	4	4.8	4
3.232	4	4	3.2	4	4
3.234	4	4.8	4.8	4.8	4.8
3.236	4	4	4	4	4
3.238	4	4	4	4.8	4
3.24	4	4	4	4	4
3.242	3.2	4	3.2	4	4.8
3.244	4	4	4	4	4
3.246	4	4.8	4.8	4	4
3.248	4	4	4	4	4.8
3.25	4	4	4.8	4.8	4
3.252	4	4	4	4.8	4
3.254	4	4	4	4	4
3.256	4	4.8	4	4	3.2
3.258	4	4.8	4	4	4.8
3.26	4	4.8	4	4	4.8
3.262	4	4	4.8	4	4
3.264	4	4	4	4	4
3.266	4	4	4	4.8	4.8
3.268	4.8	4.8	4	4.8	4
3.27	3.2	4	4	4.8	4
3.272	4	4.8	3.2	4.8	4
3.274	4	4	3.2	4	4.8
3.276	4	4.8	4	4	4
3.278	4	4	4	4.8	4.8
3.28	4	4	4	4.8	4
3.282	4	4	4	4	4
3.284	4.8	4.8	4	4.8	4.8
3.286	4	5.6	4.8	3.2	4
3.288	4	4.8	4	4	4
3.29	4	4	4	4	4
3.292	4	4	4	3.2	4
3.294	4	4	4	4	4
3.296	4	4.8	3.2	4	4
3.298	4	4.8	4	4	4.8
3.3	4.8	5.6	4	4	4
3.302	4	4.8	4	4	4
3.304	4.8	4	4	4	4
3.306	4	4	4	4.8	4.8
3.308	4	4.8	3.2	4	4.8
3.31	4	4.8	4.8	4	4.8
3.312	4	4	4	4	4
3.314	4	4	4	4	4.8
3.316	4	4	4	4.8	4.8
3.318	4	4.8	4	4	4
3.32	4	4.8	4	4	4
3.322	4	4.8	4	4	4.8
3.324	4	4	4.8	4	4.8
3.326	4	4.8	3.2	4	4
3.328	3.2	4.8	4	4	4
3.33	4	4	3.2	4.8	4
3.332	4	4.8	4.8	4	4.8
3.334	4.8	4	4	4	4.8
3.336	3.2	4	4.8	4	4
3.338	4	4.8	4	4.8	4
3.34	4	4	4	4	4
3.342	4	4	4	4	4
3.344	4.8	4	4.8	4	4.8
3.346	4	4	4	4	4.8
3.348	4	4.8	3.2	4	4
3.35	4	4	4	4	4
3.352	3.2	3.2	4	4.8	4
3.354	4	3.2	4	4	4
3.356	4	4.8	4.8	4.8	4
3.358	4	3.2	4	4	4.8
3.36	4	3.2	4	4	4
3.362	4	3.2	4.8	4	4.8
3.364	4	4	4	4	4
3.366	4.8	4.8	4	4.8	4.8
3.368	4	4	4	4	4.8
3.37	4	4.8	4	4.8	4
3.372	4	4.8	4.8	4	4
3.374	4	5.6	4	4	4
3.376	4	4.8	4	4	4.8
3.378	4	5.6	4	4	4.8
3.38	4	4	4	4	4
3.382	4	4	4	4	4
3.384	4	4	4	3.2	4
3.386	4	4	4	4.8	4
3.388	4	3.2	4	4	4
3.39	4	4	4	4	4
3.392	4	4.8	4	4	4.8
3.394	4	4.8	4	4	4
3.396	4.8	4	4	4	4
3.398	4	4.8	4	4	4
3.4	4	4.8	4	4	4.8
3.402	4.8	4.8	4	4	3.2
3.404	4	4.8	4	4	4
3.406	4	4.8	4.8	4	4
3.408	4	4	4	4	4
3.41	4.8	4	4	3.2	4.8
3.412	4.8	4.8	4	4	4
3.414	4	4	4	4	4
3.416	4	4	4.8	4	4
3.418	4.8	4.8	3.2	4	4.8
3.42	4.8	4.8	3.2	4	4
3.422	4	4	4	4.8	4
3.424	4	4.8	4.8	4.8	3.2
3.426	4	4	4	4	4
3.428	4	4	4	4.8	4
3.43	4	4.8	4	3.2	4.8
3.432	4	4.8	4.8	4	4.8
3.434	4	4	4	4.8	4
3.436	4	4	4.8	4	4
3.438	4	4	4	4	4
3.44	4	4	4	4	4
3.442	4	4.8	4	4	4
3.444	4	4.8	4.8	4	4.8
3.446	4	4	4.8	4	3.2
3.448	4.8	4	3.2	4	4
3.45	4	4.8	4	4	4.8
3.452	4	4.8	4.8	4	4
3.454	4	4	4.8	4	4
3.456	3.2	4.8	4.8	4	4
3.458	4	4	4	4	4.8
3.46	4	4	4	4	4.8
3.462	4	4.8	4	3.2	4
3.464	4	4.8	4	4.8	4
3.466	4	4.8	4	4	4
3.468	4	4	4	4	4.8
3.47	4.8	4	4	4	4.8
3.472	4	4	4	4	4
3.474	3.2	4.8	4	4	3.2
3.476	4	4	4	4	4
3.478	4	4	4	4	4.8
3.48	4.8	4.8	4	4	4.8
3.482	4	4.8	4	4.8	4
3.484	4	4.8	4	3.2	4
3.486	4.8	4	4.8	4.8	4
3.488	4.8	4	4	4	5.6
3.49	4	4	4	4	4
3.492	4	4	4	4	4.8
3.494	4	4	4	4	4.8
3.496	4	4.8	3.2	4	4.8
3.498	4.8	4	4	4	4.8
3.5	4	4.8	4	4	4
3.502	4	4.8	4	4	4
3.504	4	4.8	4.8	4	4
3.506	4.8	4	4	4	4
3.508	4	4.8	4	4	4
3.51	4.8	3.2	4	4	4.8
3.512	4	4	4	4	4.8
3.514	4	4.8	4	3.2	4
3.516	4	4	4.8	4	4
3.518	4	4	4	4	4
3.52	4	4	4	4.8	4
3.522	4	4	4	4	4.8
3.524	4	4.8	4.8	4	4
3.526	3.2	4	4.8	4	4
3.528	4	4	4	4	4
3.53	4	4.8	4	4	4
3.532	4	4.8	4	4	4.8
3.534	3.2	4.8	4	4	4
3.536	4	4.8	4	4	4
3.538	4.8	4	4	4	4
3.54	4	4.8	4	4	4.8
3.542	4	4	4	4.8	5.6
3.544	4	4	4	4	4
3.546	4	4	4	4	4
3.548	4.8	4.8	4	4	4
3.55	4.8	4	4	4	4.8
3.552	4.8	4	4	4	4
3.554	4	4.8	4	4	4
3.556	4	4	4	4	4
3.558	4	4.8	4.8	4	4
3.56	4	4	4	4	4
3.562	4.8	4.8	3.2	4	4
3.564	4.8	4.8	4	4	4.8
3.566	4	4.8	4.8	3.2	4
3.568	4	4	4	4	4
3.57	4	5.6	4	4	4
3.572	4.8	4	4	4	4
3.574	4	4	4	3.2	4.8
3.576	4.8	5.6	4	4.8	4
3.578	4	4	4	4	4.8
3.58	4	4.8	4	4	4
3.582	4	4	4	4	4.8
3.584	3.2	4.8	4	4	4
3.586	4	4	4	4	4
3.588	4	4.8	4	4	4
3.59	4.8	4	4.8	3.2	4
3.592	4	4.8	4	4	4
3.594	4	4.8	4	3.2	4
3.596	4	5.6	4.8	4	4
3.598	4	4.8	4	4	4
3.6	4	4.8	4	4	4
3.602	4	4	4	4	4
3.604	3.2	4.8	4	4	5.6
3.606	4	4	4	4	4
3.608	4	4.8	4	4	4
3.61	4	4	4	4	4.8
3.612	4	4	4	4	4.8
3.614	4	4	4	4	4
3.616	4	4	4	4	4.8
3.618	4	4.8	4	4	3.2
3.62	4	4	4.8	4	4
3.622	4	4	4	4	4
3.624	3.2	4	4.8	4.8	4.8
3.626	4	4	3.2	4	4
3.628	4	4.8	4	4	4
3.63	4	4	4	4.8	3.2
3.632	4	4.8	4	4	4
3.634	4	3.2	4	4	4
3.636	4.8	4	3.2	4	4.8
3.638	4	4	4	4	4
3.64	4	4	4	4	4
3.642	4	4.8	4	4	4
3.644	4	4	4	4	4.8
3.646	4	4	4	4	4
3.648	4	4	4	4	4.8
3.65	4	4.8	4.8	4	4
3.652	4	4.8	4	4	4.8
3.654	5.6	4	4.8	3.2	4
3.656	4	4.8	4	4	4.8
3.658	4	4	4.8	4	4
3.66	4	4	4	4	4.8
3.662	4	4	4	4	4
3.664	4	4	4.8	4	4
3.666	4.8	4.8	4	4	4
3.668	4	4.8	4	4	4
3.67	4	4.8	4	4	4
3.672	4.8	4	4	4	5.6
3.674	4	4	4	4	4.8
3.676	4	4	4.8	3.2	4
3.678	4	4.8	4	4	4
3.68	4	4	4	4.8	4.8
3.682	4	4	4	4	4
3.684	4.8	4	4	3.2	4
3.686	4	4	4.8	4	4.8
3.688	4.8	4.8	4	4	4
3.69	4	4.8	4.8	4	4
3.692	4	4.8	4	3.2	4
3.694	4	4	4.8	4	4
3.696	4	4	4.8	4	4
3.698	3.2	4.8	4	4	4.8
3.7	4.8	4.8	4	4.8	4
3.702	3.2	4.8	3.2	4	4
3.704	3.2	4	4	4	3.2
3.706	4	4	4	4.8	4.8
3.708	2.4	4.8	4	4	4
3.71	3.2	4.8	4	4	4.8
3.712	4	4	4	4.8	4
3.714	4.8	4	4	3.2	4
3.716	4	4	4.8	4	4
3.718	4.8	4.8	4	4	4
3.72	4.8	4.8	4.8	4	4
3.722	4.8	4.8	4	4	4
3.724	5.6	4	4	4	4
3.726	4	4.8	4	3.2	4
3.728	4	4	4	4	4.8
3.73	3.2	4.8	4	4	4
3.732	4	4	4	4.8	4
3.734	4	4	4	4	4
3.736	4	4	4	4.8	4
3.738	4	4.8	4.8	4	3.2
3.74	4	4	4	4.8	4
3.742	3.2	4.8	4.8	4	4
3.744	4	4	4.8	4	4
3.746	4	4.8	4	4	4
3.748	4	4.8	4	4	4
3.75	4	4.8	4	4	4
3.752	4	4	3.2	4	4.8
3.754	4	4	4	4	4
3.756	4	4	4	4	4
3.758	4	4.8	4	4	4
3.76	4	4.8	5.6	4.8	4.8
3.762	4	4	4	4	4
3.764	4	4.8	4.8	4	4.8
3.766	4	4.8	4	4	4
3.768	4.8	4.8	4	4	4
3.77	4	4	4	4	4
3.772	4	4	4	4	4
3.774	3.2	4	4	4	4
3.776	4	4.8	4	4	4
3.778	4	4	4	4	4
3.78	3.2	4	4	4	4.8
3.782	4	4	4	3.2	4.8
3.784	4	4	4	4	4.8
3.786	4	4	3.2	4	4
3.788	3.2	3.2	4	4	4
3.79	4	4	4	4	4.8
3.792	4	3.2	4.8	4	4
3.794	4	4	3.2	4	4
3.796	4	4	4	4	4
3.798	4.8	4	3.2	4	4
3.8	3.2	4.8	4	4	4
3.802	4.8	4	4	4.8	4
3.804	3.2	4	4	4.8	4
3.806	4	4	4	4	4
3.808	4.8	4	4.8	4	4.8
3.81	4	4.8	4.8	4	4.8
3.812	4	4	4	4	5.6
3.814	4	4	4	4	4
3.816	4	4	4	4	4.8
3.818	4	4.8	4.8	4	4.8
3.82	4	4.8	4	4.8	4.8
3.822	4	4	4	4.8	4
3.824	4	4	4.8	4	4
3.826	4	4	4	4	4
3.828	4.8	4.8	4	4	4
3.83	4	4	4	4.8	4
3.832	3.2	4	4.8	3.2	4.8
3.834	4	4	4	4.8	4
3.836	4	4	4	4	4
3.838	4	4	4	4	4
3.84	4.8	4	4	4	4
3.842	4	4	4.8	4	4.8
3.844	4	4	4	4	4
3.846	4	4.8	4	4	4
3.848	4	4.8	4.8	4.8	4
3.85	4	4.8	4	4	4
3.852	4.8	4	4	4	4.8
3.854	4	4	4	4	4
3.856	4	4	4	4	4.8
3.858	4	4	4	3.2	4
3.86	4	4	4	4	4
3.862	4	4	4	4	4
3.864	3.2	4	4	3.2	4
3.866	4	4	4	4	4
3.868	4	4	3.2	4	4
3.87	4	4.8	4	4	3.2
3.872	4	4.8	5.6	4	4.8
3.874	4	4	4	4	4
3.876	4	4	4	4	4
3.878	4	4	4	4	4.8
3.88	4	4	4	4	4.8
3.882	4.8	4.8	4	4	4
3.884	4	4	3.2	4	4.8
3.886	4	4	4	4	4.8
3.888	4	4	4	4	4
3.89	4.8	4.8	4.8	4	4
3.892	4	4.8	4	4	3.2
3.894	4	4.8	4	4	4.8
3.896	4	4	4.8	4	4
3.898	4	4	4	4	4.8
3.9	4	4.8	4	4	5.6
3.902	4.8	4	4.8	3.2	4
3.904	4	4	4	4	4
3.906	4	4	4	4.8	4
3.908	4	4	4	4	4.8
3.91	4	4	4	4	4
3.912	4	4	4	4	3.2
3.914	4.8	4	3.2	4	4
3.916	3.2	4	4	4	4.8
3.918	3.2	4	4	4	4
3.92	4	4.8	4	4	4
3.922	4	4	4	4	4
3.924	3.2	4	4	4	4
3.926	3.2	4.8	4	4	4.8
3.928	4	4	4	3.2	4
3.93	4	4	4	4	4
3.932	4.8	4	4	3.2	4
3.934	4	4.8	4	3.2	4
3.936	3.2	4	4	4	4
3.938	4	4	4	4.8	5.6
3.94	4	4.8	4	4	4.8
3.942	4	4.8	4	3.2	4.8
3.944	4	4	4.8	4.8	4
3.946	3.2	4	4	4	4.8
3.948	4	4	4	4	4
3.95	4	4.8	4	4	4
3.952	4	4	4	4	4
3.954	4	4	4	4	4.8
3.956	4	4	3.2	4.8	4
3.958	3.2	4	4	4	4.8
3.96	4	4	4.8	4	4.8
3.962	4	4	4	4	4
3.964	4	4	4	4	4
3.966	3.2	4	4	4	4.8
3.968	4	4	4	4	4
3.97	4	4	4	4	4
3.972	4	4	4.8	4	4
3.974	4	4	4	3.2	4
3.976	4	4	4	3.2	4
3.978	4	4	4	4.8	4
3.98	4	4.8	4	4	4.8
3.982	4	4	4	3.2	4.8
3.984	3.2	3.2	4	4	4
3.986	4	4	4	3.2	4
3.988	4	4	4.8	4	3.2
3.99	4	3.2	3.2	3.2	4
3.992	5.6	4.8	4	4	4
3.994	4	4	4.8	4	4
3.996	4	4	4	4	4.8
3.998	3.2	4	4	4.8	4.8
4	4	4.8	4.8	4	4
4.002	4	4	4	3.2	3.2
4.004	4.8	4	3.2	4	4
4.006	4	4.8	3.2	4	4
4.008	4	4	3.2	4	4.8
4.01	4	4.8	4	4	4.8
4.012	4	4	3.2	4	4.8
4.014	4.8	4	4	3.2	3.2
4.016	4	4	4	4	4
4.018	4	4	4	4	4
4.02	4	4	4	4	4.8
4.022	4	4	4	4	4.8
4.024	4	4	4	4	4.8
4.026	4	4	4	4	5.6
4.028	4	4	3.2	4.8	4
4.03	3.2	4	4.8	4	4
4.032	4	4	4	4	4
4.034	4	4	4.8	4	4
4.036	4	4.8	3.2	4	3.2
4.038	4	4	4	4	3.2
4.04	3.2	4	4	4	4
4.042	4	4.8	4.8	4	4.8
4.044	4	4	4.8	3.2	4.8
4.046	4.8	3.2	4.8	4	4
4.048	4	4	3.2	4	4
4.05	4	4	4	4.8	4.8
4.052	4	4	4	4.8	4
4.054	4	4	4	3.2	4
4.056	4	4	4	4	4
4.058	4	4	4	4	4.8
4.06	4	4	4	4	4
4.062	4	4	4	4	4.8
4.064	3.2	4	4	4	4
4.066	4.8	4	4	3.2	4.8
4.068	4	4	4	4	4
4.07	4	4	4	4	4
4.072	4	3.2	4	4	4
4.074	4	4.8	4	4	4
4.076	4	4	4	4	4
4.078	4	4	3.2	4	4
4.08	4	3.2	4	4	4.8
4.082	4	4	3.2	4	4
4.084	4	4	4.8	4	4.8
4.086	4	4.8	4	4	4
4.088	4	4	4.8	4	4
4.09	4	4	4.8	4	4.8
4.092	4	4	4	4.8	4
4.094	4	4	4	4	4
4.096	4	4	4	4	4.8
4.098	4	4	4	4	4
4.1	3.2	4	4	4	4.8
4.102	4	4.8	4	4	4.8
4.104	4	4	4	4	4.8
4.106	4	4	4	4	4.8
4.108	4.8	4	4	4	4
4.11	4	3.2	4	4	4
4.112	4	4	4.8	4	4
4.114	4	4	4	4.8	4
4.116	4	4	4	4	4.8
4.118	4	4	4	4.8	4
4.12	4	4	4	4.8	4
4.122	4	4	3.2	4	4.8
4.124	4	4	4	4	4.8
4.126	4	4	4.8	3.2	4.8
4.128	4	4	3.2	4	4
4.13	3.2	3.2	3.2	4	4
4.132	4	4	4	3.2	4
4.134	4	4	4	4.8	3.2
4.136	4	4	4	4.8	4
4.138	4	4	4	4	4
4.14	4	3.2	4	4	4
4.142	3.2	4	4	4	4
4.144	4	4	4	4	4.8
4.146	4	3.2	4	3.2	4
4.148	4	4	4.8	3.2	4
4.15	4	4	4	4	4
4.152	4	3.2	4	4	4.8
4.154	4	4	4	4	4
4.156	4	4	4	4.8	4.8
4.158	3.2	4	4.8	4	4
4.16	4	4	4.8	4	4
4.162	4	4	4	4.8	4
4.164	4	4	4	4	4.8
4.166	4	4	4	4	4
4.168	4	4	4	4.8	3.2
4.17	4	4	4	4	4
4.172	4	4.8	4	4.8	4
4.174	4	4	4.8	4	4.8
4.176	4	4	4	4	4
4.178	4	4	4	4	4
4.18	4	4	3.2	4	4.8
4.182	4	4	4	4	4
4.184	4	4	4	4	4
4.186	4.8	4	4	4	4
4.188	4	4	4	4	4
4.19	4	4.8	4.8	3.2	4
4.192	4	4.8	4.8	3.2	4
4.194	4	3.2	4	4	4
4.196	4	4	4	4	4
4.198	4.8	4	4	4	5.6
4.2	4	4	4	4	4
4.202	4	4	4	4	4
4.204	4	4.8	4	4	4
4.206	4	3.2	4	4	4
4.208	4	4	4	4	4.8
4.21	4	4	4	4	4
4.212	4	4	4	3.2	4.8
4.214	4	3.2	4	4	4
4.216	4	3.2	4	4	4
4.218	4	4	4	4	4
4.22	4	4	4	4	4
4.222	4	3.2	4	4	4
4.224	4	4	4	4	4
4.226	4	4	4	4	4.8
4.228	4	4	4	4	4
4.23	4	4	4.8	4	4
4.232	4	4	4	4	4
4.234	4	4	4	4	4
4.236	4	4	4	4	4.8
4.238	4	3.2	4	4	4
4.24	4	3.2	4.8	4	4.8
4.242	4	4	4	3.2	4
4.244	4	4	4	4	4
4.246	4	4	4	4	4
4.248	4	4	4	4	4.8
4.25	4	4	4	4	4.8
4.252	4	4	4	4	4
4.254	4	4	3.2	3.2	4
4.256	4	4	4	3.2	4
4.258	4	3.2	4	4	4.8
4.26	5.6	4	4	4	4
4.262	4	4	4	4	4
4.264	4	4	4	4	3.2
4.266	4	3.2	4	4	4.8
4.268	4	4	4	3.2	4.8
4.27	4	3.2	4	4	4.8
4.272	4	4	4	4	4
4.274	4	4	4	3.2	3.2
4.276	4	4	4	3.2	3.2
4.278	4	3.2	4	4	4
4.28	4	3.2	4	3.2	4.8
4.282	4.8	4	4	4	4.8
4.284	3.2	4	4	3.2	4
4.286	4	4	4	4	4
4.288	4	3.2	4.8	4	4
4.29	4	4	4	3.2	4
4.292	4.8	4	4	3.2	4
4.294	4	3.2	4	4	4
4.296	4	4	4.8	4	4
4.298	4	3.2	4	3.2	4.8
4.3	4	4	4.8	4	4
4.302	4	4	3.2	4	4
4.304	4	4	4	4	4
4.306	4	4	4	3.2	3.2
4.308	3.2	4	4	4	4.8
4.31	4	5.6	4	3.2	4.8
4.312	4	4	3.2	4	4
4.314	4	4	4	3.2	4.8
4.316	4	4	4	3.2	4
4.318	4	4	4.8	4	4
4.32	4	3.2	4	4	4.8
4.322	4	4	3.2	4	4
4.324	4	4	4	4	4
4.326	4	4.8	4	3.2	4
4.328	4	4	4	4	4
4.33	4	4	4.8	4	4
4.332	4	4	4	4	4
4.334	4	4	3.2	4	4.8
4.336	4	4	4	4.8	4
4.338	4	4	4	3.2	3.2
4.34	4	4	4	4	4
4.342	4	3.2	4	4	4
4.344	4	4	4	4	4
4.346	4	4	4	3.2	4.8
4.348	4.8	3.2	4.8	4	4
4.35	4	4	4	3.2	4.8
4.352	4	3.2	2.4	4	4.8
4.354	4	3.2	4	4	4
4.356	4	4	4	3.2	4
4.358	4	4	3.2	3.2	4
4.36	4	4	4	4.8	4
4.362	4	4	3.2	3.2	4.8
4.364	4	3.2	4.8	4	4
4.366	4	3.2	4.8	3.2	4
4.368	4	4	4.8	4.8	4
4.37	4	4	4	4	4
4.372	4	3.2	4	4	4.8
4.374	4	4	4	4	4.8
4.376	4	4	4	3.2	3.2
4.378	3.2	4	4	4	4
4.38	3.2	4	4	4	4
4.382	4	4	4	4	4.8
4.384	4	3.2	3.2	4	4
4.386	4	4	4	4	3.2
4.388	3.2	4	4.8	4	4
4.39	3.2	4	4	4	4
4.392	4	3.2	4	4	4.8
4.394	4	4	4	4	4
4.396	4	4	4	4	4
4.398	4	4	4.8	4	4
4.4	3.2	3.2	4.8	3.2	4
4.402	4	4	4	3.2	4
4.404	4	4	4	4	4
4.406	4	3.2	4	4	4.8
4.408	4	4	4.8	4	4
4.41	4	4	4	4	3.2
4.412	4	3.2	4	4	4
4.414	4	3.2	4	3.2	4.8
4.416	3.2	4	4	3.2	4
4.418	3.2	4	4.8	4	3.2
4.42	4	3.2	4	3.2	4
4.422	3.2	3.2	4	4	4
4.424	4	3.2	4	3.2	4
4.426	4	4	4	4	4
4.428	4	4	4	4	4.8
4.43	4	4	4	3.2	4
4.432	4	4	4	4	3.2
4.434	4	3.2	4	4	4.8
4.436	4	4	3.2	3.2	4
4.438	4	4	3.2	4	4.8
4.44	4.8	4	4.8	4	4.8
4.442	4	3.2	3.2	4	4
4.444	4	4	3.2	4	4
4.446	4	4	4	4	4
4.448	4	3.2	4	3.2	4
4.45	4	4	4	4	4
4.452	4	3.2	4	4	4
4.454	4	3.2	3.2	4.8	3.2
4.456	4	3.2	4	4	4.8
4.458	4	4	4	3.2	4.8
4.46	4	4	4.8	3.2	4
4.462	3.2	3.2	4	4	4
4.464	4	3.2	4	4	4
4.466	4	3.2	4	3.2	4.8
4.468	5.6	3.2	4	4	4
4.47	4	3.2	4	4	4.8
4.472	4.8	4	4.8	4	4
4.474	4	3.2	4	3.2	4
4.476	4	3.2	4	4	4
4.478	4	3.2	4	3.2	4
4.48	4	4	4	4	4.8
4.482	3.2	3.2	4	3.2	4
4.484	4	3.2	4	4	4.8
4.486	4	3.2	4	3.2	4
4.488	4.8	4	4	4	4
4.49	4	3.2	4	4	4.8
4.492	4	3.2	4	4	4.8
4.494	4	3.2	4	4	3.2
4.496	3.2	3.2	4	4	4
4.498	-102.4	3.2	4	3.2	4
4.5	-102.4	4	4	4	4
4.502	-102.4	4	4	4	3.2
4.504	-102.4	3.2	4	4	4
4.506	-102.4	4	4.8	4	4
4.508	-102.4	3.2	4.8	4	4
4.51	-102.4	4.8	4	3.2	4
4.512	-102.4	3.2	4	4	4
4.514	-102.4	3.2	4	4	4
4.516	-102.4	3.2	4	4	4
4.518	-102.4	3.2	4	4	4
4.52	-102.4	3.2	3.2	4	4
4.522	-102.4	3.2	3.2	4	4
4.524	-102.4	3.2	4.8	4	4.8
4.526	-102.4	4	4	4	4
4.528	-102.4	3.2	4	4	4
4.53	-102.4	4	4.8	3.2	4
4.532	-102.4	3.2	4	4	4
4.534	-102.4	3.2	4	4	4.8
4.536	-102.4	3.2	4	4	4
4.538	-102.4	4	4	3.2	4
4.54	-102.4	3.2	4	4	4
4.542	-102.4	3.2	4.8	4	4.8
4.544	-102.4	4	4.8	4	4.8
4.546	-102.4	2.4	3.2	4	4
4.548	-102.4	3.2	4	4	3.2
4.55	-102.4	4	4	4	4
4.552	-102.4	3.2	4	4	4
4.554	-102.4	2.4	4	4	4.8
4.556	-102.4	3.2	4	4	4
4.558	-102.4	3.2	4	4	4
4.56	-102.4	3.2	4	4	4
4.562	-102.4	3.2	4	3.2	4
4.564	-102.4	3.2	4	4	5.6
4.566	-102.4	3.2	3.2	4	4.8
4.568	-102.4	4	4.8	4	4
4.57	-102.4	3.2	4.8	4	4
4.572	-102.4	4.8	4	3.2	4
4.574	-102.4	4	4	4	4
4.576	-102.4	3.2	4	3.2	4
4.578	-102.4	3.2	3.2	4	4.8
4.58	-102.4	3.2	4	4	4
4.582	-102.4	2.4	4	4	4
4.584	-102.4	4	4	3.2	4
4.586	-102.4	3.2	4	4	4
4.588	-102.4	4	3.2	4	4
4.59	-102.4	3.2	4	4	4
4.592	-102.4	3.2	4.8	4	4
4.594	-102.4	3.2	4	4	4
4.596	-102.4	3.2	4	4	4
4.598	-102.4	3.2	3.2	3.2	4
4.6	-102.4	3.2	4.8	4	3.2
4.602	-102.4	3.2	4	4	4
4.604	-102.4	4	4	4	4
4.606	-102.4	3.2	4	4	4
4.608	-102.4	3.2	-102.4	4	4.8
4.61	-102.4	3.2	-102.4	4	4
4.612	-102.4	3.2	-102.4	4	4
4.614	-102.4	3.2	-102.4	3.2	4
4.616	-102.4	3.2	-102.4	4	5.6
4.618	-102.4	3.2	-102.4	3.2	4.8
4.62	-102.4	3.2	-102.4	4.8	4
4.622	-102.4	3.2	-102.4	4	3.2
4.624	-102.4	4	-102.4	4	4
4.626	-102.4	4	-102.4	3.2	4.8
4.628	-102.4	3.2	-102.4	4.8	4
4.63	-102.4	3.2	-102.4	4	4.8
4.632	-102.4	3.2	-102.4	4	3.2
4.634	-102.4	3.2	-102.4	3.2	4.8
4.636	-102.4	4	-102.4	3.2	3.2
4.638	-102.4	3.2	-102.4	4	3.2
4.64	-102.4	3.2	-102.4	4	4.8
4.642	-102.4	3.2	-102.4	4	4
4.644	-102.4	4	-102.4	4	4
4.646	-102.4	3.2	-102.4	4	4
4.648	-102.4	2.4	-102.4	4	4
4.65	-102.4	2.4	-102.4	4.8	4
4.652	-102.4	3.2	-102.4	4	4
4.654	-102.4	3.2	-102.4	4	4
4.656	-102.4	3.2	-102.4	4	3.2
4.658	-102.4	3.2	-102.4	4	4
4.66	-102.4	4	-102.4	4	4
4.662	-102.4	3.2	-102.4	4	4.8
4.664	-102.4	3.2	-102.4	4	4.8
4.666	-102.4	3.2	-102.4	4	3.2
4.668	-102.4	3.2	-102.4	3.2	4
4.67	-102.4	2.4	-102.4	4	4
4.672	-102.4	3.2	-102.4	3.2	4.8
4.674	-102.4	3.2	-102.4	4	4
4.676	-102.4	3.2	-102.4	4	4
4.678	-102.4	3.2	-102.4	4	4
4.68	-102.4	3.2	-102.4	4	4
4.682	-102.4	2.4	-102.4	4	4
4.684	-102.4	2.4	-102.4	4	4
4.686	-102.4	3.2	-102.4	4	4
4.688	-102.4	3.2	-102.4	3.2	4
4.69	-102.4	2.4	-102.4	4	3.2
4.692	-102.4	3.2	-102.4	4	4
4.694	-102.4	3.2	-102.4	4	4
4.696	-102.4	3.2	-102.4	4	4.8
4.698	-102.4	4	-102.4	4	4
4.7	-102.4	3.2	-102.4	3.2	4.8
4.702	-102.4	3.2	-102.4	4	4
4.704	-102.4	3.2	-102.4	4	4
4.706	-102.4	3.2	-102.4	4	4
4.708	-102.4	3.2	-102.4	3.2	4
4.71	-102.4	3.2	-102.4	4	4.8
4.712	-102.4	3.2	-102.4	3.2	4
4.714	-102.4	3.2	-102.4	4	4.8
4.716	-102.4	3.2	-102.4	4	4
4.718	-102.4	3.2	-102.4	4	4
4.72	-102.4	3.2	-102.4	4	4
4.722	-102.4	3.2	-102.4	4	4
4.724	-102.4	3.2	-102.4	4	4.8
4.726	-102.4	3.2	-102.4	4	4
4.728	-102.4	3.2	-102.4	4	4.8
4.73	-102.4	3.2	-102.4	4	3.2
4.732	-102.4	3.2	-102.4	3.2	3.2
4.734	-102.4	3.2	-102.4	4	4
4.736	-102.4	4	-102.4	4	4
4.738	-102.4	3.2	-102.4	4	4
4.74	-102.4	3.2	-102.4	3.2	4
4.742	-102.4	3.2	-102.4	4	4
4.744	-102.4	3.2	-102.4	4	4.8
4.746	-102.4	3.2	-102.4	4	4
4.748	-102.4	3.2	-102.4	3.2	4.8
4.75	-102.4	2.4	-102.4	4	4
4.752	-102.4	3.2	-102.4	4	4
4.754	-102.4	3.2	-102.4	4	4
4.756	-102.4	3.2	-102.4	4	4
4.758	-102.4	3.2	-102.4	4	4.8
4.76	-102.4	3.2	-102.4	3.2	4.8
4.762	-102.4	3.2	-102.4	4	4
4.764	-102.4	3.2	-102.4	4	3.2
4.766	-102.4	3.2	-102.4	3.2	4
4.768	-102.4	4	-102.4	4	4
4.77	-102.4	3.2	-102.4	4	4
4.772	-102.4	-102.4	-102.4	4	4.8
4.774	-102.4	-102.4	-102.4	3.2	4
4.776	-102.4	-102.4	-102.4	4	4
4.778	-102.4	-102.4	-102.4	4	4
4.78	-102.4	-102.4	-102.4	4	4
4.782	-102.4	-102.4	-102.4	4	3.2
4.784	-102.4	-102.4	-102.4	4	4
4.786	-102.4	-102.4	-102.4	4	3.2
4.788	-102.4	-102.4	-102.4	4.8	4.8
4.79	-102.4	-102.4	-102.4	3.2	4
4.792	-102.4	-102.4	-102.4	4	4.8
4.794	-102.4	-102.4	-102.4	4	4
4.796	-102.4	-102.4	-102.4	3.2	4
4.798	-102.4	-102.4	-102.4	4	4.8
4.8	-102.4	-102.4	-102.4	4	4
4.802	-102.4	-102.4	-102.4	3.2	4
4.804	-102.4	-102.4	-102.4	4	4
4.806	-102.4	-102.4	-102.4	3.2	4
4.808	-102.4	-102.4	-102.4	3.2	4
4.81	-102.4	-102.4	-102.4	4	4.8
4.812	-102.4	-102.4	-102.4	4	4
4.814	-102.4	-102.4	-102.4	3.2	4
4.816	-102.4	-102.4	-102.4	3.2	4
4.818	-102.4	-102.4	-102.4	4	4
4.82	-102.4	-102.4	-102.4	4	4
4.822	-102.4	-102.4	-102.4	4	4
4.824	-102.4	-102.4	-102.4	4	4
4.826	-102.4	-102.4	-102.4	4	4.8
4.828	-102.4	-102.4	-102.4	3.2	4
4.83	-102.4	-102.4	-102.4	4	4
4.832	-102.4	-102.4	-102.4	3.2	4
4.834	-102.4	-102.4	-102.4	3.2	4
4.836	-102.4	-102.4	-102.4	3.2	4
4.838	-102.4	-102.4	-102.4	4	4.8
4.84	-102.4	-102.4	-102.4	4	4
4.842	-102.4	-102.4	-102.4	3.2	4
4.844	-102.4	-102.4	-102.4	4	4
4.846	-102.4	-102.4	-102.4	4	3.2
4.848	-102.4	-102.4	-102.4	4.8	4
4.85	-102.4	-102.4	-102.4	4	3.2
4.852	-102.4	-102.4	-102.4	4	3.2
4.854	-102.4	-102.4	-102.4	3.2	4
4.856	-102.4	-102.4	-102.4	3.2	4
4.858	-102.4	-102.4	-102.4	3.2	4.8
4.86	-102.4	-102.4	-102.4	4	4.8
4.862	-102.4	-102.4	-102.4	4	4
4.864	-102.4	-102.4	-102.4	4	4
4.866	-102.4	-102.4	-102.4	4	4
4.868	-102.4	-102.4	-102.4	3.2	4.8
4.87	-102.4	-102.4	-102.4	4	4
4.872	-102.4	-102.4	-102.4	4	4.8
4.874	-102.4	-102.4	-102.4	4	4
4.876	-102.4	-102.4	-102.4	4	3.2
4.878	-102.4	-102.4	-102.4	4.8	4
4.88	-102.4	-102.4	-102.4	3.2	4
4.882	-102.4	-102.4	-102.4	4	4.8
4.884	-102.4	-102.4	-102.4	4	3.2
4.886	-102.4	-102.4	-102.4	4	3.2
4.888	-102.4	-102.4	-102.4	3.2	4
4.89	-102.4	-102.4	-102.4	4	4.8
4.892	-102.4	-102.4	-102.4	3.2	4.8
4.894	-102.4	-102.4	-102.4	4.8	3.2
4.896	-102.4	-102.4	-102.4	3.2	4
4.898	-102.4	-102.4	-102.4	4	4
4.9	-102.4	-102.4	-102.4	3.2	4
4.902	-102.4	-102.4	-102.4	4	4
4.904	-102.4	-102.4	-102.4	4.8	4.8
4.906	-102.4	-102.4	-102.4	4	3.2
4.908	-102.4	-102.4	-102.4	3.2	4
4.91	-102.4	-102.4	-102.4	3.2	4
4.912	-102.4	-102.4	-102.4	4	4
4.914	-102.4	-102.4	-102.4	4	4
4.916	-102.4	-102.4	-102.4	3.2	4.8
4.918	-102.4	-102.4	-102.4	4	4
4.92	-102.4	-102.4	-102.4	3.2	4
4.922	-102.4	-102.4	-102.4	3.2	4.8
4.924	-102.4	-102.4	-102.4	3.2	4.8
4.926	-102.4	-102.4	-102.4	4.8	4
4.928	-102.4	-102.4	-102.4	4.8	3.2
4.93	-102.4	-102.4	-102.4	4	4
4.932	-102.4	-102.4	-102.4	4	4
4.934	-102.4	-102.4	-102.4	3.2	4
4.936	-102.4	-102.4	-102.4	4	4
4.938	-102.4	-102.4	-102.4	4	4
4.94	-102.4	-102.4	-102.4	4	4.8
4.942	-102.4	-102.4	-102.4	3.2	4
4.944	-102.4	-102.4	-102.4	4	4
4.946	-102.4	-102.4	-102.4	4	3.2
4.948	-102.4	-102.4	-102.4	4	4
4.95	-102.4	-102.4	-102.4	3.2	4
4.952	-102.4	-102.4	-102.4	3.2	4
4.954	-102.4	-102.4	-102.4	4	4
4.956	-102.4	-102.4	-102.4	4	4.8
4.958	-102.4	-102.4	-102.4	4	4
4.96	-102.4	-102.4	-102.4	3.2	4.8
4.962	-102.4	-102.4	-102.4	3.2	4
4.964	-102.4	-102.4	-102.4	4	4
4.966	-102.4	-102.4	-102.4	4	5.6
4.968	-102.4	-102.4	-102.4	4	4
4.97	-102.4	-102.4	-102.4	3.2	4
4.972	-102.4	-102.4	-102.4	4	4.8
4.974	-102.4	-102.4	-102.4	4	4
4.976	-102.4	-102.4	-102.4	4	5.6
4.978	-102.4	-102.4	-102.4	4	3.2
4.98	-102.4	-102.4	-102.4	4	4
4.982	-102.4	-102.4	-102.4	3.2	4.8
4.984	-102.4	-102.4	-102.4	3.2	4.8
4.986	-102.4	-102.4	-102.4	4.8	4
4.988	-102.4	-102.4	-102.4	4	4.8
4.99	-102.4	-102.4	-102.4	4	4
4.992	-102.4	-102.4	-102.4	4	4
4.994	-102.4	-102.4	-102.4	4	4
4.996	4	-102.4	-102.4	4	4
4.998	4.8	-102.4	-102.4	4	4
