Time	1st	2nd	3rd	4th	5th
0	3.2	-102.4	2.4	-102.4	-102.4
0.002	2.4	-102.4	3.2	-102.4	-102.4
0.004	2.4	-102.4	2.4	-102.4	-102.4
0.006	2.4	-102.4	3.2	-102.4	-102.4
0.008	2.4	-102.4	3.2	-102.4	-102.4
0.01	3.2	-102.4	3.2	-102.4	-102.4
0.012	3.2	-102.4	3.2	-102.4	-102.4
0.014	2.4	-102.4	2.4	-102.4	-102.4
0.016	3.2	-102.4	2.4	-102.4	-102.4
0.018	3.2	-102.4	2.4	-102.4	-102.4
0.02	2.4	-102.4	3.2	-102.4	-102.4
0.022	3.2	-102.4	3.2	-102.4	-102.4
0.024	3.2	-102.4	3.2	-102.4	-102.4
0.026	2.4	-102.4	2.4	-102.4	-102.4
0.028	2.4	-102.4	2.4	-102.4	-102.4
0.03	3.2	-102.4	2.4	-102.4	-102.4
0.032	2.4	-102.4	3.2	-102.4	-102.4
0.034	2.4	-102.4	3.2	-102.4	-102.4
0.036	2.4	-102.4	3.2	-102.4	-102.4
0.038	2.4	-102.4	3.2	-102.4	-102.4
0.04	3.2	-102.4	2.4	-102.4	-102.4
0.042	2.4	-102.4	1.6	-102.4	-102.4
0.044	3.2	-102.4	2.4	-102.4	-102.4
0.046	3.2	-102.4	3.2	-102.4	-102.4
0.048	2.4	-102.4	2.4	-102.4	-102.4
0.05	2.4	-102.4	2.4	-102.4	-102.4
0.052	2.4	-102.4	2.4	-102.4	-102.4
0.054	3.2	-102.4	3.2	-102.4	-102.4
0.056	3.2	-102.4	2.4	-102.4	-102.4
0.058	3.2	-102.4	2.4	-102.4	-102.4
0.06	2.4	-102.4	3.2	-102.4	-102.4
0.062	3.2	-102.4	2.4	-102.4	-102.4
0.064	2.4	-102.4	3.2	-102.4	-102.4
0.066	3.2	-102.4	3.2	-102.4	-102.4
0.068	3.2	-102.4	2.4	-102.4	-102.4
0.07	3.2	-102.4	2.4	-102.4	-102.4
0.072	2.4	-102.4	3.2	-102.4	-102.4
0.074	4	-102.4	3.2	-102.4	-102.4
0.076	3.2	-102.4	3.2	-102.4	-102.4
0.078	3.2	-102.4	3.2	-102.4	-102.4
0.08	3.2	-102.4	2.4	-102.4	-102.4
0.082	2.4	-102.4	3.2	-102.4	-102.4
0.084	0.8	-102.4	2.4	-102.4	-102.4
0.086	3.2	-102.4	4	-102.4	-102.4
0.088	3.2	-102.4	3.2	-102.4	-102.4
0.09	3.2	-102.4	3.2	-102.4	-102.4
0.092	2.4	-102.4	3.2	-102.4	-102.4
0.094	3.2	-102.4	2.4	-102.4	-102.4
0.096	2.4	-102.4	2.4	-102.4	-102.4
0.098	3.2	-102.4	4	-102.4	-102.4
0.1	3.2	-102.4	3.2	-102.4	-102.4
0.102	2.4	-102.4	3.2	-102.4	-102.4
0.104	2.4	-102.4	2.4	-102.4	-102.4
0.106	2.4	-102.4	1.6	-102.4	-102.4
0.108	2.4	-102.4	3.2	-102.4	-102.4
0.11	2.4	-102.4	2.4	-102.4	-102.4
0.112	2.4	-102.4	3.2	-102.4	-102.4
0.114	2.4	-102.4	3.2	-102.4	-102.4
0.116	2.4	-102.4	3.2	-102.4	-102.4
0.118	2.4	-102.4	2.4	-102.4	-102.4
0.12	2.4	-102.4	3.2	-102.4	-102.4
0.122	2.4	-102.4	2.4	-102.4	-102.4
0.124	3.2	-102.4	3.2	-102.4	-102.4
0.126	2.4	-102.4	3.2	-102.4	-102.4
0.128	3.2	-102.4	2.4	-102.4	-102.4
0.13	2.4	-102.4	2.4	-102.4	-102.4
0.132	3.2	-102.4	2.4	-102.4	-102.4
0.134	3.2	-102.4	2.4	-102.4	-102.4
0.136	2.4	-102.4	3.2	-102.4	-102.4
0.138	1.6	-102.4	2.4	-102.4	-102.4
0.14	2.4	-102.4	3.2	-102.4	-102.4
0.142	2.4	-102.4	2.4	-102.4	-102.4
0.144	0.8	-102.4	3.2	-102.4	-102.4
0.146	1.6	-102.4	3.2	-102.4	-102.4
0.148	3.2	-102.4	2.4	-102.4	-102.4
0.15	3.2	-102.4	3.2	3.2	-102.4
0.152	2.4	-102.4	2.4	3.2	-102.4
0.154	2.4	-102.4	3.2	3.2	-102.4
0.156	3.2	-102.4	3.2	2.4	-102.4
0.158	3.2	-102.4	3.2	2.4	-102.4
0.16	2.4	-102.4	3.2	2.4	-102.4
0.162	3.2	-102.4	2.4	0.8	-102.4
0.164	2.4	-102.4	3.2	3.2	3.2
0.166	3.2	-102.4	2.4	1.6	3.2
0.168	2.4	-102.4	3.2	3.2	3.2
0.17	1.6	-102.4	3.2	3.2	3.2
0.172	2.4	-102.4	3.2	2.4	3.2
0.174	2.4	-102.4	3.2	3.2	2.4
0.176	3.2	-102.4	1.6	2.4	3.2
0.178	2.4	-102.4	3.2	3.2	3.2
0.18	3.2	-102.4	2.4	3.2	3.2
0.182	2.4	-102.4	2.4	3.2	2.4
0.184	2.4	-102.4	3.2	3.2	3.2
0.186	2.4	-102.4	3.2	3.2	3.2
0.188	2.4	-102.4	2.4	2.4	2.4
0.19	2.4	-102.4	2.4	3.2	3.2
0.192	2.4	-102.4	3.2	3.2	3.2
0.194	2.4	-102.4	3.2	3.2	3.2
0.196	3.2	-102.4	2.4	2.4	4
0.198	2.4	-102.4	3.2	2.4	3.2
0.2	2.4	-102.4	3.2	3.2	3.2
0.202	3.2	-102.4	3.2	2.4	2.4
0.204	2.4	-102.4	3.2	2.4	2.4
0.206	2.4	-102.4	1.6	3.2	4
0.208	2.4	-102.4	3.2	2.4	2.4
0.21	3.2	-102.4	2.4	3.2	3.2
0.212	3.2	-102.4	3.2	2.4	3.2
0.214	2.4	-102.4	2.4	2.4	2.4
0.216	3.2	-102.4	3.2	3.2	3.2
0.218	1.6	-102.4	3.2	2.4	3.2
0.22	2.4	-102.4	2.4	3.2	3.2
0.222	2.4	-102.4	1.6	2.4	1.6
0.224	2.4	-102.4	3.2	3.2	3.2
0.226	3.2	-102.4	3.2	3.2	2.4
0.228	2.4	-102.4	1.6	3.2	3.2
0.23	2.4	-102.4	2.4	3.2	3.2
0.232	3.2	-102.4	2.4	2.4	2.4
0.234	2.4	-102.4	2.4	2.4	3.2
0.236	3.2	-102.4	2.4	2.4	3.2
0.238	1.6	-102.4	3.2	4	3.2
0.24	2.4	-102.4	2.4	2.4	3.2
0.242	1.6	-102.4	3.2	2.4	2.4
0.244	2.4	-102.4	3.2	2.4	1.6
0.246	2.4	-102.4	2.4	2.4	3.2
0.248	2.4	-102.4	3.2	2.4	3.2
0.25	2.4	-102.4	3.2	3.2	3.2
0.252	3.2	-102.4	1.6	3.2	2.4
0.254	2.4	-102.4	3.2	3.2	2.4
0.256	2.4	-102.4	2.4	2.4	3.2
0.258	2.4	-102.4	3.2	3.2	2.4
0.26	2.4	-102.4	3.2	2.4	4
0.262	2.4	-102.4	2.4	3.2	2.4
0.264	2.4	-102.4	3.2	2.4	3.2
0.266	2.4	-102.4	3.2	1.6	2.4
0.268	2.4	-102.4	2.4	3.2	4
0.27	3.2	-102.4	3.2	3.2	3.2
0.272	3.2	-102.4	2.4	2.4	3.2
0.274	3.2	-102.4	1.6	2.4	3.2
0.276	2.4	-102.4	3.2	1.6	3.2
0.278	2.4	-102.4	4	2.4	2.4
0.28	3.2	-102.4	2.4	2.4	3.2
0.282	3.2	-102.4	3.2	3.2	3.2
0.284	3.2	-102.4	2.4	2.4	2.4
0.286	2.4	-102.4	1.6	2.4	2.4
0.288	2.4	-102.4	3.2	3.2	2.4
0.29	2.4	-102.4	3.2	3.2	2.4
0.292	2.4	-102.4	3.2	3.2	3.2
0.294	2.4	-102.4	1.6	2.4	3.2
0.296	3.2	-102.4	2.4	2.4	2.4
0.298	2.4	-102.4	3.2	2.4	2.4
0.3	2.4	-102.4	2.4	2.4	4
0.302	3.2	-102.4	-102.4	2.4	2.4
0.304	-102.4	-102.4	-102.4	3.2	3.2
0.306	-102.4	-102.4	-102.4	3.2	2.4
0.308	-102.4	-102.4	-102.4	2.4	2.4
0.31	-102.4	-102.4	-102.4	3.2	1.6
0.312	-102.4	-102.4	-102.4	3.2	3.2
0.314	-102.4	-102.4	-102.4	3.2	3.2
0.316	-102.4	-102.4	-102.4	3.2	3.2
0.318	-102.4	-102.4	-102.4	2.4	2.4
0.32	-102.4	-102.4	-102.4	3.2	3.2
0.322	-102.4	-102.4	-102.4	3.2	2.4
0.324	-102.4	-102.4	-102.4	2.4	2.4
0.326	-102.4	-102.4	-102.4	2.4	2.4
0.328	-102.4	-102.4	-102.4	2.4	3.2
0.33	-102.4	-102.4	-102.4	2.4	2.4
0.332	-102.4	-102.4	-102.4	2.4	2.4
0.334	-102.4	-102.4	-102.4	3.2	4
0.336	-102.4	-102.4	-102.4	3.2	4
0.338	-102.4	-102.4	-102.4	1.6	3.2
0.34	-102.4	-102.4	-102.4	2.4	2.4
0.342	-102.4	-102.4	-102.4	3.2	2.4
0.344	-102.4	-102.4	-102.4	3.2	2.4
0.346	-102.4	-102.4	-102.4	3.2	2.4
0.348	-102.4	-102.4	-102.4	4	2.4
0.35	-102.4	-102.4	-102.4	2.4	2.4
0.352	-102.4	-102.4	-102.4	3.2	2.4
0.354	-102.4	-102.4	-102.4	2.4	2.4
0.356	-102.4	-102.4	-102.4	2.4	2.4
0.358	-102.4	-102.4	-102.4	2.4	3.2
0.36	-102.4	-102.4	-102.4	2.4	3.2
0.362	-102.4	-102.4	-102.4	2.4	2.4
0.364	-102.4	-102.4	-102.4	2.4	2.4
0.366	-102.4	-102.4	-102.4	2.4	3.2
0.368	-102.4	3.2	-102.4	2.4	3.2
0.37	-102.4	3.2	-102.4	2.4	2.4
0.372	-102.4	2.4	-102.4	2.4	2.4
0.374	-102.4	3.2	-102.4	2.4	3.2
0.376	-102.4	2.4	-102.4	2.4	2.4
0.378	-102.4	2.4	-102.4	2.4	3.2
0.38	-102.4	2.4	-102.4	2.4	2.4
0.382	-102.4	3.2	-102.4	3.2	3.2
0.384	-102.4	2.4	-102.4	3.2	2.4
0.386	-102.4	2.4	-102.4	2.4	3.2
0.388	-102.4	1.6	-102.4	2.4	2.4
0.39	-102.4	1.6	-102.4	2.4	3.2
0.392	-102.4	3.2	-102.4	2.4	2.4
0.394	-102.4	3.2	-102.4	3.2	2.4
0.396	-102.4	2.4	-102.4	2.4	3.2
0.398	-102.4	2.4	-102.4	2.4	3.2
0.4	-102.4	2.4	-102.4	2.4	3.2
0.402	-102.4	2.4	-102.4	3.2	2.4
0.404	-102.4	3.2	-102.4	2.4	2.4
0.406	-102.4	3.2	-102.4	2.4	2.4
0.408	-102.4	2.4	-102.4	2.4	2.4
0.41	-102.4	3.2	-102.4	3.2	3.2
0.412	-102.4	2.4	-102.4	3.2	3.2
0.414	-102.4	2.4	-102.4	2.4	3.2
0.416	-102.4	2.4	-102.4	3.2	2.4
0.418	-102.4	2.4	-102.4	2.4	3.2
0.42	-102.4	2.4	-102.4	3.2	3.2
0.422	-102.4	2.4	-102.4	2.4	3.2
0.424	-102.4	2.4	-102.4	3.2	2.4
0.426	-102.4	3.2	-102.4	2.4	3.2
0.428	-102.4	3.2	-102.4	3.2	2.4
0.43	-102.4	3.2	-102.4	3.2	3.2
0.432	-102.4	2.4	-102.4	3.2	3.2
0.434	-102.4	3.2	-102.4	3.2	2.4
0.436	-102.4	3.2	-102.4	3.2	2.4
0.438	-102.4	2.4	-102.4	4	2.4
0.44	-102.4	2.4	-102.4	2.4	3.2
0.442	-102.4	3.2	-102.4	2.4	2.4
0.444	-102.4	2.4	-102.4	4	2.4
0.446	-102.4	2.4	-102.4	3.2	1.6
0.448	-102.4	3.2	-102.4	2.4	3.2
0.45	-102.4	3.2	-102.4	2.4	2.4
0.452	-102.4	2.4	-102.4	2.4	3.2
0.454	-102.4	2.4	-102.4	3.2	3.2
0.456	-102.4	2.4	-102.4	3.2	3.2
0.458	-102.4	3.2	-102.4	2.4	2.4
0.46	-102.4	2.4	-102.4	3.2	3.2
0.462	-102.4	2.4	-102.4	2.4	3.2
0.464	-102.4	2.4	-102.4	3.2	2.4
0.466	-102.4	2.4	-102.4	3.2	3.2
0.468	-102.4	1.6	-102.4	2.4	3.2
0.47	-102.4	2.4	-102.4	3.2	2.4
0.472	-102.4	2.4	-102.4	3.2	3.2
0.474	-102.4	3.2	-102.4	3.2	2.4
0.476	-102.4	2.4	-102.4	3.2	2.4
0.478	-102.4	2.4	-102.4	3.2	2.4
0.48	-102.4	2.4	-102.4	2.4	3.2
0.482	-102.4	3.2	-102.4	2.4	2.4
0.484	-102.4	2.4	-102.4	2.4	2.4
0.486	-102.4	1.6	-102.4	3.2	3.2
0.488	-102.4	2.4	-102.4	2.4	2.4
0.49	-102.4	2.4	-102.4	2.4	2.4
0.492	-102.4	2.4	-102.4	2.4	3.2
0.494	-102.4	2.4	-102.4	2.4	3.2
0.496	-102.4	2.4	-102.4	3.2	3.2
0.498	-102.4	2.4	-102.4	2.4	2.4
0.5	-102.4	3.2	-102.4	2.4	2.4
0.502	-102.4	3.2	-102.4	3.2	3.2
0.504	-102.4	2.4	-102.4	3.2	3.2
0.506	-102.4	3.2	-102.4	2.4	3.2
0.508	-102.4	2.4	-102.4	2.4	2.4
0.51	-102.4	2.4	-102.4	4	2.4
0.512	-102.4	3.2	-102.4	3.2	2.4
0.514	-102.4	2.4	-102.4	2.4	2.4
0.516	-102.4	3.2	-102.4	3.2	3.2
0.518	-102.4	2.4	-102.4	2.4	3.2
0.52	-102.4	3.2	-102.4	2.4	2.4
0.522	-102.4	2.4	-102.4	3.2	2.4
0.524	-102.4	1.6	-102.4	3.2	3.2
0.526	-102.4	2.4	-102.4	3.2	3.2
0.528	-102.4	2.4	-102.4	2.4	2.4
0.53	-102.4	3.2	-102.4	3.2	2.4
0.532	-102.4	2.4	-102.4	2.4	0.8
0.534	-102.4	2.4	-102.4	3.2	2.4
0.536	-102.4	3.2	-102.4	2.4	3.2
0.538	-102.4	3.2	-102.4	3.2	3.2
0.54	-102.4	2.4	-102.4	2.4	2.4
0.542	-102.4	2.4	-102.4	2.4	2.4
0.544	-102.4	3.2	-102.4	3.2	2.4
0.546	-102.4	3.2	-102.4	2.4	3.2
0.548	-102.4	3.2	-102.4	2.4	2.4
0.55	-102.4	2.4	-102.4	1.6	3.2
0.552	-102.4	2.4	-102.4	3.2	2.4
0.554	-102.4	2.4	-102.4	3.2	2.4
0.556	-102.4	2.4	-102.4	2.4	2.4
0.558	-102.4	3.2	-102.4	3.2	3.2
0.56	-102.4	3.2	-102.4	2.4	3.2
0.562	-102.4	2.4	-102.4	3.2	2.4
0.564	-102.4	3.2	-102.4	2.4	1.6
0.566	-102.4	2.4	-102.4	2.4	2.4
0.568	-102.4	2.4	-102.4	3.2	2.4
0.57	-102.4	3.2	-102.4	3.2	3.2
0.572	-102.4	2.4	-102.4	3.2	2.4
0.574	-102.4	2.4	-102.4	2.4	3.2
0.576	-102.4	2.4	-102.4	2.4	3.2
0.578	-102.4	2.4	-102.4	2.4	2.4
0.58	-102.4	4	-102.4	3.2	2.4
0.582	-102.4	3.2	-102.4	2.4	2.4
0.584	-102.4	2.4	-102.4	2.4	2.4
0.586	-102.4	3.2	-102.4	3.2	2.4
0.588	-102.4	2.4	-102.4	2.4	3.2
0.59	-102.4	2.4	-102.4	2.4	2.4
0.592	-102.4	1.6	-102.4	2.4	2.4
0.594	-102.4	2.4	-102.4	3.2	3.2
0.596	-102.4	2.4	-102.4	3.2	2.4
0.598	-102.4	2.4	-102.4	3.2	3.2
0.6	-102.4	2.4	-102.4	3.2	2.4
0.602	-102.4	2.4	-102.4	2.4	3.2
0.604	-102.4	3.2	-102.4	2.4	3.2
0.606	-102.4	2.4	-102.4	2.4	3.2
0.608	-102.4	3.2	-102.4	3.2	3.2
0.61	-102.4	3.2	-102.4	3.2	2.4
0.612	-102.4	2.4	-102.4	3.2	2.4
0.614	-102.4	2.4	-102.4	2.4	2.4
0.616	-102.4	3.2	-102.4	3.2	2.4
0.618	-102.4	3.2	-102.4	2.4	3.2
0.62	-102.4	2.4	-102.4	2.4	3.2
0.622	-102.4	2.4	-102.4	2.4	3.2
0.624	-102.4	2.4	-102.4	2.4	2.4
0.626	-102.4	2.4	-102.4	3.2	3.2
0.628	-102.4	2.4	-102.4	2.4	2.4
0.63	-102.4	2.4	-102.4	2.4	2.4
0.632	-102.4	2.4	-102.4	3.2	4
0.634	-102.4	2.4	-102.4	3.2	2.4
0.636	-102.4	3.2	-102.4	1.6	2.4
0.638	-102.4	2.4	-102.4	2.4	2.4
0.64	-102.4	2.4	-102.4	3.2	3.2
0.642	-102.4	2.4	-102.4	2.4	3.2
0.644	-102.4	4	-102.4	2.4	3.2
0.646	-102.4	2.4	-102.4	3.2	2.4
0.648	-102.4	3.2	-102.4	2.4	2.4
0.65	-102.4	3.2	-102.4	3.2	2.4
0.652	-102.4	3.2	-102.4	3.2	2.4
0.654	-102.4	2.4	-102.4	2.4	3.2
0.656	-102.4	2.4	-102.4	2.4	3.2
0.658	-102.4	2.4	-102.4	2.4	4
0.66	-102.4	2.4	-102.4	2.4	2.4
0.662	-102.4	2.4	-102.4	3.2	2.4
0.664	-102.4	2.4	-102.4	3.2	2.4
0.666	-102.4	3.2	-102.4	3.2	4
0.668	-102.4	1.6	-102.4	2.4	2.4
0.67	-102.4	3.2	-102.4	1.6	3.2
0.672	-102.4	2.4	-102.4	2.4	3.2
0.674	-102.4	3.2	-102.4	1.6	3.2
0.676	-102.4	3.2	-102.4	3.2	4
0.678	-102.4	2.4	-102.4	2.4	2.4
0.68	-102.4	3.2	-102.4	3.2	2.4
0.682	-102.4	2.4	-102.4	2.4	2.4
0.684	-102.4	2.4	-102.4	3.2	2.4
0.686	-102.4	3.2	-102.4	3.2	2.4
0.688	-102.4	3.2	-102.4	2.4	3.2
0.69	-102.4	2.4	-102.4	3.2	2.4
0.692	-102.4	1.6	-102.4	2.4	3.2
0.694	-102.4	1.6	-102.4	3.2	3.2
0.696	-102.4	3.2	-102.4	3.2	2.4
0.698	-102.4	2.4	-102.4	3.2	3.2
0.7	-102.4	2.4	-102.4	2.4	3.2
0.702	-102.4	2.4	-102.4	3.2	2.4
0.704	-102.4	2.4	-102.4	3.2	2.4
0.706	-102.4	3.2	-102.4	3.2	2.4
0.708	-102.4	2.4	-102.4	3.2	3.2
0.71	-102.4	2.4	-102.4	3.2	3.2
0.712	-102.4	3.2	-102.4	3.2	2.4
0.714	-102.4	2.4	-102.4	2.4	3.2
0.716	-102.4	2.4	-102.4	2.4	2.4
0.718	-102.4	2.4	-102.4	3.2	3.2
0.72	-102.4	2.4	-102.4	2.4	3.2
0.722	-102.4	3.2	-102.4	2.4	3.2
0.724	-102.4	3.2	-102.4	2.4	2.4
0.726	-102.4	2.4	-102.4	3.2	2.4
0.728	-102.4	3.2	-102.4	2.4	3.2
0.73	-102.4	3.2	-102.4	2.4	3.2
0.732	-102.4	1.6	-102.4	3.2	3.2
0.734	-102.4	2.4	-102.4	4	2.4
0.736	-102.4	2.4	-102.4	2.4	3.2
0.738	-102.4	3.2	-102.4	3.2	2.4
0.74	-102.4	2.4	-102.4	2.4	3.2
0.742	-102.4	3.2	-102.4	3.2	3.2
0.744	-102.4	3.2	-102.4	2.4	2.4
0.746	-102.4	3.2	-102.4	2.4	2.4
0.748	-102.4	3.2	-102.4	3.2	3.2
0.75	-102.4	3.2	-102.4	3.2	2.4
0.752	-102.4	2.4	-102.4	2.4	2.4
0.754	-102.4	3.2	-102.4	3.2	3.2
0.756	-102.4	2.4	-102.4	3.2	2.4
0.758	-102.4	2.4	-102.4	2.4	2.4
0.76	-102.4	3.2	-102.4	3.2	3.2
0.762	-102.4	3.2	-102.4	2.4	2.4
0.764	-102.4	2.4	-102.4	2.4	2.4
0.766	-102.4	3.2	-102.4	3.2	2.4
0.768	-102.4	2.4	-102.4	2.4	2.4
0.77	-102.4	3.2	-102.4	2.4	2.4
0.772	-102.4	2.4	-102.4	2.4	2.4
0.774	-102.4	3.2	-102.4	3.2	3.2
0.776	-102.4	3.2	-102.4	3.2	3.2
0.778	-102.4	2.4	-102.4	2.4	3.2
0.78	-102.4	3.2	-102.4	2.4	2.4
0.782	-102.4	3.2	-102.4	2.4	3.2
0.784	-102.4	2.4	-102.4	3.2	3.2
0.786	-102.4	3.2	-102.4	2.4	3.2
0.788	-102.4	3.2	-102.4	2.4	3.2
0.79	-102.4	2.4	-102.4	3.2	1.6
0.792	-102.4	2.4	-102.4	2.4	2.4
0.794	-102.4	2.4	-102.4	3.2	3.2
0.796	-102.4	2.4	-102.4	1.6	2.4
0.798	-102.4	2.4	-102.4	3.2	2.4
0.8	-102.4	2.4	3.2	3.2	3.2
0.802	2.4	3.2	3.2	3.2	2.4
0.804	2.4	3.2	2.4	3.2	2.4
0.806	2.4	3.2	3.2	2.4	3.2
0.808	3.2	2.4	2.4	3.2	2.4
0.81	2.4	3.2	3.2	3.2	2.4
0.812	2.4	3.2	2.4	2.4	2.4
0.814	3.2	2.4	2.4	2.4	2.4
0.816	1.6	3.2	3.2	2.4	2.4
0.818	3.2	2.4	2.4	2.4	2.4
0.82	3.2	2.4	3.2	3.2	2.4
0.822	2.4	3.2	4	3.2	3.2
0.824	2.4	2.4	3.2	3.2	3.2
0.826	3.2	2.4	2.4	3.2	3.2
0.828	2.4	1.6	2.4	3.2	3.2
0.83	2.4	2.4	2.4	2.4	3.2
0.832	2.4	3.2	2.4	3.2	2.4
0.834	2.4	3.2	1.6	3.2	3.2
0.836	2.4	2.4	2.4	3.2	3.2
0.838	4	2.4	2.4	3.2	3.2
0.84	1.6	2.4	2.4	4	3.2
0.842	2.4	3.2	2.4	2.4	2.4
0.844	2.4	3.2	3.2	3.2	1.6
0.846	2.4	2.4	2.4	1.6	3.2
0.848	3.2	2.4	2.4	2.4	4
0.85	2.4	1.6	2.4	3.2	3.2
0.852	2.4	2.4	3.2	3.2	2.4
0.854	2.4	3.2	2.4	3.2	2.4
0.856	2.4	2.4	3.2	2.4	2.4
0.858	1.6	2.4	2.4	2.4	2.4
0.86	2.4	3.2	3.2	3.2	2.4
0.862	2.4	2.4	2.4	3.2	1.6
0.864	2.4	2.4	2.4	2.4	2.4
0.866	2.4	2.4	3.2	3.2	2.4
0.868	3.2	3.2	3.2	3.2	2.4
0.87	3.2	3.2	4	3.2	3.2
0.872	3.2	2.4	1.6	2.4	3.2
0.874	2.4	2.4	2.4	2.4	2.4
0.876	2.4	3.2	3.2	2.4	2.4
0.878	1.6	2.4	3.2	4	3.2
0.88	3.2	2.4	2.4	2.4	3.2
0.882	2.4	3.2	1.6	2.4	3.2
0.884	2.4	2.4	3.2	2.4	2.4
0.886	1.6	3.2	2.4	2.4	3.2
0.888	2.4	2.4	3.2	2.4	2.4
0.89	2.4	2.4	2.4	3.2	2.4
0.892	2.4	2.4	2.4	3.2	2.4
0.894	3.2	2.4	2.4	2.4	3.2
0.896	2.4	3.2	2.4	3.2	3.2
0.898	2.4	1.6	2.4	3.2	3.2
0.9	3.2	3.2	2.4	3.2	3.2
0.902	2.4	3.2	2.4	2.4	3.2
0.904	2.4	2.4	3.2	3.2	3.2
0.906	2.4	2.4	3.2	2.4	3.2
0.908	3.2	2.4	2.4	3.2	2.4
0.91	3.2	3.2	3.2	2.4	3.2
0.912	2.4	3.2	3.2	3.2	3.2
0.914	3.2	3.2	1.6	3.2	2.4
0.916	2.4	2.4	3.2	2.4	2.4
0.918	2.4	2.4	2.4	2.4	2.4
0.92	1.6	2.4	3.2	2.4	2.4
0.922	3.2	3.2	2.4	3.2	2.4
0.924	3.2	3.2	3.2	3.2	3.2
0.926	2.4	3.2	3.2	2.4	3.2
0.928	2.4	3.2	3.2	3.2	3.2
0.93	2.4	2.4	2.4	3.2	3.2
0.932	2.4	3.2	3.2	2.4	3.2
0.934	2.4	2.4	2.4	3.2	2.4
0.936	2.4	3.2	2.4	1.6	3.2
0.938	2.4	2.4	3.2	2.4	2.4
0.94	2.4	2.4	3.2	2.4	2.4
0.942	2.4	3.2	2.4	3.2	1.6
0.944	3.2	2.4	3.2	2.4	3.2
0.946	2.4	3.2	4	2.4	3.2
0.948	3.2	2.4	2.4	2.4	3.2
0.95	2.4	3.2	2.4	3.2	2.4
0.952	2.4	2.4	3.2	2.4	2.4
0.954	3.2	2.4	2.4	2.4	2.4
0.956	2.4	4	2.4	2.4	3.2
0.958	2.4	2.4	3.2	3.2	2.4
0.96	2.4	2.4	2.4	2.4	3.2
0.962	2.4	3.2	3.2	3.2	3.2
0.964	2.4	2.4	3.2	3.2	2.4
0.966	3.2	2.4	3.2	2.4	3.2
0.968	3.2	2.4	2.4	2.4	3.2
0.97	1.6	3.2	3.2	2.4	2.4
0.972	2.4	2.4	2.4	2.4	2.4
0.974	2.4	2.4	3.2	3.2	3.2
0.976	2.4	2.4	3.2	2.4	3.2
0.978	2.4	1.6	3.2	1.6	3.2
0.98	3.2	3.2	3.2	2.4	3.2
0.982	3.2	2.4	3.2	3.2	2.4
0.984	2.4	2.4	3.2	3.2	3.2
0.986	2.4	3.2	2.4	3.2	3.2
0.988	2.4	3.2	3.2	2.4	3.2
0.99	2.4	1.6	4	1.6	3.2
0.992	2.4	3.2	2.4	3.2	3.2
0.994	2.4	2.4	2.4	3.2	1.6
0.996	1.6	3.2	3.2	3.2	2.4
0.998	3.2	2.4	3.2	2.4	3.2
1	2.4	3.2	3.2	3.2	2.4
1.002	2.4	1.6	3.2	2.4	3.2
1.004	1.6	3.2	2.4	2.4	3.2
1.006	3.2	2.4	2.4	3.2	3.2
1.008	3.2	2.4	3.2	2.4	3.2
1.01	2.4	2.4	3.2	3.2	3.2
1.012	2.4	1.6	3.2	3.2	2.4
1.014	2.4	2.4	2.4	3.2	4
1.016	2.4	2.4	2.4	3.2	2.4
1.018	2.4	3.2	2.4	2.4	3.2
1.02	2.4	2.4	3.2	3.2	2.4
1.022	3.2	3.2	2.4	3.2	3.2
1.024	1.6	3.2	2.4	2.4	3.2
1.026	1.6	2.4	3.2	2.4	2.4
1.028	3.2	2.4	3.2	2.4	2.4
1.03	2.4	2.4	3.2	3.2	2.4
1.032	3.2	3.2	3.2	2.4	3.2
1.034	1.6	2.4	3.2	2.4	3.2
1.036	2.4	1.6	2.4	2.4	3.2
1.038	2.4	2.4	3.2	2.4	2.4
1.04	3.2	3.2	3.2	3.2	2.4
1.042	3.2	3.2	2.4	2.4	3.2
1.044	2.4	3.2	3.2	2.4	2.4
1.046	2.4	2.4	3.2	2.4	3.2
1.048	2.4	2.4	2.4	4	2.4
1.05	2.4	2.4	3.2	3.2	3.2
1.052	1.6	3.2	2.4	2.4	2.4
1.054	3.2	3.2	3.2	2.4	3.2
1.056	2.4	2.4	3.2	3.2	3.2
1.058	3.2	3.2	3.2	3.2	3.2
1.06	2.4	3.2	2.4	3.2	2.4
1.062	2.4	3.2	2.4	3.2	2.4
1.064	2.4	2.4	3.2	2.4	2.4
1.066	3.2	2.4	3.2	3.2	2.4
1.068	3.2	3.2	3.2	3.2	2.4
1.07	2.4	3.2	2.4	3.2	2.4
1.072	2.4	2.4	2.4	2.4	2.4
1.074	3.2	2.4	2.4	1.6	2.4
1.076	3.2	2.4	3.2	2.4	4
1.078	3.2	3.2	3.2	3.2	2.4
1.08	2.4	1.6	2.4	4	2.4
1.082	2.4	3.2	3.2	3.2	2.4
1.084	2.4	3.2	3.2	2.4	3.2
1.086	4	2.4	3.2	3.2	4
1.088	2.4	2.4	2.4	3.2	3.2
1.09	0.8	2.4	2.4	3.2	3.2
1.092	2.4	2.4	2.4	3.2	2.4
1.094	3.2	2.4	3.2	3.2	2.4
1.096	2.4	3.2	3.2	2.4	3.2
1.098	2.4	3.2	3.2	2.4	2.4
1.1	2.4	2.4	2.4	2.4	2.4
1.102	2.4	2.4	2.4	3.2	2.4
1.104	3.2	4	1.6	3.2	3.2
1.106	3.2	2.4	4	3.2	2.4
1.108	2.4	2.4	3.2	2.4	2.4
1.11	2.4	3.2	3.2	3.2	2.4
1.112	2.4	2.4	2.4	3.2	3.2
1.114	2.4	3.2	2.4	2.4	3.2
1.116	2.4	3.2	2.4	3.2	3.2
1.118	0.8	2.4	2.4	2.4	3.2
1.12	2.4	2.4	3.2	2.4	3.2
1.122	2.4	3.2	2.4	3.2	2.4
1.124	4	3.2	2.4	2.4	2.4
1.126	2.4	2.4	2.4	3.2	2.4
1.128	1.6	3.2	2.4	3.2	3.2
1.13	2.4	2.4	3.2	3.2	3.2
1.132	2.4	2.4	2.4	2.4	2.4
1.134	1.6	2.4	2.4	3.2	2.4
1.136	3.2	2.4	2.4	3.2	2.4
1.138	2.4	2.4	2.4	2.4	3.2
1.14	2.4	2.4	3.2	2.4	3.2
1.142	2.4	2.4	3.2	2.4	2.4
1.144	2.4	2.4	3.2	3.2	2.4
1.146	3.2	4	2.4	3.2	2.4
1.148	3.2	4	3.2	2.4	1.6
1.15	3.2	3.2	3.2	3.2	2.4
1.152	3.2	2.4	4	2.4	2.4
1.154	3.2	3.2	3.2	2.4	3.2
1.156	2.4	3.2	2.4	3.2	3.2
1.158	3.2	2.4	2.4	2.4	3.2
1.16	2.4	3.2	2.4	3.2	2.4
1.162	2.4	3.2	2.4	2.4	3.2
1.164	2.4	3.2	3.2	3.2	2.4
1.166	2.4	2.4	3.2	3.2	3.2
1.168	3.2	3.2	3.2	3.2	2.4
1.17	2.4	2.4	2.4	2.4	2.4
1.172	2.4	2.4	3.2	2.4	2.4
1.174	2.4	2.4	2.4	3.2	3.2
1.176	2.4	2.4	3.2	3.2	2.4
1.178	3.2	3.2	2.4	3.2	3.2
1.18	3.2	1.6	3.2	2.4	3.2
1.182	2.4	3.2	2.4	2.4	2.4
1.184	2.4	2.4	3.2	3.2	3.2
1.186	2.4	3.2	3.2	2.4	2.4
1.188	3.2	3.2	2.4	3.2	3.2
1.19	3.2	2.4	2.4	2.4	2.4
1.192	3.2	3.2	2.4	3.2	2.4
1.194	3.2	3.2	3.2	2.4	2.4
1.196	2.4	2.4	2.4	2.4	1.6
1.198	3.2	2.4	3.2	2.4	2.4
1.2	2.4	3.2	3.2	2.4	3.2
1.202	3.2	2.4	3.2	2.4	4
1.204	2.4	3.2	3.2	2.4	3.2
1.206	2.4	3.2	3.2	3.2	2.4
1.208	3.2	2.4	2.4	3.2	2.4
1.21	3.2	2.4	2.4	3.2	2.4
1.212	2.4	3.2	2.4	2.4	3.2
1.214	3.2	2.4	2.4	2.4	2.4
1.216	2.4	3.2	2.4	3.2	3.2
1.218	2.4	3.2	3.2	2.4	3.2
1.22	2.4	2.4	3.2	3.2	2.4
1.222	3.2	2.4	2.4	3.2	2.4
1.224	2.4	2.4	2.4	2.4	2.4
1.226	2.4	3.2	2.4	2.4	3.2
1.228	2.4	2.4	2.4	3.2	4
1.23	2.4	3.2	3.2	3.2	2.4
1.232	2.4	2.4	3.2	2.4	3.2
1.234	2.4	3.2	2.4	2.4	2.4
1.236	2.4	3.2	2.4	2.4	3.2
1.238	3.2	3.2	2.4	2.4	2.4
1.24	2.4	2.4	3.2	3.2	2.4
1.242	2.4	2.4	3.2	3.2	2.4
1.244	3.2	2.4	2.4	2.4	3.2
1.246	2.4	2.4	2.4	3.2	3.2
1.248	2.4	2.4	2.4	3.2	2.4
1.25	2.4	2.4	2.4	3.2	3.2
1.252	3.2	2.4	3.2	3.2	3.2
1.254	2.4	3.2	2.4	2.4	3.2
1.256	1.6	3.2	3.2	3.2	2.4
1.258	3.2	3.2	2.4	3.2	2.4
1.26	2.4	2.4	2.4	3.2	2.4
1.262	2.4	2.4	3.2	2.4	2.4
1.264	2.4	3.2	2.4	3.2	2.4
1.266	3.2	2.4	2.4	2.4	3.2
1.268	2.4	2.4	2.4	3.2	2.4
1.27	2.4	1.6	3.2	2.4	2.4
1.272	3.2	3.2	3.2	2.4	4
1.274	4	2.4	2.4	3.2	3.2
1.276	2.4	3.2	2.4	1.6	3.2
1.278	2.4	2.4	3.2	2.4	3.2
1.28	3.2	2.4	2.4	3.2	2.4
1.282	3.2	3.2	3.2	2.4	2.4
1.284	2.4	3.2	3.2	4	2.4
1.286	3.2	3.2	3.2	1.6	3.2
1.288	2.4	2.4	3.2	2.4	2.4
1.29	1.6	2.4	2.4	2.4	2.4
1.292	2.4	3.2	3.2	2.4	2.4
1.294	2.4	2.4	3.2	2.4	4
1.296	2.4	2.4	3.2	2.4	2.4
1.298	2.4	2.4	3.2	2.4	2.4
1.3	2.4	2.4	3.2	3.2	3.2
1.302	2.4	2.4	2.4	3.2	3.2
1.304	3.2	2.4	3.2	3.2	3.2
1.306	3.2	3.2	3.2	2.4	3.2
1.308	2.4	2.4	2.4	2.4	3.2
1.31	2.4	2.4	2.4	2.4	3.2
1.312	3.2	3.2	2.4	2.4	2.4
1.314	2.4	2.4	2.4	3.2	3.2
1.316	2.4	2.4	2.4	3.2	0.8
1.318	2.4	2.4	3.2	3.2	3.2
1.32	2.4	3.2	3.2	2.4	2.4
1.322	2.4	2.4	2.4	3.2	3.2
1.324	2.4	2.4	2.4	3.2	2.4
1.326	2.4	3.2	3.2	2.4	2.4
1.328	2.4	2.4	2.4	2.4	3.2
1.33	2.4	3.2	3.2	3.2	2.4
1.332	2.4	3.2	2.4	3.2	3.2
1.334	2.4	2.4	2.4	4	3.2
1.336	2.4	3.2	2.4	2.4	3.2
1.338	2.4	2.4	3.2	2.4	3.2
1.34	3.2	2.4	2.4	2.4	2.4
1.342	2.4	2.4	3.2	3.2	3.2
1.344	2.4	2.4	2.4	3.2	3.2
1.346	2.4	3.2	2.4	3.2	2.4
1.348	3.2	2.4	2.4	2.4	3.2
1.35	2.4	2.4	3.2	1.6	2.4
1.352	3.2	3.2	2.4	2.4	3.2
1.354	1.6	2.4	2.4	3.2	2.4
1.356	3.2	2.4	2.4	3.2	3.2
1.358	3.2	2.4	2.4	3.2	2.4
1.36	2.4	2.4	3.2	2.4	3.2
1.362	2.4	2.4	1.6	1.6	3.2
1.364	1.6	2.4	1.6	3.2	3.2
1.366	2.4	2.4	3.2	3.2	2.4
1.368	2.4	3.2	1.6	3.2	2.4
1.37	3.2	3.2	2.4	3.2	2.4
1.372	2.4	1.6	2.4	3.2	3.2
1.374	2.4	2.4	2.4	2.4	2.4
1.376	3.2	3.2	3.2	2.4	2.4
1.378	2.4	2.4	2.4	2.4	3.2
1.38	2.4	3.2	3.2	3.2	3.2
1.382	3.2	2.4	2.4	4	3.2
1.384	3.2	3.2	3.2	3.2	3.2
1.386	2.4	2.4	3.2	2.4	2.4
1.388	2.4	3.2	2.4	2.4	2.4
1.39	2.4	2.4	1.6	3.2	2.4
1.392	3.2	3.2	2.4	3.2	3.2
1.394	3.2	3.2	2.4	2.4	3.2
1.396	2.4	3.2	3.2	3.2	2.4
1.398	2.4	3.2	3.2	2.4	4
1.4	2.4	3.2	2.4	3.2	2.4
1.402	2.4	2.4	2.4	2.4	3.2
1.404	3.2	3.2	2.4	2.4	2.4
1.406	2.4	2.4	3.2	3.2	2.4
1.408	2.4	2.4	3.2	3.2	2.4
1.41	3.2	2.4	3.2	3.2	2.4
1.412	1.6	3.2	2.4	3.2	4
1.414	3.2	2.4	2.4	3.2	3.2
1.416	3.2	2.4	3.2	3.2	3.2
1.418	2.4	2.4	3.2	2.4	1.6
1.42	3.2	2.4	2.4	2.4	2.4
1.422	2.4	3.2	3.2	3.2	2.4
1.424	3.2	3.2	3.2	3.2	2.4
1.426	2.4	3.2	2.4	3.2	3.2
1.428	3.2	3.2	2.4	2.4	2.4
1.43	2.4	3.2	1.6	3.2	2.4
1.432	2.4	2.4	3.2	3.2	2.4
1.434	2.4	2.4	3.2	2.4	3.2
1.436	1.6	3.2	2.4	2.4	3.2
1.438	2.4	3.2	2.4	3.2	3.2
1.44	2.4	3.2	2.4	2.4	2.4
1.442	3.2	2.4	4	3.2	3.2
1.444	2.4	2.4	4	3.2	2.4
1.446	3.2	3.2	2.4	2.4	2.4
1.448	3.2	1.6	2.4	3.2	3.2
1.45	2.4	3.2	2.4	2.4	2.4
1.452	2.4	3.2	2.4	3.2	3.2
1.454	3.2	2.4	4	2.4	3.2
1.456	2.4	2.4	2.4	2.4	3.2
1.458	2.4	3.2	3.2	2.4	3.2
1.46	2.4	2.4	2.4	2.4	2.4
1.462	3.2	2.4	3.2	3.2	3.2
1.464	3.2	3.2	3.2	3.2	2.4
1.466	2.4	3.2	2.4	3.2	2.4
1.468	2.4	2.4	3.2	2.4	3.2
1.47	2.4	2.4	3.2	2.4	1.6
1.472	2.4	2.4	3.2	2.4	2.4
1.474	2.4	3.2	3.2	2.4	3.2
1.476	1.6	2.4	2.4	3.2	3.2
1.478	3.2	2.4	3.2	2.4	3.2
1.48	2.4	3.2	2.4	2.4	2.4
1.482	2.4	3.2	3.2	2.4	2.4
1.484	2.4	2.4	2.4	3.2	2.4
1.486	2.4	2.4	3.2	4	2.4
1.488	3.2	2.4	2.4	2.4	2.4
1.49	2.4	2.4	1.6	3.2	2.4
1.492	2.4	3.2	3.2	2.4	3.2
1.494	2.4	3.2	3.2	2.4	2.4
1.496	3.2	1.6	3.2	3.2	2.4
1.498	2.4	2.4	3.2	3.2	3.2
1.5	2.4	2.4	3.2	2.4	3.2
1.502	2.4	3.2	2.4	2.4	2.4
1.504	2.4	2.4	2.4	3.2	2.4
1.506	2.4	2.4	2.4	3.2	3.2
1.508	2.4	2.4	3.2	2.4	3.2
1.51	3.2	2.4	2.4	3.2	2.4
1.512	2.4	3.2	2.4	2.4	2.4
1.514	3.2	2.4	1.6	2.4	3.2
1.516	2.4	2.4	3.2	2.4	2.4
1.518	2.4	2.4	3.2	2.4	2.4
1.52	2.4	2.4	3.2	3.2	3.2
1.522	2.4	2.4	3.2	2.4	2.4
1.524	2.4	2.4	2.4	3.2	3.2
1.526	2.4	2.4	3.2	3.2	2.4
1.528	2.4	3.2	1.6	3.2	3.2
1.53	2.4	3.2	3.2	2.4	3.2
1.532	2.4	3.2	3.2	2.4	2.4
1.534	3.2	2.4	2.4	3.2	2.4
1.536	2.4	3.2	3.2	2.4	2.4
1.538	2.4	1.6	2.4	2.4	3.2
1.54	2.4	3.2	3.2	2.4	2.4
1.542	3.2	2.4	2.4	3.2	3.2
1.544	2.4	2.4	4	2.4	2.4
1.546	1.6	2.4	3.2	2.4	2.4
1.548	2.4	3.2	2.4	3.2	3.2
1.55	2.4	2.4	2.4	3.2	3.2
1.552	2.4	2.4	3.2	3.2	2.4
1.554	2.4	2.4	2.4	3.2	3.2
1.556	2.4	2.4	2.4	2.4	2.4
1.558	2.4	2.4	2.4	2.4	2.4
1.56	2.4	3.2	2.4	2.4	2.4
1.562	3.2	2.4	3.2	3.2	3.2
1.564	3.2	2.4	2.4	3.2	2.4
1.566	2.4	2.4	3.2	2.4	2.4
1.568	3.2	3.2	2.4	2.4	2.4
1.57	2.4	3.2	2.4	3.2	2.4
1.572	2.4	2.4	2.4	2.4	3.2
1.574	2.4	2.4	3.2	4	3.2
1.576	2.4	2.4	3.2	1.6	3.2
1.578	3.2	3.2	2.4	2.4	2.4
1.58	2.4	3.2	2.4	3.2	2.4
1.582	2.4	1.6	3.2	3.2	3.2
1.584	3.2	2.4	4	2.4	3.2
1.586	2.4	3.2	3.2	2.4	2.4
1.588	3.2	2.4	2.4	3.2	2.4
1.59	2.4	2.4	3.2	3.2	3.2
1.592	3.2	3.2	2.4	3.2	3.2
1.594	2.4	3.2	3.2	3.2	3.2
1.596	1.6	2.4	1.6	3.2	2.4
1.598	3.2	1.6	2.4	3.2	3.2
1.6	2.4	2.4	3.2	3.2	3.2
1.602	2.4	3.2	2.4	3.2	3.2
1.604	1.6	2.4	3.2	2.4	2.4
1.606	3.2	3.2	2.4	3.2	3.2
1.608	2.4	3.2	3.2	2.4	1.6
1.61	3.2	3.2	2.4	2.4	3.2
1.612	2.4	2.4	3.2	2.4	3.2
1.614	2.4	3.2	3.2	3.2	2.4
1.616	2.4	3.2	2.4	2.4	2.4
1.618	2.4	2.4	2.4	3.2	2.4
1.62	1.6	3.2	3.2	2.4	2.4
1.622	2.4	3.2	4	2.4	1.6
1.624	2.4	3.2	3.2	3.2	3.2
1.626	2.4	3.2	2.4	2.4	2.4
1.628	2.4	2.4	1.6	2.4	3.2
1.63	2.4	2.4	2.4	3.2	3.2
1.632	2.4	2.4	3.2	2.4	2.4
1.634	3.2	2.4	2.4	2.4	2.4
1.636	3.2	3.2	3.2	3.2	3.2
1.638	3.2	3.2	3.2	4	3.2
1.64	2.4	2.4	2.4	3.2	2.4
1.642	3.2	3.2	3.2	2.4	2.4
1.644	1.6	2.4	2.4	3.2	3.2
1.646	2.4	2.4	2.4	1.6	3.2
1.648	3.2	2.4	3.2	3.2	2.4
1.65	3.2	2.4	2.4	3.2	2.4
1.652	2.4	2.4	3.2	3.2	2.4
1.654	2.4	2.4	3.2	2.4	3.2
1.656	2.4	3.2	3.2	1.6	3.2
1.658	3.2	2.4	2.4	3.2	3.2
1.66	2.4	2.4	1.6	2.4	3.2
1.662	3.2	3.2	3.2	3.2	3.2
1.664	2.4	2.4	3.2	2.4	3.2
1.666	2.4	3.2	2.4	3.2	2.4
1.668	2.4	2.4	3.2	2.4	3.2
1.67	2.4	3.2	2.4	2.4	2.4
1.672	2.4	2.4	3.2	2.4	3.2
1.674	2.4	3.2	2.4	2.4	2.4
1.676	2.4	2.4	3.2	3.2	2.4
1.678	2.4	3.2	3.2	3.2	2.4
1.68	1.6	2.4	3.2	2.4	3.2
1.682	3.2	2.4	3.2	3.2	2.4
1.684	2.4	2.4	2.4	2.4	2.4
1.686	3.2	1.6	3.2	2.4	3.2
1.688	3.2	3.2	3.2	1.6	3.2
1.69	2.4	2.4	2.4	2.4	1.6
1.692	2.4	2.4	3.2	2.4	2.4
1.694	2.4	3.2	3.2	3.2	3.2
1.696	3.2	3.2	3.2	3.2	3.2
1.698	2.4	2.4	2.4	3.2	3.2
1.7	2.4	2.4	3.2	2.4	2.4
1.702	2.4	2.4	3.2	3.2	2.4
1.704	3.2	2.4	2.4	3.2	2.4
1.706	3.2	3.2	2.4	3.2	3.2
1.708	2.4	3.2	3.2	3.2	3.2
1.71	2.4	2.4	3.2	1.6	2.4
1.712	2.4	3.2	3.2	2.4	1.6
1.714	2.4	2.4	2.4	3.2	2.4
1.716	2.4	2.4	2.4	3.2	2.4
1.718	2.4	2.4	3.2	2.4	3.2
1.72	3.2	2.4	2.4	2.4	2.4
1.722	2.4	3.2	2.4	3.2	3.2
1.724	2.4	2.4	2.4	2.4	2.4
1.726	3.2	3.2	2.4	2.4	3.2
1.728	2.4	3.2	2.4	2.4	2.4
1.73	2.4	2.4	3.2	3.2	2.4
1.732	2.4	2.4	2.4	1.6	3.2
1.734	3.2	2.4	2.4	3.2	2.4
1.736	2.4	2.4	2.4	3.2	2.4
1.738	2.4	2.4	3.2	3.2	2.4
1.74	2.4	3.2	2.4	2.4	3.2
1.742	2.4	2.4	2.4	3.2	2.4
1.744	3.2	2.4	3.2	2.4	3.2
1.746	2.4	2.4	4	2.4	3.2
1.748	2.4	3.2	2.4	3.2	3.2
1.75	2.4	2.4	2.4	2.4	3.2
1.752	1.6	2.4	2.4	3.2	2.4
1.754	2.4	2.4	3.2	2.4	3.2
1.756	2.4	2.4	3.2	3.2	2.4
1.758	2.4	2.4	2.4	3.2	3.2
1.76	2.4	3.2	3.2	2.4	2.4
1.762	2.4	2.4	2.4	4	2.4
1.764	3.2	3.2	2.4	3.2	2.4
1.766	2.4	2.4	2.4	2.4	2.4
1.768	2.4	3.2	2.4	1.6	3.2
1.77	2.4	2.4	2.4	3.2	3.2
1.772	2.4	1.6	2.4	2.4	2.4
1.774	3.2	3.2	2.4	2.4	3.2
1.776	3.2	2.4	3.2	3.2	2.4
1.778	2.4	3.2	3.2	1.6	2.4
1.78	2.4	3.2	2.4	3.2	3.2
1.782	3.2	2.4	1.6	3.2	2.4
1.784	3.2	3.2	3.2	3.2	3.2
1.786	2.4	3.2	3.2	2.4	3.2
1.788	2.4	3.2	3.2	3.2	3.2
1.79	2.4	2.4	3.2	3.2	2.4
1.792	3.2	2.4	3.2	2.4	2.4
1.794	3.2	3.2	2.4	3.2	2.4
1.796	2.4	3.2	2.4	3.2	2.4
1.798	3.2	3.2	3.2	2.4	3.2
1.8	2.4	3.2	3.2	3.2	3.2
1.802	2.4	2.4	2.4	2.4	2.4
1.804	2.4	2.4	2.4	2.4	2.4
1.806	2.4	3.2	3.2	3.2	2.4
1.808	2.4	2.4	2.4	3.2	3.2
1.81	3.2	2.4	4	3.2	3.2
1.812	2.4	3.2	2.4	2.4	1.6
1.814	2.4	2.4	2.4	2.4	3.2
1.816	2.4	1.6	2.4	2.4	2.4
1.818	2.4	3.2	2.4	3.2	2.4
1.82	2.4	3.2	3.2	3.2	3.2
1.822	2.4	2.4	1.6	2.4	3.2
1.824	2.4	0.8	3.2	3.2	2.4
1.826	4	2.4	2.4	1.6	3.2
1.828	3.2	2.4	2.4	3.2	2.4
1.83	2.4	3.2	3.2	2.4	3.2
1.832	1.6	2.4	2.4	2.4	3.2
1.834	2.4	2.4	3.2	2.4	3.2
1.836	3.2	2.4	2.4	2.4	2.4
1.838	2.4	1.6	3.2	3.2	2.4
1.84	1.6	3.2	3.2	3.2	3.2
1.842	2.4	3.2	2.4	3.2	3.2
1.844	3.2	3.2	3.2	3.2	3.2
1.846	2.4	3.2	2.4	2.4	1.6
1.848	3.2	2.4	2.4	2.4	2.4
1.85	3.2	3.2	3.2	3.2	2.4
1.852	3.2	3.2	2.4	3.2	4
1.854	2.4	2.4	3.2	2.4	2.4
1.856	2.4	3.2	3.2	3.2	2.4
1.858	3.2	2.4	3.2	2.4	2.4
1.86	2.4	1.6	3.2	2.4	3.2
1.862	3.2	1.6	3.2	2.4	3.2
1.864	2.4	3.2	3.2	2.4	3.2
1.866	2.4	2.4	1.6	3.2	2.4
1.868	3.2	2.4	2.4	3.2	2.4
1.87	1.6	2.4	1.6	2.4	2.4
1.872	3.2	2.4	2.4	2.4	2.4
1.874	1.6	3.2	3.2	2.4	2.4
1.876	0.8	2.4	2.4	2.4	3.2
1.878	3.2	2.4	2.4	2.4	2.4
1.88	2.4	2.4	2.4	2.4	2.4
1.882	3.2	2.4	2.4	2.4	3.2
1.884	2.4	3.2	3.2	2.4	3.2
1.886	3.2	3.2	2.4	3.2	4
1.888	2.4	2.4	2.4	3.2	3.2
1.89	2.4	3.2	2.4	2.4	2.4
1.892	2.4	4	2.4	3.2	2.4
1.894	2.4	3.2	2.4	3.2	2.4
1.896	3.2	2.4	2.4	2.4	2.4
1.898	3.2	2.4	3.2	2.4	1.6
1.9	2.4	2.4	3.2	2.4	2.4
1.902	3.2	3.2	3.2	2.4	3.2
1.904	3.2	2.4	3.2	2.4	3.2
1.906	2.4	2.4	2.4	4	3.2
1.908	3.2	2.4	3.2	4	2.4
1.91	3.2	1.6	2.4	2.4	2.4
1.912	3.2	3.2	2.4	2.4	1.6
1.914	4	2.4	3.2	3.2	2.4
1.916	2.4	2.4	2.4	2.4	3.2
1.918	3.2	2.4	3.2	3.2	4
1.92	2.4	3.2	2.4	3.2	2.4
1.922	3.2	2.4	1.6	2.4	2.4
1.924	2.4	3.2	2.4	3.2	3.2
1.926	3.2	1.6	3.2	3.2	2.4
1.928	3.2	3.2	3.2	2.4	3.2
1.93	1.6	2.4	2.4	2.4	2.4
1.932	3.2	1.6	3.2	3.2	3.2
1.934	3.2	2.4	2.4	3.2	2.4
1.936	2.4	3.2	3.2	3.2	3.2
1.938	2.4	2.4	2.4	2.4	2.4
1.94	1.6	3.2	2.4	3.2	3.2
1.942	1.6	3.2	3.2	2.4	2.4
1.944	2.4	2.4	2.4	2.4	2.4
1.946	3.2	3.2	3.2	3.2	2.4
1.948	3.2	2.4	3.2	2.4	2.4
1.95	3.2	3.2	2.4	2.4	3.2
1.952	1.6	1.6	4	3.2	2.4
1.954	2.4	2.4	3.2	2.4	1.6
1.956	2.4	3.2	3.2	3.2	2.4
1.958	2.4	1.6	2.4	2.4	4
1.96	2.4	2.4	2.4	2.4	3.2
1.962	3.2	3.2	2.4	3.2	2.4
1.964	3.2	2.4	3.2	3.2	2.4
1.966	3.2	2.4	2.4	3.2	3.2
1.968	3.2	2.4	2.4	2.4	2.4
1.97	3.2	3.2	3.2	2.4	2.4
1.972	3.2	3.2	2.4	3.2	2.4
1.974	2.4	3.2	3.2	3.2	3.2
1.976	2.4	2.4	2.4	3.2	2.4
1.978	2.4	3.2	2.4	2.4	2.4
1.98	2.4	2.4	2.4	2.4	3.2
1.982	2.4	2.4	2.4	2.4	2.4
1.984	2.4	2.4	3.2	3.2	2.4
1.986	2.4	2.4	3.2	2.4	3.2
1.988	3.2	2.4	3.2	2.4	2.4
1.99	2.4	2.4	3.2	3.2	2.4
1.992	2.4	2.4	3.2	3.2	2.4
1.994	2.4	2.4	2.4	2.4	3.2
1.996	2.4	2.4	2.4	2.4	2.4
1.998	3.2	2.4	2.4	2.4	2.4
2	3.2	2.4	2.4	2.4	3.2
2.002	3.2	2.4	3.2	3.2	3.2
2.004	2.4	2.4	3.2	2.4	3.2
2.006	3.2	2.4	1.6	2.4	2.4
2.008	3.2	3.2	4	4	2.4
2.01	3.2	2.4	3.2	3.2	2.4
2.012	1.6	2.4	2.4	2.4	2.4
2.014	3.2	2.4	2.4	2.4	3.2
2.016	3.2	3.2	2.4	2.4	3.2
2.018	2.4	3.2	2.4	3.2	3.2
2.02	3.2	2.4	2.4	3.2	4
2.022	2.4	3.2	2.4	2.4	3.2
2.024	2.4	2.4	3.2	2.4	3.2
2.026	3.2	3.2	2.4	3.2	2.4
2.028	3.2	2.4	2.4	3.2	3.2
2.03	2.4	2.4	2.4	3.2	3.2
2.032	2.4	1.6	2.4	2.4	2.4
2.034	2.4	3.2	3.2	3.2	3.2
2.036	1.6	2.4	2.4	3.2	2.4
2.038	2.4	2.4	3.2	2.4	3.2
2.04	2.4	3.2	2.4	3.2	2.4
2.042	3.2	1.6	2.4	3.2	2.4
2.044	2.4	0.8	3.2	2.4	2.4
2.046	2.4	2.4	2.4	2.4	2.4
2.048	1.6	2.4	3.2	3.2	2.4
2.05	2.4	2.4	3.2	3.2	2.4
2.052	2.4	2.4	3.2	2.4	2.4
2.054	3.2	2.4	3.2	3.2	2.4
2.056	1.6	3.2	2.4	2.4	3.2
2.058	2.4	2.4	2.4	3.2	2.4
2.06	2.4	3.2	3.2	3.2	3.2
2.062	2.4	2.4	2.4	2.4	3.2
2.064	2.4	2.4	3.2	3.2	2.4
2.066	2.4	3.2	2.4	2.4	2.4
2.068	2.4	3.2	2.4	4	2.4
2.07	3.2	2.4	3.2	2.4	2.4
2.072	2.4	3.2	2.4	3.2	3.2
2.074	3.2	2.4	3.2	3.2	3.2
2.076	2.4	0.8	2.4	2.4	2.4
2.078	2.4	3.2	3.2	2.4	3.2
2.08	3.2	2.4	3.2	2.4	2.4
2.082	2.4	3.2	3.2	3.2	1.6
2.084	2.4	2.4	3.2	2.4	3.2
2.086	3.2	3.2	3.2	2.4	3.2
2.088	2.4	4	2.4	2.4	3.2
2.09	3.2	3.2	3.2	4	3.2
2.092	2.4	3.2	3.2	3.2	3.2
2.094	2.4	3.2	3.2	2.4	2.4
2.096	2.4	3.2	3.2	2.4	3.2
2.098	2.4	1.6	2.4	3.2	3.2
2.1	2.4	2.4	1.6	3.2	3.2
2.102	2.4	2.4	3.2	3.2	2.4
2.104	2.4	3.2	2.4	3.2	3.2
2.106	3.2	2.4	4	3.2	2.4
2.108	3.2	1.6	3.2	3.2	2.4
2.11	2.4	2.4	3.2	3.2	3.2
2.112	3.2	3.2	2.4	3.2	2.4
2.114	1.6	2.4	2.4	1.6	2.4
2.116	2.4	3.2	2.4	2.4	4
2.118	3.2	3.2	2.4	2.4	4
2.12	2.4	2.4	3.2	2.4	2.4
2.122	3.2	2.4	3.2	2.4	3.2
2.124	2.4	3.2	2.4	2.4	3.2
2.126	2.4	3.2	2.4	2.4	3.2
2.128	2.4	2.4	2.4	3.2	3.2
2.13	3.2	2.4	4	3.2	3.2
2.132	2.4	2.4	2.4	3.2	2.4
2.134	2.4	2.4	2.4	3.2	2.4
2.136	2.4	2.4	3.2	2.4	2.4
2.138	3.2	2.4	2.4	4	2.4
2.14	2.4	2.4	3.2	2.4	2.4
2.142	2.4	2.4	2.4	2.4	2.4
2.144	2.4	2.4	2.4	2.4	3.2
2.146	2.4	2.4	2.4	2.4	2.4
2.148	2.4	2.4	3.2	2.4	3.2
2.15	3.2	3.2	3.2	3.2	3.2
2.152	1.6	2.4	2.4	2.4	3.2
2.154	2.4	2.4	3.2	2.4	2.4
2.156	2.4	3.2	2.4	2.4	2.4
2.158	2.4	2.4	2.4	2.4	2.4
2.16	2.4	3.2	3.2	2.4	2.4
2.162	3.2	2.4	2.4	3.2	2.4
2.164	3.2	2.4	3.2	3.2	3.2
2.166	3.2	3.2	2.4	3.2	2.4
2.168	1.6	2.4	3.2	2.4	2.4
2.17	2.4	2.4	3.2	2.4	2.4
2.172	2.4	2.4	4	3.2	2.4
2.174	2.4	2.4	3.2	2.4	3.2
2.176	3.2	2.4	2.4	3.2	2.4
2.178	2.4	3.2	2.4	2.4	2.4
2.18	3.2	3.2	3.2	2.4	2.4
2.182	2.4	2.4	3.2	3.2	2.4
2.184	2.4	3.2	3.2	3.2	3.2
2.186	2.4	3.2	2.4	2.4	3.2
2.188	2.4	3.2	1.6	2.4	3.2
2.19	3.2	2.4	2.4	1.6	3.2
2.192	2.4	2.4	3.2	2.4	2.4
2.194	2.4	2.4	3.2	2.4	3.2
2.196	3.2	2.4	2.4	3.2	3.2
2.198	4	2.4	3.2	2.4	2.4
2.2	2.4	2.4	2.4	3.2	3.2
2.202	2.4	3.2	3.2	3.2	0.8
2.204	2.4	3.2	2.4	3.2	3.2
2.206	3.2	2.4	2.4	4	3.2
2.208	2.4	1.6	2.4	2.4	3.2
2.21	2.4	3.2	2.4	3.2	2.4
2.212	2.4	2.4	2.4	2.4	3.2
2.214	2.4	3.2	3.2	3.2	2.4
2.216	3.2	3.2	2.4	3.2	3.2
2.218	1.6	2.4	3.2	3.2	2.4
2.22	2.4	3.2	2.4	3.2	2.4
2.222	2.4	2.4	2.4	2.4	2.4
2.224	2.4	2.4	2.4	2.4	3.2
2.226	1.6	4	3.2	3.2	2.4
2.228	1.6	3.2	2.4	2.4	1.6
2.23	3.2	3.2	3.2	2.4	2.4
2.232	3.2	3.2	3.2	2.4	1.6
2.234	2.4	3.2	2.4	2.4	2.4
2.236	3.2	3.2	3.2	3.2	2.4
2.238	3.2	2.4	2.4	2.4	4
2.24	3.2	3.2	2.4	2.4	3.2
2.242	2.4	2.4	2.4	2.4	3.2
2.244	2.4	3.2	2.4	3.2	3.2
2.246	2.4	3.2	3.2	3.2	2.4
2.248	3.2	2.4	2.4	2.4	3.2
2.25	2.4	2.4	2.4	2.4	3.2
2.252	3.2	2.4	2.4	2.4	2.4
2.254	2.4	3.2	2.4	3.2	2.4
2.256	2.4	3.2	3.2	2.4	2.4
2.258	2.4	2.4	3.2	3.2	3.2
2.26	2.4	3.2	3.2	2.4	2.4
2.262	2.4	2.4	2.4	3.2	2.4
2.264	2.4	2.4	2.4	2.4	2.4
2.266	2.4	2.4	3.2	2.4	2.4
2.268	2.4	3.2	4	3.2	3.2
2.27	2.4	2.4	3.2	3.2	3.2
2.272	2.4	3.2	2.4	2.4	2.4
2.274	2.4	2.4	3.2	2.4	2.4
2.276	2.4	2.4	2.4	2.4	3.2
2.278	2.4	2.4	2.4	3.2	2.4
2.28	2.4	2.4	2.4	2.4	3.2
2.282	2.4	1.6	2.4	2.4	3.2
2.284	3.2	2.4	2.4	2.4	2.4
2.286	2.4	2.4	3.2	3.2	3.2
2.288	2.4	3.2	2.4	2.4	3.2
2.29	2.4	2.4	3.2	3.2	3.2
2.292	2.4	4	3.2	3.2	3.2
2.294	3.2	0.8	1.6	3.2	2.4
2.296	1.6	3.2	1.6	3.2	2.4
2.298	2.4	2.4	2.4	2.4	2.4
2.3	2.4	2.4	1.6	2.4	2.4
2.302	2.4	3.2	2.4	2.4	3.2
2.304	3.2	3.2	3.2	3.2	2.4
2.306	2.4	1.6	3.2	2.4	3.2
2.308	3.2	2.4	3.2	3.2	3.2
2.31	2.4	2.4	2.4	2.4	3.2
2.312	2.4	2.4	2.4	3.2	2.4
2.314	3.2	3.2	1.6	2.4	2.4
2.316	2.4	3.2	2.4	2.4	2.4
2.318	2.4	2.4	2.4	3.2	2.4
2.32	2.4	2.4	3.2	2.4	3.2
2.322	3.2	3.2	3.2	2.4	2.4
2.324	2.4	3.2	2.4	3.2	3.2
2.326	3.2	3.2	2.4	2.4	3.2
2.328	2.4	3.2	2.4	1.6	2.4
2.33	2.4	2.4	3.2	3.2	3.2
2.332	2.4	2.4	2.4	3.2	3.2
2.334	2.4	2.4	2.4	3.2	2.4
2.336	2.4	3.2	2.4	3.2	2.4
2.338	2.4	3.2	2.4	3.2	3.2
2.34	2.4	1.6	2.4	3.2	2.4
2.342	2.4	2.4	2.4	3.2	3.2
2.344	3.2	2.4	2.4	2.4	2.4
2.346	2.4	2.4	3.2	2.4	2.4
2.348	2.4	2.4	3.2	3.2	2.4
2.35	2.4	2.4	3.2	2.4	2.4
2.352	2.4	2.4	3.2	2.4	3.2
2.354	2.4	3.2	3.2	2.4	3.2
2.356	2.4	3.2	3.2	2.4	2.4
2.358	2.4	2.4	2.4	3.2	2.4
2.36	1.6	3.2	2.4	3.2	2.4
2.362	1.6	2.4	2.4	2.4	2.4
2.364	2.4	2.4	2.4	1.6	3.2
2.366	2.4	3.2	3.2	2.4	2.4
2.368	3.2	2.4	3.2	3.2	2.4
2.37	3.2	4	2.4	3.2	3.2
2.372	1.6	2.4	2.4	2.4	2.4
2.374	3.2	2.4	2.4	1.6	3.2
2.376	2.4	2.4	3.2	2.4	2.4
2.378	3.2	3.2	3.2	3.2	2.4
2.38	3.2	3.2	2.4	2.4	2.4
2.382	2.4	2.4	2.4	2.4	3.2
2.384	3.2	2.4	2.4	3.2	3.2
2.386	3.2	2.4	3.2	2.4	2.4
2.388	3.2	2.4	3.2	2.4	3.2
2.39	2.4	2.4	2.4	2.4	3.2
2.392	2.4	3.2	3.2	3.2	2.4
2.394	2.4	3.2	1.6	2.4	3.2
2.396	2.4	2.4	3.2	3.2	3.2
2.398	2.4	2.4	2.4	2.4	2.4
2.4	3.2	1.6	3.2	3.2	3.2
2.402	3.2	3.2	3.2	3.2	3.2
2.404	1.6	2.4	2.4	2.4	2.4
2.406	2.4	2.4	2.4	2.4	3.2
2.408	3.2	2.4	2.4	3.2	3.2
2.41	3.2	2.4	3.2	2.4	2.4
2.412	3.2	2.4	1.6	2.4	4
2.414	2.4	2.4	3.2	2.4	3.2
2.416	2.4	2.4	2.4	3.2	3.2
2.418	2.4	2.4	3.2	2.4	3.2
2.42	2.4	2.4	3.2	3.2	3.2
2.422	2.4	1.6	3.2	1.6	3.2
2.424	2.4	3.2	2.4	1.6	3.2
2.426	2.4	2.4	3.2	4	2.4
2.428	3.2	2.4	2.4	2.4	2.4
2.43	1.6	3.2	2.4	2.4	2.4
2.432	2.4	2.4	3.2	2.4	2.4
2.434	3.2	3.2	2.4	3.2	3.2
2.436	2.4	2.4	3.2	2.4	2.4
2.438	2.4	3.2	2.4	3.2	3.2
2.44	2.4	3.2	3.2	3.2	2.4
2.442	3.2	2.4	2.4	3.2	3.2
2.444	1.6	2.4	3.2	2.4	3.2
2.446	2.4	2.4	2.4	1.6	3.2
2.448	2.4	2.4	1.6	2.4	2.4
2.45	3.2	2.4	2.4	2.4	2.4
2.452	2.4	3.2	2.4	2.4	2.4
2.454	2.4	2.4	3.2	3.2	2.4
2.456	3.2	2.4	3.2	2.4	2.4
2.458	2.4	2.4	2.4	2.4	3.2
2.46	2.4	3.2	2.4	2.4	2.4
2.462	3.2	2.4	2.4	2.4	2.4
2.464	2.4	2.4	3.2	3.2	2.4
2.466	1.6	2.4	2.4	1.6	2.4
2.468	2.4	3.2	3.2	2.4	3.2
2.47	3.2	2.4	3.2	2.4	2.4
2.472	2.4	3.2	2.4	2.4	3.2
2.474	2.4	2.4	3.2	3.2	3.2
2.476	2.4	2.4	3.2	3.2	2.4
2.478	3.2	3.2	3.2	3.2	2.4
2.48	1.6	3.2	2.4	2.4	2.4
2.482	16	2.4	2.4	2.4	2.4
2.484	17.6	2.4	3.2	2.4	3.2
2.486	16.8	2.4	3.2	3.2	2.4
2.488	17.6	2.4	17.6	2.4	3.2
2.49	17.6	3.2	19.2	3.2	2.4
2.492	17.6	3.2	18.4	3.2	2.4
2.494	16.8	2.4	18.4	3.2	3.2
2.496	16.8	2.4	18.4	2.4	4
2.498	16.8	3.2	18.4	2.4	2.4
2.5	17.6	2.4	18.4	2.4	2.4
2.502	17.6	3.2	19.2	3.2	2.4
2.504	17.6	3.2	18.4	3.2	2.4
2.506	17.6	2.4	18.4	2.4	3.2
2.508	16.8	2.4	19.2	3.2	3.2
2.51	17.6	2.4	19.2	2.4	3.2
2.512	17.6	2.4	19.2	2.4	2.4
2.514	16.8	2.4	17.6	1.6	2.4
2.516	17.6	3.2	18.4	3.2	2.4
2.518	16.8	2.4	17.6	2.4	3.2
2.52	18.4	2.4	17.6	2.4	2.4
2.522	16.8	2.4	19.2	2.4	3.2
2.524	16.8	2.4	18.4	2.4	1.6
2.526	16.8	2.4	19.2	3.2	2.4
2.528	16.8	2.4	17.6	3.2	3.2
2.53	16.8	2.4	18.4	3.2	2.4
2.532	17.6	3.2	18.4	3.2	2.4
2.534	16	3.2	18.4	2.4	3.2
2.536	16.8	3.2	18.4	3.2	4
2.538	16.8	16.8	17.6	3.2	17.6
2.54	17.6	17.6	17.6	3.2	18.4
2.542	16.8	17.6	18.4	2.4	17.6
2.544	17.6	16.8	17.6	2.4	19.2
2.546	16.8	17.6	18.4	2.4	19.2
2.548	17.6	18.4	17.6	2.4	19.2
2.55	16.8	16	17.6	3.2	18.4
2.552	16.8	18.4	17.6	3.2	18.4
2.554	16.8	18.4	17.6	2.4	19.2
2.556	16.8	17.6	17.6	3.2	19.2
2.558	16.8	17.6	18.4	2.4	18.4
2.56	16.8	16.8	18.4	3.2	17.6
2.562	17.6	18.4	16.8	3.2	18.4
2.564	17.6	16.8	17.6	17.6	18.4
2.566	16.8	16.8	18.4	17.6	19.2
2.568	16.8	17.6	17.6	18.4	18.4
2.57	16.8	18.4	18.4	17.6	18.4
2.572	16.8	17.6	17.6	18.4	18.4
2.574	16.8	17.6	17.6	19.2	19.2
2.576	16.8	17.6	18.4	19.2	18.4
2.578	16.8	16.8	18.4	18.4	17.6
2.58	16.8	16.8	19.2	19.2	18.4
2.582	16.8	16.8	17.6	19.2	19.2
2.584	17.6	16	17.6	19.2	19.2
2.586	16.8	17.6	17.6	17.6	19.2
2.588	16.8	16.8	17.6	18.4	17.6
2.59	16.8	17.6	17.6	18.4	19.2
2.592	16.8	17.6	17.6	19.2	17.6
2.594	16.8	17.6	16.8	19.2	18.4
2.596	16.8	16.8	17.6	18.4	18.4
2.598	16.8	16.8	17.6	17.6	19.2
2.6	16.8	16.8	18.4	18.4	18.4
2.602	17.6	16.8	16.8	18.4	18.4
2.604	17.6	16.8	17.6	19.2	17.6
2.606	16.8	16.8	17.6	17.6	17.6
2.608	17.6	16.8	18.4	18.4	16.8
2.61	17.6	16.8	18.4	17.6	18.4
2.612	16.8	16.8	16.8	17.6	18.4
2.614	16.8	16.8	17.6	19.2	17.6
2.616	16.8	16.8	17.6	19.2	17.6
2.618	16.8	16.8	18.4	18.4	18.4
2.62	16	16.8	17.6	17.6	18.4
2.622	16.8	17.6	18.4	18.4	16.8
2.624	16.8	17.6	17.6	18.4	17.6
2.626	16.8	16	17.6	18.4	17.6
2.628	16.8	16.8	18.4	18.4	17.6
2.63	16.8	16.8	17.6	17.6	17.6
2.632	16.8	16.8	19.2	17.6	18.4
2.634	16.8	16.8	16.8	17.6	17.6
2.636	16.8	16.8	18.4	17.6	17.6
2.638	16	16.8	17.6	19.2	17.6
2.64	16	16.8	18.4	18.4	18.4
2.642	16.8	17.6	17.6	18.4	16.8
2.644	16.8	16.8	17.6	18.4	17.6
2.646	16.8	17.6	18.4	17.6	18.4
2.648	16.8	16.8	17.6	18.4	17.6
2.65	17.6	16.8	20	17.6	18.4
2.652	16.8	16.8	18.4	17.6	18.4
2.654	16.8	16.8	18.4	17.6	17.6
2.656	16.8	16.8	17.6	16.8	17.6
2.658	16.8	16.8	18.4	16.8	17.6
2.66	16.8	16.8	18.4	18.4	16.8
2.662	16.8	16.8	18.4	18.4	18.4
2.664	16	16.8	18.4	17.6	18.4
2.666	17.6	17.6	17.6	18.4	17.6
2.668	16.8	17.6	17.6	18.4	17.6
2.67	18.4	16.8	17.6	18.4	18.4
2.672	16.8	16.8	19.2	18.4	19.2
2.674	16.8	16.8	17.6	17.6	18.4
2.676	16.8	16.8	18.4	18.4	17.6
2.678	17.6	16.8	17.6	18.4	18.4
2.68	17.6	16.8	17.6	18.4	18.4
2.682	17.6	16.8	19.2	17.6	18.4
2.684	17.6	17.6	18.4	17.6	17.6
2.686	16.8	16.8	18.4	17.6	17.6
2.688	16.8	18.4	19.2	18.4	18.4
2.69	16.8	17.6	19.2	18.4	18.4
2.692	16.8	16.8	18.4	17.6	17.6
2.694	16.8	16.8	19.2	17.6	17.6
2.696	17.6	16.8	19.2	17.6	17.6
2.698	16.8	16.8	18.4	17.6	18.4
2.7	16.8	17.6	17.6	17.6	19.2
2.702	17.6	17.6	18.4	18.4	18.4
2.704	17.6	17.6	19.2	18.4	18.4
2.706	18.4	16.8	18.4	18.4	17.6
2.708	17.6	17.6	17.6	17.6	17.6
2.71	17.6	17.6	18.4	17.6	18.4
2.712	17.6	17.6	16.8	18.4	18.4
2.714	17.6	16.8	18.4	18.4	18.4
2.716	17.6	16.8	18.4	17.6	17.6
2.718	16.8	16.8	18.4	17.6	18.4
2.72	17.6	16.8	17.6	17.6	18.4
2.722	16	16.8	17.6	18.4	18.4
2.724	16.8	16.8	18.4	17.6	18.4
2.726	17.6	17.6	18.4	18.4	18.4
2.728	16.8	16.8	18.4	18.4	19.2
2.73	17.6	17.6	18.4	17.6	18.4
2.732	17.6	16.8	17.6	18.4	17.6
2.734	17.6	17.6	17.6	16.8	18.4
2.736	16.8	16.8	18.4	17.6	18.4
2.738	17.6	17.6	18.4	19.2	17.6
2.74	17.6	16.8	18.4	17.6	18.4
2.742	17.6	16.8	19.2	18.4	17.6
2.744	17.6	17.6	18.4	18.4	18.4
2.746	18.4	16.8	19.2	18.4	17.6
2.748	16.8	17.6	18.4	17.6	19.2
2.75	17.6	16.8	19.2	17.6	18.4
2.752	16.8	16.8	18.4	18.4	18.4
2.754	17.6	16.8	19.2	17.6	18.4
2.756	16.8	16.8	19.2	18.4	18.4
2.758	17.6	16.8	17.6	17.6	18.4
2.76	16.8	16.8	18.4	18.4	18.4
2.762	17.6	16.8	18.4	18.4	18.4
2.764	17.6	18.4	18.4	18.4	19.2
2.766	17.6	16.8	17.6	17.6	17.6
2.768	17.6	16.8	18.4	18.4	18.4
2.77	16.8	17.6	18.4	18.4	17.6
2.772	17.6	16.8	19.2	17.6	17.6
2.774	16	16.8	18.4	18.4	18.4
2.776	16.8	17.6	19.2	16.8	18.4
2.778	16.8	16.8	19.2	17.6	17.6
2.78	17.6	16.8	17.6	18.4	17.6
2.782	16.8	16.8	17.6	19.2	17.6
2.784	16.8	17.6	18.4	17.6	18.4
2.786	17.6	16.8	18.4	17.6	19.2
2.788	16.8	16.8	18.4	18.4	18.4
2.79	17.6	17.6	17.6	18.4	17.6
2.792	16.8	17.6	19.2	18.4	17.6
2.794	16.8	16.8	18.4	17.6	17.6
2.796	17.6	17.6	18.4	19.2	18.4
2.798	17.6	16.8	18.4	17.6	18.4
2.8	17.6	16.8	18.4	18.4	18.4
2.802	16.8	16.8	18.4	17.6	17.6
2.804	16.8	17.6	18.4	19.2	18.4
2.806	17.6	17.6	18.4	16.8	18.4
2.808	16.8	16.8	17.6	18.4	18.4
2.81	17.6	17.6	18.4	17.6	18.4
2.812	17.6	16.8	17.6	17.6	18.4
2.814	18.4	16.8	19.2	18.4	17.6
2.816	17.6	16.8	18.4	17.6	18.4
2.818	17.6	17.6	19.2	17.6	19.2
2.82	16.8	16.8	17.6	18.4	18.4
2.822	17.6	18.4	19.2	18.4	18.4
2.824	16.8	17.6	17.6	18.4	19.2
2.826	17.6	17.6	18.4	18.4	19.2
2.828	16.8	17.6	18.4	19.2	17.6
2.83	17.6	16	18.4	17.6	18.4
2.832	18.4	17.6	18.4	16.8	18.4
2.834	16.8	16.8	19.2	17.6	18.4
2.836	17.6	16.8	19.2	18.4	18.4
2.838	17.6	17.6	18.4	18.4	19.2
2.84	17.6	17.6	19.2	17.6	18.4
2.842	17.6	16.8	19.2	18.4	19.2
2.844	18.4	19.2	18.4	17.6	17.6
2.846	17.6	16.8	19.2	18.4	18.4
2.848	17.6	16.8	18.4	19.2	17.6
2.85	16.8	16.8	18.4	18.4	17.6
2.852	18.4	16.8	18.4	17.6	19.2
2.854	18.4	17.6	19.2	16.8	17.6
2.856	17.6	17.6	18.4	17.6	17.6
2.858	16.8	16.8	18.4	18.4	18.4
2.86	16.8	17.6	17.6	18.4	18.4
2.862	17.6	18.4	19.2	18.4	18.4
2.864	17.6	16.8	18.4	19.2	17.6
2.866	17.6	17.6	19.2	17.6	19.2
2.868	17.6	16.8	19.2	17.6	18.4
2.87	17.6	17.6	19.2	17.6	19.2
2.872	17.6	17.6	19.2	17.6	19.2
2.874	17.6	17.6	18.4	17.6	18.4
2.876	17.6	17.6	18.4	17.6	17.6
2.878	16.8	16.8	19.2	17.6	18.4
2.88	17.6	16.8	18.4	17.6	19.2
2.882	18.4	16.8	18.4	16.8	18.4
2.884	18.4	16.8	17.6	17.6	18.4
2.886	17.6	16.8	18.4	17.6	18.4
2.888	18.4	16.8	17.6	18.4	19.2
2.89	18.4	17.6	18.4	18.4	19.2
2.892	17.6	16.8	19.2	18.4	16.8
2.894	18.4	17.6	19.2	17.6	16.8
2.896	18.4	18.4	18.4	17.6	18.4
2.898	16.8	17.6	19.2	17.6	18.4
2.9	16.8	16.8	18.4	18.4	19.2
2.902	17.6	17.6	19.2	18.4	19.2
2.904	18.4	16.8	18.4	19.2	17.6
2.906	17.6	17.6	17.6	17.6	17.6
2.908	18.4	16.8	18.4	19.2	18.4
2.91	16.8	17.6	18.4	18.4	19.2
2.912	17.6	16.8	18.4	17.6	18.4
2.914	17.6	17.6	19.2	18.4	19.2
2.916	17.6	17.6	17.6	16.8	17.6
2.918	18.4	16.8	18.4	18.4	18.4
2.92	18.4	16.8	19.2	18.4	19.2
2.922	16.8	16.8	18.4	18.4	19.2
2.924	17.6	17.6	17.6	18.4	19.2
2.926	18.4	17.6	18.4	18.4	18.4
2.928	17.6	16.8	19.2	18.4	19.2
2.93	17.6	16.8	18.4	18.4	18.4
2.932	17.6	17.6	19.2	19.2	19.2
2.934	17.6	17.6	18.4	18.4	19.2
2.936	18.4	17.6	19.2	18.4	18.4
2.938	17.6	16.8	18.4	17.6	18.4
2.94	17.6	17.6	18.4	17.6	18.4
2.942	17.6	16.8	18.4	19.2	19.2
2.944	17.6	17.6	18.4	17.6	17.6
2.946	18.4	16	18.4	18.4	19.2
2.948	17.6	16.8	18.4	19.2	17.6
2.95	17.6	16.8	18.4	19.2	19.2
2.952	17.6	17.6	17.6	18.4	19.2
2.954	17.6	16.8	17.6	18.4	18.4
2.956	17.6	16.8	20.8	17.6	19.2
2.958	17.6	17.6	17.6	19.2	18.4
2.96	17.6	17.6	19.2	18.4	18.4
2.962	16.8	16.8	4.8	19.2	19.2
2.964	17.6	17.6	3.2	18.4	19.2
2.966	17.6	16.8	3.2	18.4	18.4
2.968	17.6	17.6	2.4	19.2	18.4
2.97	17.6	16.8	2.4	18.4	19.2
2.972	17.6	17.6	2.4	16.8	19.2
2.974	17.6	16.8	2.4	18.4	18.4
2.976	18.4	17.6	3.2	18.4	19.2
2.978	18.4	16.8	3.2	18.4	1.6
2.98	17.6	17.6	3.2	18.4	3.2
2.982	16.8	17.6	2.4	18.4	3.2
2.984	17.6	19.2	3.2	18.4	3.2
2.986	16.8	16.8	2.4	17.6	2.4
2.988	17.6	17.6	2.4	19.2	3.2
2.99	18.4	17.6	3.2	18.4	2.4
2.992	18.4	17.6	3.2	17.6	3.2
2.994	17.6	16.8	2.4	3.2	3.2
2.996	17.6	16.8	2.4	2.4	3.2
2.998	17.6	16.8	2.4	3.2	2.4
3	18.4	16.8	2.4	3.2	2.4
3.002	19.2	17.6	1.6	3.2	3.2
3.004	17.6	17.6	3.2	3.2	3.2
3.006	16.8	17.6	3.2	2.4	3.2
3.008	17.6	18.4	2.4	2.4	2.4
3.01	17.6	17.6	3.2	2.4	3.2
3.012	18.4	17.6	2.4	2.4	2.4
3.014	17.6	16.8	2.4	3.2	2.4
3.016	17.6	17.6	2.4	3.2	3.2
3.018	17.6	17.6	2.4	3.2	2.4
3.02	17.6	16.8	3.2	2.4	3.2
3.022	18.4	18.4	2.4	3.2	3.2
3.024	17.6	18.4	3.2	2.4	3.2
3.026	16.8	16.8	2.4	3.2	2.4
3.028	16.8	17.6	3.2	3.2	3.2
3.03	19.2	16.8	2.4	3.2	2.4
3.032	18.4	17.6	3.2	2.4	3.2
3.034	17.6	17.6	3.2	2.4	3.2
3.036	17.6	17.6	2.4	2.4	2.4
3.038	16.8	16.8	2.4	2.4	2.4
3.04	17.6	18.4	3.2	3.2	4
3.042	17.6	17.6	2.4	2.4	3.2
3.044	18.4	17.6	2.4	3.2	3.2
3.046	17.6	17.6	3.2	3.2	3.2
3.048	17.6	18.4	2.4	2.4	2.4
3.05	18.4	16.8	2.4	2.4	3.2
3.052	16.8	18.4	2.4	3.2	2.4
3.054	18.4	17.6	3.2	3.2	3.2
3.056	17.6	16.8	2.4	2.4	3.2
3.058	17.6	17.6	2.4	2.4	3.2
3.06	12.8	16.8	3.2	3.2	2.4
3.062	2.4	16.8	3.2	3.2	1.6
3.064	2.4	18.4	2.4	3.2	3.2
3.066	4.8	16.8	2.4	2.4	3.2
3.068	8	8	3.2	2.4	2.4
3.07	2.4	3.2	2.4	3.2	2.4
3.072	2.4	3.2	2.4	3.2	2.4
3.074	3.2	2.4	3.2	3.2	2.4
3.076	2.4	2.4	2.4	2.4	2.4
3.078	3.2	3.2	3.2	3.2	3.2
3.08	2.4	2.4	0.8	3.2	2.4
3.082	2.4	2.4	3.2	3.2	3.2
3.084	2.4	2.4	2.4	3.2	2.4
3.086	2.4	2.4	2.4	2.4	3.2
3.088	3.2	2.4	3.2	2.4	3.2
3.09	1.6	2.4	2.4	2.4	2.4
3.092	2.4	2.4	3.2	2.4	2.4
3.094	3.2	2.4	3.2	3.2	2.4
3.096	2.4	2.4	2.4	2.4	2.4
3.098	2.4	3.2	2.4	3.2	2.4
3.1	2.4	3.2	2.4	2.4	3.2
3.102	3.2	3.2	2.4	4	3.2
3.104	2.4	3.2	2.4	2.4	3.2
3.106	2.4	2.4	2.4	3.2	3.2
3.108	1.6	3.2	2.4	2.4	3.2
3.11	3.2	3.2	3.2	2.4	3.2
3.112	2.4	3.2	3.2	3.2	3.2
3.114	3.2	2.4	2.4	3.2	3.2
3.116	3.2	2.4	2.4	3.2	3.2
3.118	3.2	2.4	2.4	2.4	3.2
3.12	2.4	3.2	2.4	3.2	2.4
3.122	2.4	3.2	2.4	2.4	2.4
3.124	1.6	2.4	2.4	2.4	2.4
3.126	3.2	3.2	3.2	3.2	2.4
3.128	3.2	2.4	3.2	3.2	4
3.13	3.2	2.4	2.4	2.4	2.4
3.132	2.4	2.4	2.4	2.4	2.4
3.134	1.6	2.4	3.2	2.4	2.4
3.136	2.4	3.2	2.4	2.4	1.6
3.138	2.4	2.4	2.4	3.2	3.2
3.14	2.4	2.4	1.6	2.4	2.4
3.142	1.6	2.4	2.4	2.4	3.2
3.144	2.4	3.2	2.4	3.2	2.4
3.146	2.4	2.4	3.2	3.2	3.2
3.148	2.4	3.2	2.4	3.2	2.4
3.15	2.4	3.2	1.6	2.4	3.2
3.152	2.4	3.2	3.2	2.4	3.2
3.154	2.4	3.2	3.2	2.4	2.4
3.156	2.4	3.2	3.2	2.4	3.2
3.158	1.6	2.4	2.4	3.2	3.2
3.16	2.4	2.4	3.2	2.4	3.2
3.162	2.4	3.2	3.2	2.4	2.4
3.164	2.4	2.4	3.2	2.4	2.4
3.166	3.2	2.4	2.4	3.2	2.4
3.168	2.4	2.4	3.2	3.2	2.4
3.17	3.2	3.2	3.2	1.6	2.4
3.172	2.4	2.4	2.4	3.2	3.2
3.174	3.2	3.2	2.4	2.4	2.4
3.176	2.4	3.2	2.4	2.4	2.4
3.178	3.2	2.4	2.4	2.4	2.4
3.18	2.4	2.4	3.2	2.4	2.4
3.182	3.2	2.4	2.4	3.2	3.2
3.184	2.4	2.4	3.2	3.2	3.2
3.186	3.2	3.2	2.4	4	3.2
3.188	2.4	3.2	1.6	4	2.4
3.19	2.4	3.2	3.2	3.2	3.2
3.192	3.2	1.6	2.4	3.2	3.2
3.194	2.4	3.2	2.4	3.2	3.2
3.196	2.4	2.4	2.4	3.2	2.4
3.198	3.2	3.2	2.4	2.4	2.4
3.2	2.4	2.4	3.2	3.2	2.4
3.202	2.4	3.2	3.2	3.2	2.4
3.204	2.4	3.2	2.4	3.2	3.2
3.206	2.4	2.4	3.2	2.4	2.4
3.208	2.4	2.4	3.2	2.4	2.4
3.21	1.6	2.4	2.4	3.2	2.4
3.212	3.2	3.2	3.2	3.2	3.2
3.214	2.4	2.4	2.4	2.4	2.4
3.216	2.4	2.4	3.2	2.4	2.4
3.218	1.6	2.4	2.4	3.2	0.8
3.22	2.4	2.4	3.2	3.2	2.4
3.222	2.4	2.4	3.2	2.4	3.2
3.224	2.4	3.2	2.4	2.4	3.2
3.226	2.4	3.2	3.2	3.2	3.2
3.228	3.2	2.4	3.2	2.4	3.2
3.23	2.4	2.4	3.2	3.2	2.4
3.232	3.2	2.4	3.2	2.4	2.4
3.234	2.4	2.4	2.4	2.4	3.2
3.236	2.4	2.4	3.2	2.4	2.4
3.238	2.4	3.2	3.2	2.4	2.4
3.24	2.4	2.4	2.4	2.4	2.4
3.242	2.4	2.4	3.2	2.4	2.4
3.244	1.6	3.2	2.4	2.4	2.4
3.246	3.2	2.4	3.2	3.2	3.2
3.248	2.4	3.2	3.2	3.2	2.4
3.25	1.6	3.2	3.2	1.6	2.4
3.252	2.4	2.4	2.4	3.2	0.8
3.254	3.2	3.2	3.2	2.4	3.2
3.256	2.4	3.2	2.4	3.2	3.2
3.258	2.4	2.4	3.2	3.2	3.2
3.26	2.4	3.2	2.4	2.4	2.4
3.262	2.4	3.2	2.4	0.8	3.2
3.264	3.2	3.2	1.6	3.2	1.6
3.266	1.6	3.2	2.4	3.2	3.2
3.268	2.4	2.4	2.4	3.2	2.4
3.27	2.4	2.4	2.4	3.2	2.4
3.272	2.4	2.4	2.4	2.4	3.2
3.274	2.4	2.4	2.4	3.2	3.2
3.276	2.4	2.4	3.2	3.2	2.4
3.278	2.4	2.4	2.4	2.4	2.4
3.28	2.4	2.4	2.4	2.4	3.2
3.282	2.4	2.4	2.4	3.2	3.2
3.284	2.4	2.4	3.2	3.2	3.2
3.286	2.4	2.4	3.2	3.2	3.2
3.288	2.4	2.4	3.2	3.2	3.2
3.29	2.4	2.4	3.2	2.4	3.2
3.292	3.2	3.2	2.4	3.2	2.4
3.294	3.2	3.2	3.2	2.4	3.2
3.296	2.4	2.4	2.4	3.2	3.2
3.298	2.4	3.2	3.2	1.6	3.2
3.3	2.4	2.4	3.2	3.2	2.4
3.302	2.4	3.2	3.2	2.4	2.4
3.304	2.4	3.2	4	2.4	2.4
3.306	3.2	2.4	2.4	3.2	2.4
3.308	3.2	2.4	2.4	1.6	3.2
3.31	2.4	2.4	3.2	3.2	3.2
3.312	2.4	3.2	3.2	3.2	2.4
3.314	2.4	2.4	3.2	3.2	2.4
3.316	2.4	3.2	2.4	3.2	3.2
3.318	2.4	3.2	3.2	3.2	4
3.32	3.2	2.4	2.4	2.4	3.2
3.322	3.2	2.4	2.4	2.4	2.4
3.324	3.2	2.4	2.4	3.2	1.6
3.326	3.2	2.4	2.4	3.2	3.2
3.328	2.4	2.4	2.4	4	3.2
3.33	1.6	2.4	2.4	2.4	3.2
3.332	3.2	2.4	2.4	2.4	1.6
3.334	1.6	2.4	2.4	3.2	3.2
3.336	2.4	3.2	3.2	2.4	2.4
3.338	2.4	2.4	2.4	4	3.2
3.34	1.6	2.4	2.4	2.4	3.2
3.342	3.2	2.4	2.4	3.2	2.4
3.344	2.4	2.4	2.4	2.4	2.4
3.346	1.6	3.2	3.2	3.2	1.6
3.348	3.2	2.4	2.4	3.2	2.4
3.35	2.4	1.6	2.4	2.4	3.2
3.352	2.4	2.4	2.4	2.4	4
3.354	2.4	2.4	3.2	2.4	3.2
3.356	2.4	3.2	3.2	3.2	1.6
3.358	2.4	3.2	1.6	3.2	2.4
3.36	2.4	2.4	2.4	2.4	2.4
3.362	2.4	3.2	3.2	3.2	3.2
3.364	2.4	3.2	2.4	3.2	3.2
3.366	3.2	2.4	2.4	2.4	2.4
3.368	2.4	2.4	2.4	2.4	3.2
3.37	3.2	3.2	3.2	2.4	3.2
3.372	3.2	2.4	2.4	2.4	3.2
3.374	3.2	2.4	3.2	2.4	2.4
3.376	2.4	2.4	2.4	2.4	2.4
3.378	2.4	2.4	2.4	2.4	2.4
3.38	1.6	2.4	3.2	3.2	2.4
3.382	3.2	3.2	3.2	3.2	3.2
3.384	3.2	2.4	2.4	2.4	3.2
3.386	2.4	3.2	2.4	1.6	2.4
3.388	3.2	2.4	3.2	1.6	3.2
3.39	3.2	2.4	3.2	2.4	3.2
3.392	2.4	3.2	3.2	2.4	2.4
3.394	2.4	2.4	2.4	2.4	2.4
3.396	1.6	2.4	2.4	3.2	2.4
3.398	3.2	2.4	3.2	2.4	2.4
3.4	2.4	3.2	3.2	3.2	2.4
3.402	1.6	2.4	3.2	2.4	3.2
3.404	3.2	2.4	3.2	4	3.2
3.406	2.4	3.2	2.4	2.4	3.2
3.408	3.2	2.4	2.4	2.4	2.4
3.41	2.4	2.4	2.4	2.4	3.2
3.412	2.4	2.4	2.4	2.4	1.6
3.414	3.2	2.4	2.4	3.2	2.4
3.416	2.4	2.4	3.2	3.2	3.2
3.418	2.4	3.2	3.2	2.4	2.4
3.42	2.4	2.4	2.4	4	2.4
3.422	2.4	3.2	3.2	2.4	3.2
3.424	2.4	1.6	3.2	4	3.2
3.426	2.4	3.2	2.4	3.2	2.4
3.428	2.4	2.4	0.8	2.4	3.2
3.43	1.6	2.4	2.4	1.6	2.4
3.432	2.4	2.4	2.4	1.6	2.4
3.434	3.2	3.2	3.2	2.4	2.4
3.436	2.4	2.4	3.2	3.2	2.4
3.438	2.4	3.2	3.2	3.2	3.2
3.44	2.4	3.2	2.4	1.6	3.2
3.442	2.4	2.4	3.2	3.2	3.2
3.444	1.6	1.6	3.2	2.4	2.4
3.446	3.2	3.2	2.4	2.4	3.2
3.448	2.4	2.4	2.4	4	3.2
3.45	1.6	2.4	2.4	2.4	2.4
3.452	2.4	2.4	2.4	2.4	3.2
3.454	3.2	2.4	2.4	2.4	2.4
3.456	3.2	3.2	2.4	3.2	2.4
3.458	2.4	2.4	3.2	3.2	3.2
3.46	2.4	2.4	2.4	2.4	3.2
3.462	2.4	2.4	3.2	2.4	2.4
3.464	3.2	3.2	2.4	2.4	2.4
3.466	2.4	2.4	3.2	3.2	3.2
3.468	2.4	3.2	2.4	3.2	2.4
3.47	2.4	2.4	3.2	3.2	2.4
3.472	2.4	2.4	2.4	2.4	3.2
3.474	3.2	3.2	3.2	2.4	2.4
3.476	2.4	2.4	2.4	3.2	2.4
3.478	3.2	2.4	2.4	1.6	2.4
3.48	2.4	2.4	3.2	2.4	2.4
3.482	3.2	2.4	3.2	3.2	3.2
3.484	2.4	2.4	3.2	2.4	3.2
3.486	2.4	2.4	3.2	3.2	2.4
3.488	2.4	2.4	2.4	2.4	2.4
3.49	2.4	3.2	2.4	3.2	3.2
3.492	2.4	2.4	3.2	2.4	2.4
3.494	1.6	3.2	2.4	2.4	2.4
3.496	2.4	2.4	3.2	2.4	3.2
3.498	3.2	3.2	2.4	2.4	2.4
3.5	2.4	3.2	3.2	2.4	2.4
3.502	2.4	2.4	2.4	2.4	3.2
3.504	2.4	2.4	3.2	3.2	3.2
3.506	2.4	3.2	3.2	2.4	1.6
3.508	2.4	2.4	3.2	3.2	3.2
3.51	3.2	3.2	3.2	3.2	2.4
3.512	2.4	2.4	2.4	3.2	2.4
3.514	1.6	2.4	3.2	3.2	2.4
3.516	3.2	2.4	2.4	2.4	3.2
3.518	1.6	2.4	2.4	2.4	3.2
3.52	2.4	3.2	3.2	2.4	2.4
3.522	2.4	3.2	2.4	2.4	4
3.524	2.4	3.2	3.2	3.2	3.2
3.526	1.6	2.4	3.2	2.4	3.2
3.528	2.4	2.4	3.2	2.4	2.4
3.53	3.2	2.4	2.4	3.2	2.4
3.532	3.2	2.4	3.2	2.4	3.2
3.534	1.6	3.2	2.4	3.2	2.4
3.536	3.2	3.2	2.4	2.4	3.2
3.538	2.4	2.4	3.2	3.2	2.4
3.54	3.2	2.4	1.6	2.4	3.2
3.542	2.4	2.4	2.4	3.2	3.2
3.544	2.4	2.4	3.2	3.2	3.2
3.546	2.4	2.4	2.4	2.4	3.2
3.548	2.4	3.2	3.2	2.4	2.4
3.55	1.6	2.4	3.2	2.4	2.4
3.552	2.4	2.4	3.2	3.2	2.4
3.554	3.2	2.4	2.4	2.4	3.2
3.556	3.2	2.4	3.2	3.2	3.2
3.558	2.4	2.4	3.2	2.4	2.4
3.56	3.2	2.4	2.4	3.2	3.2
3.562	3.2	3.2	2.4	2.4	2.4
3.564	2.4	2.4	4	2.4	2.4
3.566	2.4	2.4	2.4	3.2	3.2
3.568	2.4	3.2	3.2	3.2	2.4
3.57	2.4	3.2	3.2	3.2	3.2
3.572	2.4	3.2	2.4	4	2.4
3.574	2.4	4	2.4	2.4	3.2
3.576	3.2	3.2	2.4	2.4	3.2
3.578	2.4	2.4	2.4	2.4	3.2
3.58	2.4	2.4	3.2	3.2	2.4
3.582	2.4	3.2	2.4	3.2	2.4
3.584	2.4	2.4	2.4	2.4	3.2
3.586	2.4	3.2	3.2	2.4	2.4
3.588	3.2	2.4	2.4	2.4	3.2
3.59	2.4	2.4	2.4	3.2	1.6
3.592	2.4	2.4	3.2	2.4	2.4
3.594	1.6	2.4	3.2	2.4	3.2
3.596	3.2	3.2	2.4	2.4	2.4
3.598	2.4	2.4	3.2	2.4	3.2
3.6	3.2	2.4	3.2	3.2	3.2
3.602	2.4	3.2	3.2	2.4	2.4
3.604	2.4	3.2	3.2	2.4	3.2
3.606	3.2	2.4	2.4	2.4	2.4
3.608	3.2	2.4	2.4	2.4	2.4
3.61	2.4	2.4	2.4	3.2	3.2
3.612	2.4	1.6	2.4	3.2	3.2
3.614	2.4	2.4	3.2	3.2	3.2
3.616	2.4	2.4	2.4	2.4	2.4
3.618	2.4	2.4	2.4	3.2	2.4
3.62	2.4	3.2	2.4	2.4	2.4
3.622	2.4	2.4	3.2	2.4	2.4
3.624	2.4	2.4	2.4	3.2	2.4
3.626	2.4	2.4	3.2	2.4	2.4
3.628	2.4	3.2	3.2	3.2	3.2
3.63	3.2	2.4	2.4	2.4	2.4
3.632	3.2	3.2	2.4	3.2	2.4
3.634	2.4	2.4	3.2	2.4	3.2
3.636	3.2	2.4	2.4	3.2	2.4
3.638	2.4	3.2	3.2	2.4	3.2
3.64	3.2	4	3.2	3.2	2.4
3.642	3.2	2.4	3.2	3.2	2.4
3.644	2.4	2.4	2.4	3.2	3.2
3.646	1.6	3.2	2.4	2.4	3.2
3.648	2.4	3.2	2.4	3.2	2.4
3.65	3.2	3.2	3.2	3.2	2.4
3.652	3.2	2.4	2.4	2.4	3.2
3.654	2.4	2.4	3.2	3.2	2.4
3.656	2.4	2.4	3.2	3.2	2.4
3.658	2.4	2.4	2.4	3.2	2.4
3.66	3.2	3.2	2.4	2.4	2.4
3.662	2.4	2.4	3.2	2.4	3.2
3.664	2.4	3.2	2.4	2.4	2.4
3.666	3.2	2.4	3.2	3.2	2.4
3.668	2.4	2.4	2.4	2.4	2.4
3.67	1.6	2.4	3.2	3.2	2.4
3.672	2.4	2.4	2.4	3.2	3.2
3.674	3.2	2.4	3.2	3.2	2.4
3.676	2.4	3.2	3.2	3.2	2.4
3.678	2.4	2.4	2.4	3.2	3.2
3.68	3.2	2.4	3.2	2.4	2.4
3.682	1.6	2.4	3.2	2.4	3.2
3.684	2.4	2.4	3.2	2.4	2.4
3.686	2.4	4	3.2	3.2	2.4
3.688	2.4	3.2	2.4	3.2	2.4
3.69	3.2	2.4	3.2	2.4	2.4
3.692	2.4	2.4	2.4	3.2	2.4
3.694	2.4	3.2	3.2	3.2	3.2
3.696	2.4	3.2	3.2	3.2	3.2
3.698	2.4	2.4	3.2	3.2	3.2
3.7	3.2	2.4	2.4	2.4	2.4
3.702	2.4	2.4	2.4	2.4	3.2
3.704	2.4	2.4	2.4	3.2	2.4
3.706	3.2	3.2	2.4	3.2	2.4
3.708	2.4	3.2	3.2	2.4	2.4
3.71	3.2	3.2	2.4	3.2	2.4
3.712	2.4	2.4	3.2	2.4	3.2
3.714	2.4	2.4	2.4	3.2	3.2
3.716	3.2	3.2	2.4	2.4	3.2
3.718	2.4	2.4	4	2.4	3.2
3.72	3.2	2.4	3.2	2.4	2.4
3.722	2.4	2.4	2.4	2.4	2.4
3.724	3.2	2.4	3.2	1.6	1.6
3.726	3.2	2.4	3.2	2.4	3.2
3.728	2.4	2.4	3.2	2.4	2.4
3.73	2.4	3.2	2.4	3.2	3.2
3.732	1.6	2.4	2.4	2.4	2.4
3.734	2.4	2.4	2.4	3.2	2.4
3.736	2.4	2.4	4	3.2	3.2
3.738	2.4	2.4	2.4	2.4	2.4
3.74	3.2	3.2	2.4	3.2	3.2
3.742	2.4	3.2	2.4	3.2	2.4
3.744	3.2	2.4	2.4	2.4	2.4
3.746	3.2	2.4	3.2	2.4	3.2
3.748	3.2	3.2	2.4	3.2	3.2
3.75	2.4	3.2	3.2	2.4	2.4
3.752	2.4	2.4	3.2	2.4	2.4
3.754	3.2	2.4	2.4	2.4	2.4
3.756	2.4	2.4	2.4	3.2	2.4
3.758	3.2	2.4	2.4	2.4	3.2
3.76	1.6	2.4	4	2.4	2.4
3.762	2.4	3.2	3.2	2.4	3.2
3.764	3.2	3.2	2.4	3.2	2.4
3.766	3.2	2.4	2.4	2.4	3.2
3.768	4	3.2	3.2	2.4	2.4
3.77	2.4	3.2	2.4	2.4	3.2
3.772	2.4	3.2	2.4	1.6	2.4
3.774	2.4	2.4	4	2.4	2.4
3.776	2.4	2.4	2.4	1.6	2.4
3.778	2.4	3.2	2.4	2.4	2.4
3.78	3.2	3.2	2.4	2.4	3.2
3.782	2.4	2.4	1.6	3.2	2.4
3.784	2.4	2.4	2.4	2.4	4
3.786	2.4	3.2	3.2	3.2	2.4
3.788	3.2	2.4	2.4	3.2	3.2
3.79	3.2	1.6	2.4	3.2	3.2
3.792	2.4	2.4	2.4	3.2	3.2
3.794	2.4	2.4	3.2	3.2	2.4
3.796	1.6	3.2	2.4	2.4	2.4
3.798	2.4	2.4	2.4	2.4	2.4
3.8	2.4	3.2	3.2	3.2	2.4
3.802	2.4	2.4	3.2	2.4	3.2
3.804	1.6	2.4	2.4	3.2	2.4
3.806	2.4	3.2	2.4	2.4	3.2
3.808	3.2	2.4	2.4	2.4	2.4
3.81	2.4	2.4	3.2	2.4	2.4
3.812	4	2.4	2.4	3.2	3.2
3.814	2.4	2.4	2.4	2.4	3.2
3.816	2.4	2.4	2.4	2.4	3.2
3.818	2.4	2.4	2.4	2.4	2.4
3.82	2.4	3.2	2.4	2.4	2.4
3.822	2.4	3.2	2.4	2.4	2.4
3.824	2.4	3.2	3.2	2.4	3.2
3.826	2.4	2.4	3.2	3.2	2.4
3.828	3.2	3.2	3.2	2.4	2.4
3.83	2.4	3.2	3.2	3.2	3.2
3.832	2.4	2.4	2.4	3.2	3.2
3.834	3.2	2.4	2.4	2.4	2.4
3.836	2.4	2.4	2.4	4	2.4
3.838	2.4	2.4	3.2	2.4	2.4
3.84	3.2	3.2	3.2	3.2	2.4
3.842	3.2	2.4	3.2	3.2	2.4
3.844	3.2	2.4	3.2	2.4	3.2
3.846	2.4	2.4	3.2	3.2	3.2
3.848	2.4	3.2	2.4	2.4	3.2
3.85	3.2	3.2	2.4	2.4	3.2
3.852	2.4	3.2	2.4	2.4	2.4
3.854	3.2	2.4	2.4	3.2	3.2
3.856	1.6	3.2	3.2	3.2	2.4
3.858	3.2	4	2.4	2.4	3.2
3.86	3.2	3.2	2.4	2.4	3.2
3.862	2.4	4	3.2	3.2	3.2
3.864	2.4	2.4	2.4	3.2	2.4
3.866	2.4	2.4	3.2	4	3.2
3.868	3.2	2.4	3.2	3.2	3.2
3.87	2.4	3.2	3.2	2.4	2.4
3.872	3.2	3.2	3.2	3.2	2.4
3.874	2.4	2.4	2.4	2.4	2.4
3.876	2.4	3.2	3.2	2.4	2.4
3.878	3.2	2.4	3.2	3.2	3.2
3.88	2.4	2.4	2.4	3.2	2.4
3.882	4	2.4	2.4	2.4	3.2
3.884	3.2	2.4	2.4	3.2	2.4
3.886	2.4	3.2	3.2	2.4	3.2
3.888	3.2	3.2	3.2	3.2	3.2
3.89	2.4	2.4	2.4	2.4	3.2
3.892	2.4	2.4	3.2	2.4	2.4
3.894	2.4	2.4	2.4	2.4	3.2
3.896	3.2	2.4	2.4	3.2	2.4
3.898	2.4	2.4	2.4	3.2	3.2
3.9	2.4	3.2	3.2	3.2	3.2
3.902	2.4	2.4	2.4	3.2	2.4
3.904	3.2	3.2	1.6	3.2	2.4
3.906	2.4	2.4	3.2	3.2	3.2
3.908	2.4	3.2	3.2	3.2	3.2
3.91	2.4	2.4	2.4	3.2	3.2
3.912	3.2	3.2	2.4	3.2	3.2
3.914	3.2	2.4	2.4	3.2	2.4
3.916	3.2	3.2	3.2	2.4	1.6
3.918	2.4	3.2	2.4	2.4	1.6
3.92	2.4	2.4	3.2	3.2	0.8
3.922	2.4	2.4	3.2	3.2	3.2
3.924	1.6	3.2	3.2	3.2	3.2
3.926	3.2	2.4	2.4	2.4	2.4
3.928	2.4	3.2	3.2	1.6	3.2
3.93	3.2	3.2	3.2	2.4	4
3.932	1.6	1.6	2.4	4	4
3.934	1.6	3.2	2.4	3.2	2.4
3.936	3.2	3.2	3.2	2.4	2.4
3.938	1.6	3.2	3.2	1.6	2.4
3.94	3.2	2.4	3.2	3.2	2.4
3.942	2.4	2.4	2.4	2.4	2.4
3.944	1.6	3.2	2.4	3.2	3.2
3.946	3.2	2.4	2.4	3.2	2.4
3.948	3.2	2.4	2.4	2.4	2.4
3.95	2.4	2.4	3.2	2.4	3.2
3.952	2.4	2.4	3.2	1.6	3.2
3.954	2.4	2.4	3.2	3.2	2.4
3.956	2.4	2.4	3.2	3.2	3.2
3.958	3.2	3.2	1.6	2.4	3.2
3.96	2.4	3.2	2.4	2.4	2.4
3.962	2.4	3.2	3.2	2.4	3.2
3.964	2.4	2.4	2.4	3.2	2.4
3.966	2.4	2.4	3.2	4	2.4
3.968	3.2	2.4	2.4	3.2	2.4
3.97	3.2	2.4	2.4	2.4	2.4
3.972	2.4	3.2	1.6	2.4	3.2
3.974	2.4	2.4	2.4	2.4	2.4
3.976	2.4	3.2	3.2	3.2	3.2
3.978	3.2	2.4	2.4	2.4	3.2
3.98	2.4	2.4	3.2	2.4	2.4
3.982	3.2	3.2	2.4	4	2.4
3.984	2.4	2.4	2.4	2.4	3.2
3.986	2.4	3.2	3.2	2.4	3.2
3.988	1.6	2.4	3.2	2.4	2.4
3.99	3.2	3.2	2.4	3.2	2.4
3.992	1.6	3.2	2.4	3.2	2.4
3.994	2.4	2.4	2.4	4	2.4
3.996	3.2	2.4	2.4	3.2	3.2
3.998	3.2	2.4	2.4	2.4	2.4
4	2.4	3.2	2.4	3.2	2.4
4.002	2.4	2.4	2.4	2.4	2.4
4.004	2.4	0.8	3.2	3.2	3.2
4.006	0.8	3.2	2.4	2.4	2.4
4.008	3.2	2.4	2.4	2.4	2.4
4.01	2.4	2.4	3.2	2.4	3.2
4.012	2.4	3.2	2.4	4	3.2
4.014	1.6	2.4	2.4	3.2	3.2
4.016	2.4	2.4	3.2	3.2	2.4
4.018	2.4	3.2	2.4	3.2	3.2
4.02	3.2	2.4	2.4	2.4	3.2
4.022	2.4	2.4	2.4	2.4	2.4
4.024	2.4	3.2	2.4	3.2	3.2
4.026	2.4	2.4	2.4	2.4	2.4
4.028	3.2	2.4	2.4	2.4	3.2
4.03	3.2	3.2	2.4	3.2	2.4
4.032	2.4	2.4	3.2	2.4	3.2
4.034	2.4	2.4	2.4	3.2	3.2
4.036	2.4	2.4	3.2	3.2	3.2
4.038	2.4	3.2	3.2	3.2	2.4
4.04	2.4	1.6	2.4	2.4	3.2
4.042	2.4	2.4	3.2	2.4	2.4
4.044	2.4	2.4	3.2	3.2	2.4
4.046	2.4	2.4	1.6	3.2	2.4
4.048	2.4	3.2	3.2	2.4	3.2
4.05	2.4	3.2	2.4	2.4	2.4
4.052	3.2	2.4	2.4	2.4	2.4
4.054	3.2	1.6	2.4	3.2	4
4.056	3.2	3.2	2.4	3.2	3.2
4.058	2.4	3.2	2.4	3.2	3.2
4.06	2.4	2.4	3.2	3.2	2.4
4.062	2.4	2.4	2.4	2.4	3.2
4.064	3.2	2.4	2.4	3.2	1.6
4.066	3.2	3.2	3.2	2.4	3.2
4.068	2.4	2.4	3.2	2.4	3.2
4.07	2.4	3.2	3.2	3.2	3.2
4.072	2.4	3.2	3.2	2.4	1.6
4.074	3.2	2.4	3.2	2.4	2.4
4.076	2.4	2.4	3.2	2.4	3.2
4.078	2.4	2.4	2.4	2.4	3.2
4.08	3.2	2.4	2.4	3.2	2.4
4.082	2.4	3.2	2.4	3.2	2.4
4.084	3.2	2.4	2.4	2.4	3.2
4.086	2.4	2.4	2.4	3.2	2.4
4.088	2.4	2.4	3.2	3.2	2.4
4.09	2.4	3.2	2.4	3.2	2.4
4.092	2.4	3.2	2.4	2.4	3.2
4.094	2.4	2.4	2.4	3.2	2.4
4.096	2.4	3.2	3.2	3.2	3.2
4.098	2.4	3.2	3.2	3.2	2.4
4.1	2.4	3.2	3.2	4	2.4
4.102	1.6	2.4	3.2	3.2	2.4
4.104	3.2	3.2	3.2	2.4	2.4
4.106	3.2	2.4	3.2	2.4	3.2
4.108	3.2	3.2	2.4	3.2	2.4
4.11	3.2	2.4	3.2	3.2	3.2
4.112	2.4	3.2	2.4	3.2	3.2
4.114	2.4	3.2	2.4	3.2	2.4
4.116	2.4	3.2	2.4	2.4	3.2
4.118	2.4	3.2	3.2	3.2	2.4
4.12	2.4	2.4	2.4	4	3.2
4.122	3.2	2.4	2.4	3.2	2.4
4.124	3.2	2.4	2.4	3.2	2.4
4.126	1.6	3.2	3.2	2.4	2.4
4.128	2.4	3.2	0.8	3.2	3.2
4.13	3.2	2.4	3.2	3.2	3.2
4.132	3.2	2.4	2.4	3.2	3.2
4.134	3.2	2.4	2.4	2.4	2.4
4.136	2.4	3.2	1.6	3.2	3.2
4.138	2.4	3.2	2.4	3.2	3.2
4.14	3.2	2.4	3.2	3.2	4
4.142	3.2	2.4	2.4	2.4	3.2
4.144	2.4	2.4	3.2	2.4	3.2
4.146	1.6	3.2	3.2	3.2	3.2
4.148	2.4	2.4	2.4	3.2	2.4
4.15	2.4	2.4	3.2	3.2	3.2
4.152	3.2	3.2	3.2	3.2	3.2
4.154	2.4	2.4	3.2	2.4	2.4
4.156	2.4	2.4	2.4	4	3.2
4.158	2.4	3.2	2.4	3.2	2.4
4.16	2.4	3.2	2.4	2.4	3.2
4.162	3.2	2.4	3.2	3.2	2.4
4.164	3.2	2.4	2.4	2.4	3.2
4.166	2.4	3.2	3.2	3.2	3.2
4.168	3.2	3.2	3.2	2.4	3.2
4.17	1.6	3.2	2.4	3.2	2.4
4.172	3.2	3.2	2.4	2.4	2.4
4.174	2.4	2.4	2.4	2.4	2.4
4.176	2.4	2.4	2.4	2.4	3.2
4.178	2.4	3.2	3.2	2.4	2.4
4.18	3.2	3.2	3.2	3.2	2.4
4.182	2.4	3.2	3.2	2.4	2.4
4.184	2.4	3.2	2.4	2.4	3.2
4.186	2.4	3.2	3.2	3.2	2.4
4.188	3.2	2.4	3.2	2.4	2.4
4.19	2.4	2.4	2.4	3.2	2.4
4.192	3.2	2.4	3.2	2.4	3.2
4.194	3.2	1.6	3.2	3.2	2.4
4.196	2.4	3.2	3.2	2.4	3.2
4.198	2.4	2.4	2.4	3.2	2.4
4.2	2.4	3.2	2.4	2.4	3.2
4.202	2.4	2.4	3.2	3.2	3.2
4.204	2.4	3.2	2.4	3.2	2.4
4.206	2.4	3.2	2.4	2.4	4
4.208	3.2	2.4	3.2	1.6	3.2
4.21	2.4	1.6	2.4	3.2	3.2
4.212	2.4	2.4	2.4	2.4	1.6
4.214	2.4	2.4	2.4	3.2	2.4
4.216	3.2	2.4	3.2	2.4	2.4
4.218	3.2	3.2	2.4	3.2	2.4
4.22	2.4	2.4	4	1.6	2.4
4.222	2.4	2.4	2.4	3.2	3.2
4.224	2.4	2.4	2.4	3.2	2.4
4.226	2.4	1.6	2.4	3.2	3.2
4.228	2.4	2.4	2.4	3.2	3.2
4.23	2.4	2.4	3.2	2.4	3.2
4.232	1.6	2.4	2.4	2.4	3.2
4.234	2.4	2.4	2.4	2.4	2.4
4.236	2.4	2.4	3.2	3.2	2.4
4.238	2.4	2.4	3.2	3.2	3.2
4.24	2.4	3.2	3.2	3.2	2.4
4.242	2.4	3.2	2.4	3.2	3.2
4.244	2.4	2.4	3.2	2.4	3.2
4.246	2.4	3.2	2.4	3.2	3.2
4.248	2.4	3.2	2.4	2.4	2.4
4.25	2.4	3.2	2.4	3.2	2.4
4.252	3.2	3.2	3.2	2.4	3.2
4.254	1.6	2.4	2.4	2.4	2.4
4.256	1.6	2.4	3.2	2.4	4
4.258	3.2	2.4	2.4	3.2	3.2
4.26	2.4	2.4	3.2	2.4	2.4
4.262	3.2	2.4	2.4	3.2	2.4
4.264	3.2	2.4	3.2	2.4	3.2
4.266	2.4	2.4	2.4	2.4	3.2
4.268	3.2	2.4	3.2	2.4	3.2
4.27	2.4	2.4	2.4	3.2	4
4.272	2.4	2.4	3.2	3.2	3.2
4.274	2.4	3.2	2.4	2.4	2.4
4.276	3.2	2.4	2.4	3.2	2.4
4.278	2.4	2.4	2.4	3.2	3.2
4.28	2.4	2.4	2.4	3.2	2.4
4.282	2.4	3.2	1.6	2.4	3.2
4.284	2.4	2.4	3.2	3.2	2.4
4.286	3.2	2.4	2.4	2.4	3.2
4.288	2.4	2.4	2.4	2.4	3.2
4.29	2.4	2.4	3.2	2.4	2.4
4.292	2.4	2.4	2.4	2.4	3.2
4.294	2.4	3.2	3.2	3.2	2.4
4.296	3.2	3.2	2.4	3.2	3.2
4.298	2.4	2.4	2.4	2.4	3.2
4.3	2.4	2.4	2.4	3.2	3.2
4.302	2.4	2.4	2.4	3.2	2.4
4.304	2.4	2.4	3.2	2.4	2.4
4.306	3.2	3.2	3.2	2.4	2.4
4.308	3.2	3.2	3.2	3.2	3.2
4.31	2.4	2.4	3.2	3.2	2.4
4.312	2.4	2.4	3.2	3.2	2.4
4.314	2.4	2.4	2.4	3.2	3.2
4.316	2.4	2.4	2.4	2.4	3.2
4.318	1.6	2.4	2.4	2.4	3.2
4.32	2.4	2.4	3.2	3.2	3.2
4.322	2.4	3.2	2.4	2.4	2.4
4.324	2.4	3.2	3.2	3.2	3.2
4.326	2.4	3.2	3.2	4	2.4
4.328	3.2	3.2	3.2	2.4	2.4
4.33	2.4	2.4	3.2	2.4	2.4
4.332	1.6	2.4	3.2	3.2	3.2
4.334	3.2	2.4	3.2	2.4	1.6
4.336	2.4	2.4	3.2	2.4	3.2
4.338	3.2	3.2	2.4	3.2	2.4
4.34	2.4	3.2	2.4	3.2	2.4
4.342	2.4	2.4	3.2	3.2	3.2
4.344	1.6	2.4	2.4	3.2	3.2
4.346	2.4	2.4	3.2	2.4	3.2
4.348	2.4	1.6	3.2	3.2	2.4
4.35	3.2	3.2	3.2	3.2	2.4
4.352	1.6	2.4	2.4	3.2	3.2
4.354	1.6	2.4	2.4	3.2	3.2
4.356	3.2	3.2	2.4	2.4	2.4
4.358	3.2	2.4	2.4	2.4	3.2
4.36	3.2	4	3.2	2.4	3.2
4.362	4	3.2	2.4	3.2	3.2
4.364	2.4	2.4	3.2	3.2	3.2
4.366	2.4	2.4	3.2	2.4	3.2
4.368	3.2	2.4	3.2	3.2	4
4.37	3.2	2.4	3.2	3.2	3.2
4.372	3.2	3.2	3.2	3.2	2.4
4.374	2.4	3.2	2.4	3.2	2.4
4.376	2.4	2.4	3.2	3.2	2.4
4.378	2.4	2.4	3.2	2.4	3.2
4.38	3.2	2.4	3.2	2.4	2.4
4.382	2.4	2.4	2.4	2.4	2.4
4.384	3.2	3.2	3.2	3.2	3.2
4.386	3.2	3.2	1.6	3.2	2.4
4.388	3.2	3.2	2.4	2.4	2.4
4.39	3.2	1.6	3.2	2.4	2.4
4.392	3.2	2.4	3.2	3.2	2.4
4.394	3.2	2.4	2.4	2.4	3.2
4.396	3.2	3.2	3.2	2.4	2.4
4.398	2.4	3.2	3.2	3.2	1.6
4.4	1.6	1.6	2.4	2.4	2.4
4.402	2.4	2.4	3.2	2.4	2.4
4.404	2.4	2.4	2.4	3.2	3.2
4.406	3.2	2.4	2.4	3.2	2.4
4.408	2.4	2.4	1.6	1.6	2.4
4.41	2.4	2.4	2.4	3.2	2.4
4.412	2.4	3.2	2.4	2.4	3.2
4.414	1.6	1.6	3.2	2.4	2.4
4.416	2.4	2.4	2.4	3.2	2.4
4.418	2.4	3.2	3.2	2.4	2.4
4.42	2.4	2.4	3.2	3.2	2.4
4.422	3.2	3.2	2.4	3.2	2.4
4.424	1.6	3.2	3.2	3.2	2.4
4.426	3.2	3.2	3.2	2.4	2.4
4.428	1.6	2.4	3.2	3.2	3.2
4.43	2.4	2.4	2.4	3.2	2.4
4.432	2.4	2.4	2.4	2.4	2.4
4.434	2.4	3.2	3.2	3.2	3.2
4.436	2.4	3.2	2.4	3.2	2.4
4.438	2.4	2.4	2.4	3.2	3.2
4.44	2.4	2.4	2.4	3.2	3.2
4.442	2.4	3.2	3.2	3.2	3.2
4.444	2.4	3.2	2.4	2.4	3.2
4.446	3.2	2.4	3.2	3.2	3.2
4.448	2.4	2.4	3.2	3.2	3.2
4.45	2.4	2.4	3.2	2.4	2.4
4.452	3.2	2.4	3.2	2.4	2.4
4.454	3.2	3.2	3.2	2.4	2.4
4.456	2.4	2.4	2.4	2.4	3.2
4.458	1.6	2.4	3.2	3.2	2.4
4.46	2.4	3.2	2.4	2.4	3.2
4.462	3.2	3.2	3.2	4	4
4.464	2.4	3.2	3.2	2.4	2.4
4.466	2.4	3.2	2.4	2.4	3.2
4.468	2.4	2.4	2.4	3.2	3.2
4.47	1.6	2.4	2.4	3.2	2.4
4.472	2.4	2.4	2.4	4	3.2
4.474	2.4	3.2	2.4	2.4	3.2
4.476	2.4	2.4	3.2	2.4	3.2
4.478	2.4	3.2	2.4	3.2	3.2
4.48	2.4	2.4	3.2	2.4	3.2
4.482	1.6	3.2	2.4	3.2	3.2
4.484	2.4	3.2	3.2	2.4	2.4
4.486	3.2	3.2	2.4	3.2	3.2
4.488	2.4	2.4	3.2	2.4	3.2
4.49	3.2	2.4	3.2	3.2	3.2
4.492	2.4	2.4	3.2	3.2	3.2
4.494	3.2	3.2	3.2	3.2	2.4
4.496	3.2	2.4	2.4	2.4	3.2
4.498	2.4	3.2	2.4	2.4	3.2
4.5	3.2	2.4	3.2	3.2	2.4
4.502	2.4	2.4	2.4	2.4	1.6
4.504	2.4	2.4	3.2	3.2	3.2
4.506	2.4	2.4	2.4	2.4	3.2
4.508	3.2	2.4	2.4	2.4	2.4
4.51	2.4	2.4	2.4	2.4	2.4
4.512	2.4	2.4	2.4	2.4	2.4
4.514	1.6	3.2	3.2	3.2	3.2
4.516	2.4	3.2	3.2	3.2	2.4
4.518	2.4	2.4	2.4	3.2	2.4
4.52	2.4	2.4	2.4	2.4	2.4
4.522	2.4	2.4	4	3.2	3.2
4.524	3.2	2.4	2.4	3.2	2.4
4.526	2.4	3.2	3.2	4	3.2
4.528	2.4	2.4	2.4	4	2.4
4.53	3.2	2.4	3.2	2.4	3.2
4.532	2.4	2.4	2.4	2.4	3.2
4.534	2.4	3.2	3.2	3.2	3.2
4.536	2.4	3.2	2.4	2.4	2.4
4.538	3.2	3.2	3.2	3.2	3.2
4.54	2.4	2.4	2.4	2.4	3.2
4.542	1.6	2.4	2.4	3.2	2.4
4.544	2.4	3.2	3.2	3.2	2.4
4.546	2.4	2.4	3.2	2.4	3.2
4.548	2.4	3.2	3.2	2.4	3.2
4.55	3.2	2.4	3.2	2.4	3.2
4.552	1.6	3.2	2.4	3.2	3.2
4.554	3.2	3.2	2.4	3.2	3.2
4.556	2.4	3.2	2.4	4	2.4
4.558	3.2	3.2	4	2.4	2.4
4.56	2.4	3.2	3.2	3.2	3.2
4.562	2.4	2.4	3.2	2.4	2.4
4.564	3.2	2.4	2.4	3.2	3.2
4.566	2.4	3.2	1.6	2.4	3.2
4.568	2.4	2.4	2.4	3.2	2.4
4.57	3.2	3.2	4	3.2	3.2
4.572	2.4	2.4	2.4	2.4	3.2
4.574	2.4	2.4	3.2	2.4	3.2
4.576	2.4	3.2	2.4	2.4	3.2
4.578	2.4	3.2	2.4	2.4	3.2
4.58	2.4	3.2	2.4	3.2	2.4
4.582	2.4	3.2	2.4	3.2	2.4
4.584	3.2	3.2	2.4	1.6	2.4
4.586	3.2	2.4	3.2	3.2	3.2
4.588	2.4	3.2	2.4	3.2	3.2
4.59	2.4	2.4	4	0.8	2.4
4.592	1.6	3.2	2.4	3.2	2.4
4.594	2.4	2.4	3.2	2.4	2.4
4.596	3.2	2.4	2.4	2.4	3.2
4.598	2.4	3.2	2.4	2.4	2.4
4.6	2.4	2.4	3.2	3.2	2.4
4.602	2.4	3.2	3.2	2.4	3.2
4.604	2.4	3.2	3.2	3.2	3.2
4.606	3.2	2.4	2.4	3.2	2.4
4.608	2.4	2.4	1.6	3.2	2.4
4.61	4	3.2	2.4	2.4	3.2
4.612	1.6	2.4	3.2	3.2	4
4.614	2.4	2.4	2.4	2.4	2.4
4.616	2.4	3.2	3.2	3.2	3.2
4.618	3.2	2.4	3.2	1.6	3.2
4.62	2.4	2.4	2.4	2.4	3.2
4.622	2.4	2.4	2.4	3.2	3.2
4.624	2.4	3.2	3.2	2.4	3.2
4.626	2.4	2.4	2.4	3.2	2.4
4.628	2.4	2.4	3.2	2.4	3.2
4.63	2.4	2.4	3.2	2.4	2.4
4.632	2.4	2.4	2.4	2.4	3.2
4.634	2.4	2.4	1.6	3.2	2.4
4.636	2.4	1.6	3.2	4	3.2
4.638	3.2	2.4	3.2	3.2	2.4
4.64	2.4	3.2	3.2	3.2	1.6
4.642	2.4	4	3.2	2.4	2.4
4.644	2.4	3.2	2.4	2.4	3.2
4.646	3.2	3.2	2.4	2.4	3.2
4.648	1.6	3.2	3.2	2.4	3.2
4.65	2.4	2.4	2.4	3.2	2.4
4.652	2.4	2.4	3.2	2.4	2.4
4.654	2.4	3.2	3.2	3.2	2.4
4.656	2.4	3.2	3.2	-102.4	3.2
4.658	2.4	4	2.4	-102.4	3.2
4.66	2.4	3.2	3.2	-102.4	3.2
4.662	2.4	2.4	3.2	-102.4	3.2
4.664	3.2	2.4	3.2	-102.4	2.4
4.666	2.4	2.4	3.2	-102.4	2.4
4.668	2.4	3.2	2.4	-102.4	-102.4
4.67	2.4	3.2	3.2	-102.4	-102.4
4.672	2.4	1.6	2.4	-102.4	-102.4
4.674	2.4	3.2	2.4	-102.4	-102.4
4.676	3.2	3.2	2.4	-102.4	-102.4
4.678	2.4	2.4	3.2	-102.4	-102.4
4.68	1.6	3.2	2.4	-102.4	-102.4
4.682	3.2	2.4	3.2	-102.4	-102.4
4.684	2.4	2.4	2.4	-102.4	-102.4
4.686	3.2	3.2	3.2	-102.4	-102.4
4.688	3.2	2.4	3.2	-102.4	-102.4
4.69	2.4	3.2	2.4	-102.4	-102.4
4.692	3.2	3.2	3.2	-102.4	-102.4
4.694	2.4	2.4	3.2	-102.4	-102.4
4.696	2.4	2.4	3.2	-102.4	-102.4
4.698	2.4	2.4	2.4	-102.4	-102.4
4.7	2.4	2.4	3.2	-102.4	-102.4
4.702	2.4	3.2	4	-102.4	-102.4
4.704	2.4	3.2	3.2	-102.4	-102.4
4.706	2.4	2.4	3.2	-102.4	-102.4
4.708	1.6	3.2	2.4	-102.4	-102.4
4.71	2.4	2.4	2.4	-102.4	-102.4
4.712	3.2	3.2	3.2	-102.4	-102.4
4.714	2.4	2.4	2.4	-102.4	-102.4
4.716	2.4	2.4	3.2	-102.4	-102.4
4.718	2.4	3.2	3.2	-102.4	-102.4
4.72	2.4	2.4	2.4	-102.4	-102.4
4.722	3.2	2.4	2.4	-102.4	-102.4
4.724	3.2	3.2	3.2	-102.4	-102.4
4.726	2.4	3.2	3.2	-102.4	-102.4
4.728	2.4	1.6	3.2	-102.4	-102.4
4.73	2.4	3.2	3.2	-102.4	-102.4
4.732	3.2	3.2	2.4	-102.4	-102.4
4.734	3.2	3.2	2.4	-102.4	-102.4
4.736	3.2	2.4	2.4	-102.4	-102.4
4.738	2.4	2.4	3.2	-102.4	-102.4
4.74	2.4	3.2	2.4	-102.4	-102.4
4.742	3.2	3.2	3.2	-102.4	-102.4
4.744	3.2	2.4	2.4	-102.4	-102.4
4.746	3.2	3.2	3.2	-102.4	-102.4
4.748	3.2	3.2	3.2	-102.4	-102.4
4.75	3.2	2.4	2.4	-102.4	-102.4
4.752	3.2	2.4	2.4	-102.4	-102.4
4.754	3.2	2.4	3.2	-102.4	-102.4
4.756	2.4	3.2	3.2	-102.4	-102.4
4.758	2.4	2.4	2.4	-102.4	-102.4
4.76	2.4	2.4	2.4	-102.4	-102.4
4.762	2.4	3.2	2.4	-102.4	-102.4
4.764	2.4	2.4	3.2	-102.4	-102.4
4.766	3.2	2.4	3.2	-102.4	-102.4
4.768	1.6	2.4	2.4	-102.4	-102.4
4.77	3.2	3.2	2.4	-102.4	-102.4
4.772	3.2	3.2	4	-102.4	-102.4
4.774	1.6	2.4	2.4	-102.4	-102.4
4.776	2.4	2.4	2.4	-102.4	-102.4
4.778	2.4	2.4	2.4	-102.4	-102.4
4.78	2.4	3.2	3.2	-102.4	-102.4
4.782	3.2	2.4	2.4	-102.4	-102.4
4.784	2.4	1.6	3.2	-102.4	-102.4
4.786	3.2	2.4	2.4	-102.4	-102.4
4.788	2.4	3.2	2.4	-102.4	-102.4
4.79	1.6	2.4	3.2	-102.4	-102.4
4.792	2.4	3.2	3.2	-102.4	-102.4
4.794	3.2	2.4	2.4	-102.4	-102.4
4.796	2.4	2.4	2.4	-102.4	-102.4
4.798	2.4	3.2	2.4	-102.4	-102.4
4.8	2.4	3.2	3.2	-102.4	-102.4
4.802	2.4	3.2	2.4	-102.4	-102.4
4.804	3.2	2.4	2.4	-102.4	-102.4
4.806	2.4	2.4	3.2	-102.4	-102.4
4.808	2.4	1.6	2.4	-102.4	-102.4
4.81	2.4	2.4	2.4	-102.4	-102.4
4.812	2.4	3.2	2.4	-102.4	-102.4
4.814	3.2	2.4	3.2	-102.4	-102.4
4.816	2.4	2.4	3.2	-102.4	-102.4
4.818	2.4	3.2	3.2	-102.4	-102.4
4.82	3.2	3.2	2.4	-102.4	-102.4
4.822	2.4	3.2	3.2	-102.4	-102.4
4.824	2.4	3.2	3.2	-102.4	-102.4
4.826	1.6	2.4	2.4	-102.4	-102.4
4.828	2.4	2.4	3.2	-102.4	-102.4
4.83	2.4	3.2	2.4	-102.4	-102.4
4.832	2.4	2.4	3.2	-102.4	-102.4
4.834	1.6	2.4	3.2	-102.4	-102.4
4.836	2.4	3.2	2.4	-102.4	-102.4
4.838	2.4	2.4	3.2	-102.4	-102.4
4.84	3.2	3.2	2.4	-102.4	-102.4
4.842	2.4	2.4	2.4	-102.4	-102.4
4.844	1.6	2.4	3.2	-102.4	-102.4
4.846	3.2	2.4	3.2	-102.4	-102.4
4.848	2.4	3.2	2.4	-102.4	-102.4
4.85	3.2	3.2	2.4	-102.4	-102.4
4.852	3.2	2.4	3.2	-102.4	-102.4
4.854	3.2	3.2	2.4	-102.4	-102.4
4.856	2.4	2.4	1.6	-102.4	-102.4
4.858	2.4	2.4	2.4	-102.4	-102.4
4.86	2.4	2.4	1.6	-102.4	-102.4
4.862	3.2	2.4	3.2	-102.4	-102.4
4.864	2.4	2.4	3.2	-102.4	-102.4
4.866	2.4	3.2	3.2	-102.4	-102.4
4.868	2.4	2.4	2.4	-102.4	-102.4
4.87	3.2	2.4	2.4	-102.4	-102.4
4.872	3.2	2.4	2.4	-102.4	-102.4
4.874	2.4	-102.4	3.2	-102.4	-102.4
4.876	2.4	-102.4	3.2	-102.4	-102.4
4.878	3.2	-102.4	3.2	-102.4	-102.4
4.88	2.4	-102.4	3.2	-102.4	-102.4
4.882	2.4	-102.4	3.2	-102.4	-102.4
4.884	3.2	-102.4	2.4	-102.4	-102.4
4.886	3.2	-102.4	3.2	-102.4	-102.4
4.888	2.4	-102.4	3.2	-102.4	-102.4
4.89	3.2	-102.4	2.4	-102.4	-102.4
4.892	2.4	-102.4	3.2	-102.4	-102.4
4.894	2.4	-102.4	3.2	-102.4	-102.4
4.896	1.6	-102.4	2.4	-102.4	-102.4
4.898	2.4	-102.4	2.4	-102.4	-102.4
4.9	2.4	-102.4	2.4	-102.4	-102.4
4.902	2.4	-102.4	3.2	-102.4	-102.4
4.904	2.4	-102.4	3.2	-102.4	-102.4
4.906	2.4	-102.4	2.4	-102.4	-102.4
4.908	0.8	-102.4	2.4	-102.4	-102.4
4.91	1.6	-102.4	3.2	-102.4	-102.4
4.912	3.2	-102.4	3.2	-102.4	-102.4
4.914	3.2	-102.4	2.4	-102.4	-102.4
4.916	2.4	-102.4	2.4	-102.4	-102.4
4.918	2.4	-102.4	2.4	-102.4	-102.4
4.92	2.4	-102.4	3.2	-102.4	-102.4
4.922	2.4	-102.4	2.4	-102.4	-102.4
4.924	3.2	-102.4	3.2	-102.4	-102.4
4.926	3.2	-102.4	2.4	-102.4	-102.4
4.928	3.2	-102.4	2.4	-102.4	-102.4
4.93	1.6	-102.4	2.4	-102.4	-102.4
4.932	2.4	-102.4	3.2	-102.4	-102.4
4.934	2.4	-102.4	2.4	-102.4	-102.4
4.936	2.4	-102.4	3.2	-102.4	-102.4
4.938	2.4	-102.4	3.2	-102.4	-102.4
4.94	2.4	-102.4	2.4	-102.4	-102.4
4.942	2.4	-102.4	2.4	-102.4	-102.4
4.944	2.4	-102.4	3.2	-102.4	-102.4
4.946	2.4	-102.4	3.2	-102.4	-102.4
4.948	2.4	-102.4	3.2	-102.4	-102.4
4.95	1.6	-102.4	2.4	-102.4	-102.4
4.952	4	-102.4	3.2	-102.4	-102.4
4.954	3.2	-102.4	3.2	-102.4	-102.4
4.956	3.2	-102.4	2.4	-102.4	-102.4
4.958	2.4	-102.4	2.4	-102.4	-102.4
4.96	3.2	-102.4	2.4	-102.4	-102.4
4.962	2.4	-102.4	3.2	-102.4	-102.4
4.964	2.4	-102.4	2.4	-102.4	-102.4
4.966	2.4	-102.4	2.4	-102.4	-102.4
4.968	2.4	-102.4	3.2	-102.4	-102.4
4.97	2.4	-102.4	3.2	-102.4	-102.4
4.972	3.2	-102.4	2.4	-102.4	-102.4
4.974	2.4	-102.4	2.4	-102.4	-102.4
4.976	3.2	-102.4	2.4	-102.4	-102.4
4.978	2.4	-102.4	4	-102.4	-102.4
4.98	2.4	-102.4	2.4	-102.4	-102.4
4.982	2.4	-102.4	3.2	-102.4	-102.4
4.984	2.4	-102.4	2.4	-102.4	-102.4
4.986	2.4	-102.4	3.2	-102.4	-102.4
4.988	3.2	-102.4	3.2	-102.4	-102.4
4.99	2.4	-102.4	3.2	-102.4	-102.4
4.992	3.2	-102.4	3.2	-102.4	-102.4
4.994	3.2	-102.4	3.2	-102.4	-102.4
4.996	2.4	-102.4	2.4	-102.4	-102.4
4.998	2.4	-102.4	3.2	-102.4	-102.4
