Time	1st	2nd	3rd	4th	5th
0	-102.4	-102.4	3.2	-102.4	3.2
0.002	-102.4	-102.4	4	-102.4	1.6
0.004	-102.4	-102.4	2.4	-102.4	2.4
0.006	-102.4	-102.4	3.2	-102.4	3.2
0.008	-102.4	-102.4	2.4	-102.4	3.2
0.01	-102.4	-102.4	3.2	-102.4	3.2
0.012	-102.4	-102.4	3.2	-102.4	3.2
0.014	-102.4	-102.4	2.4	-102.4	2.4
0.016	-102.4	-102.4	2.4	-102.4	3.2
0.018	-102.4	-102.4	3.2	-102.4	2.4
0.02	-102.4	-102.4	1.6	-102.4	2.4
0.022	-102.4	-102.4	3.2	-102.4	3.2
0.024	-102.4	-102.4	2.4	-102.4	3.2
0.026	-102.4	-102.4	2.4	-102.4	3.2
0.028	-102.4	-102.4	3.2	-102.4	3.2
0.03	-102.4	-102.4	3.2	-102.4	3.2
0.032	-102.4	-102.4	2.4	-102.4	2.4
0.034	-102.4	-102.4	2.4	-102.4	2.4
0.036	-102.4	-102.4	3.2	-102.4	3.2
0.038	-102.4	-102.4	3.2	-102.4	3.2
0.04	-102.4	-102.4	3.2	-102.4	-102.4
0.042	-102.4	-102.4	3.2	-102.4	-102.4
0.044	-102.4	-102.4	3.2	-102.4	-102.4
0.046	-102.4	-102.4	3.2	-102.4	-102.4
0.048	-102.4	-102.4	2.4	-102.4	-102.4
0.05	-102.4	-102.4	3.2	-102.4	-102.4
0.052	-102.4	-102.4	2.4	-102.4	-102.4
0.054	-102.4	-102.4	2.4	-102.4	-102.4
0.056	-102.4	-102.4	3.2	-102.4	-102.4
0.058	-102.4	-102.4	3.2	-102.4	-102.4
0.06	-102.4	-102.4	4	-102.4	-102.4
0.062	-102.4	-102.4	1.6	-102.4	-102.4
0.064	-102.4	-102.4	3.2	-102.4	-102.4
0.066	-102.4	-102.4	3.2	-102.4	-102.4
0.068	-102.4	-102.4	3.2	-102.4	-102.4
0.07	-102.4	-102.4	2.4	-102.4	-102.4
0.072	-102.4	-102.4	3.2	-102.4	-102.4
0.074	-102.4	-102.4	1.6	-102.4	-102.4
0.076	-102.4	-102.4	1.6	-102.4	-102.4
0.078	-102.4	-102.4	2.4	-102.4	-102.4
0.08	-102.4	-102.4	2.4	-102.4	-102.4
0.082	-102.4	-102.4	3.2	-102.4	-102.4
0.084	-102.4	-102.4	2.4	-102.4	-102.4
0.086	-102.4	-102.4	3.2	-102.4	-102.4
0.088	-102.4	-102.4	2.4	-102.4	-102.4
0.09	-102.4	-102.4	2.4	-102.4	-102.4
0.092	-102.4	-102.4	2.4	-102.4	-102.4
0.094	-102.4	-102.4	2.4	-102.4	-102.4
0.096	-102.4	-102.4	2.4	-102.4	-102.4
0.098	-102.4	-102.4	2.4	-102.4	-102.4
0.1	-102.4	-102.4	3.2	-102.4	-102.4
0.102	-102.4	-102.4	3.2	-102.4	-102.4
0.104	-102.4	-102.4	2.4	-102.4	-102.4
0.106	-102.4	-102.4	3.2	-102.4	-102.4
0.108	-102.4	-102.4	3.2	-102.4	-102.4
0.11	-102.4	-102.4	1.6	-102.4	-102.4
0.112	4	-102.4	3.2	-102.4	-102.4
0.114	3.2	-102.4	2.4	-102.4	-102.4
0.116	5.6	-102.4	3.2	-102.4	-102.4
0.118	4	-102.4	3.2	-102.4	-102.4
0.12	3.2	-102.4	3.2	-102.4	-102.4
0.122	3.2	-102.4	2.4	-102.4	-102.4
0.124	3.2	-102.4	3.2	-102.4	-102.4
0.126	3.2	-102.4	2.4	-102.4	-102.4
0.128	4	-102.4	2.4	-102.4	-102.4
0.13	4	-102.4	3.2	-102.4	-102.4
0.132	3.2	-102.4	2.4	-102.4	-102.4
0.134	3.2	-102.4	2.4	-102.4	-102.4
0.136	3.2	-102.4	1.6	-102.4	-102.4
0.138	3.2	-102.4	2.4	-102.4	-102.4
0.14	4	-102.4	1.6	-102.4	-102.4
0.142	4	-102.4	3.2	-102.4	-102.4
0.144	3.2	-102.4	2.4	-102.4	-102.4
0.146	3.2	-102.4	3.2	-102.4	-102.4
0.148	3.2	-102.4	3.2	-102.4	-102.4
0.15	3.2	-102.4	3.2	-102.4	-102.4
0.152	3.2	-102.4	2.4	-102.4	-102.4
0.154	3.2	-102.4	3.2	-102.4	-102.4
0.156	4	-102.4	3.2	-102.4	-102.4
0.158	4	-102.4	3.2	-102.4	-102.4
0.16	4	-102.4	3.2	-102.4	-102.4
0.162	3.2	-102.4	2.4	-102.4	-102.4
0.164	4	-102.4	1.6	-102.4	-102.4
0.166	4	-102.4	2.4	-102.4	-102.4
0.168	4	-102.4	3.2	-102.4	-102.4
0.17	3.2	-102.4	2.4	-102.4	-102.4
0.172	3.2	-102.4	2.4	-102.4	-102.4
0.174	3.2	-102.4	3.2	-102.4	-102.4
0.176	3.2	-102.4	2.4	-102.4	-102.4
0.178	3.2	-102.4	2.4	-102.4	-102.4
0.18	3.2	-102.4	2.4	-102.4	-102.4
0.182	4	-102.4	2.4	-102.4	-102.4
0.184	4	-102.4	2.4	-102.4	-102.4
0.186	2.4	-102.4	2.4	-102.4	-102.4
0.188	4	-102.4	2.4	-102.4	-102.4
0.19	3.2	-102.4	3.2	-102.4	-102.4
0.192	4	-102.4	2.4	-102.4	-102.4
0.194	4	-102.4	3.2	-102.4	-102.4
0.196	2.4	-102.4	2.4	-102.4	-102.4
0.198	3.2	-102.4	3.2	-102.4	-102.4
0.2	3.2	-102.4	2.4	-102.4	-102.4
0.202	4	-102.4	2.4	-102.4	-102.4
0.204	3.2	-102.4	3.2	-102.4	-102.4
0.206	3.2	-102.4	1.6	-102.4	-102.4
0.208	3.2	-102.4	3.2	-102.4	-102.4
0.21	3.2	-102.4	4	-102.4	-102.4
0.212	3.2	-102.4	2.4	-102.4	-102.4
0.214	4	-102.4	3.2	-102.4	-102.4
0.216	3.2	-102.4	3.2	-102.4	-102.4
0.218	4	-102.4	2.4	-102.4	-102.4
0.22	3.2	-102.4	2.4	-102.4	-102.4
0.222	4	-102.4	3.2	-102.4	-102.4
0.224	3.2	-102.4	2.4	-102.4	-102.4
0.226	4	-102.4	2.4	-102.4	-102.4
0.228	3.2	-102.4	2.4	-102.4	-102.4
0.23	3.2	-102.4	3.2	-102.4	-102.4
0.232	4	-102.4	3.2	-102.4	-102.4
0.234	3.2	-102.4	2.4	-102.4	-102.4
0.236	3.2	-102.4	3.2	-102.4	-102.4
0.238	3.2	-102.4	1.6	-102.4	-102.4
0.24	4	-102.4	3.2	-102.4	-102.4
0.242	3.2	-102.4	2.4	-102.4	-102.4
0.244	4.8	-102.4	3.2	-102.4	-102.4
0.246	3.2	-102.4	3.2	3.2	-102.4
0.248	3.2	-102.4	3.2	3.2	-102.4
0.25	4	-102.4	3.2	3.2	-102.4
0.252	3.2	-102.4	3.2	3.2	-102.4
0.254	4	-102.4	2.4	1.6	-102.4
0.256	4	-102.4	2.4	3.2	-102.4
0.258	4	-102.4	2.4	3.2	-102.4
0.26	3.2	-102.4	2.4	3.2	-102.4
0.262	3.2	-102.4	3.2	4	-102.4
0.264	3.2	-102.4	3.2	2.4	-102.4
0.266	3.2	-102.4	4	3.2	-102.4
0.268	3.2	-102.4	2.4	3.2	-102.4
0.27	3.2	-102.4	2.4	4	-102.4
0.272	3.2	-102.4	2.4	2.4	-102.4
0.274	3.2	-102.4	2.4	2.4	-102.4
0.276	3.2	-102.4	2.4	3.2	-102.4
0.278	3.2	-102.4	3.2	3.2	-102.4
0.28	3.2	-102.4	3.2	3.2	-102.4
0.282	3.2	-102.4	3.2	2.4	-102.4
0.284	4	-102.4	2.4	2.4	-102.4
0.286	3.2	-102.4	1.6	3.2	-102.4
0.288	3.2	-102.4	2.4	3.2	-102.4
0.29	3.2	-102.4	2.4	3.2	-102.4
0.292	3.2	-102.4	3.2	3.2	-102.4
0.294	3.2	-102.4	2.4	3.2	-102.4
0.296	3.2	-102.4	2.4	2.4	-102.4
0.298	3.2	-102.4	3.2	2.4	-102.4
0.3	3.2	-102.4	1.6	3.2	-102.4
0.302	3.2	-102.4	2.4	3.2	-102.4
0.304	3.2	-102.4	2.4	3.2	-102.4
0.306	3.2	-102.4	3.2	3.2	-102.4
0.308	4	-102.4	2.4	2.4	-102.4
0.31	3.2	-102.4	3.2	3.2	-102.4
0.312	2.4	-102.4	3.2	2.4	-102.4
0.314	3.2	-102.4	2.4	2.4	-102.4
0.316	3.2	-102.4	2.4	3.2	-102.4
0.318	4	-102.4	-102.4	2.4	-102.4
0.32	3.2	-102.4	-102.4	3.2	-102.4
0.322	3.2	-102.4	-102.4	3.2	-102.4
0.324	3.2	-102.4	-102.4	3.2	-102.4
0.326	4	-102.4	-102.4	2.4	-102.4
0.328	4	-102.4	-102.4	3.2	-102.4
0.33	3.2	-102.4	-102.4	3.2	-102.4
0.332	3.2	-102.4	-102.4	2.4	-102.4
0.334	3.2	-102.4	-102.4	3.2	-102.4
0.336	3.2	-102.4	-102.4	2.4	-102.4
0.338	4	-102.4	-102.4	3.2	-102.4
0.34	3.2	-102.4	-102.4	2.4	-102.4
0.342	3.2	-102.4	-102.4	3.2	-102.4
0.344	3.2	-102.4	-102.4	2.4	-102.4
0.346	4	-102.4	-102.4	3.2	-102.4
0.348	3.2	-102.4	-102.4	2.4	-102.4
0.35	3.2	-102.4	-102.4	2.4	-102.4
0.352	3.2	-102.4	-102.4	2.4	-102.4
0.354	3.2	-102.4	-102.4	1.6	-102.4
0.356	3.2	-102.4	-102.4	3.2	-102.4
0.358	4	-102.4	-102.4	2.4	-102.4
0.36	4	-102.4	-102.4	3.2	-102.4
0.362	3.2	-102.4	-102.4	2.4	-102.4
0.364	3.2	-102.4	-102.4	2.4	-102.4
0.366	3.2	-102.4	-102.4	3.2	-102.4
0.368	3.2	-102.4	-102.4	2.4	-102.4
0.37	3.2	-102.4	-102.4	2.4	-102.4
0.372	3.2	-102.4	-102.4	2.4	-102.4
0.374	4	-102.4	-102.4	3.2	-102.4
0.376	2.4	-102.4	-102.4	3.2	-102.4
0.378	3.2	-102.4	-102.4	2.4	-102.4
0.38	3.2	-102.4	-102.4	3.2	-102.4
0.382	2.4	-102.4	-102.4	3.2	-102.4
0.384	3.2	-102.4	-102.4	3.2	-102.4
0.386	3.2	-102.4	-102.4	3.2	-102.4
0.388	3.2	-102.4	-102.4	3.2	-102.4
0.39	3.2	-102.4	-102.4	2.4	-102.4
0.392	3.2	-102.4	-102.4	3.2	-102.4
0.394	3.2	-102.4	-102.4	3.2	-102.4
0.396	3.2	-102.4	-102.4	2.4	-102.4
0.398	4	-102.4	-102.4	4	-102.4
0.4	4	-102.4	-102.4	2.4	-102.4
0.402	4	-102.4	-102.4	2.4	-102.4
0.404	4	-102.4	-102.4	2.4	-102.4
0.406	3.2	-102.4	-102.4	3.2	-102.4
0.408	3.2	-102.4	-102.4	3.2	-102.4
0.41	4	-102.4	-102.4	1.6	-102.4
0.412	3.2	-102.4	-102.4	2.4	-102.4
0.414	3.2	-102.4	-102.4	2.4	-102.4
0.416	3.2	-102.4	-102.4	3.2	-102.4
0.418	4	-102.4	-102.4	4	-102.4
0.42	3.2	-102.4	-102.4	3.2	-102.4
0.422	3.2	-102.4	-102.4	2.4	-102.4
0.424	3.2	-102.4	-102.4	2.4	-102.4
0.426	4	-102.4	-102.4	3.2	-102.4
0.428	3.2	-102.4	-102.4	3.2	-102.4
0.43	4	3.2	-102.4	3.2	-102.4
0.432	3.2	3.2	-102.4	2.4	-102.4
0.434	3.2	3.2	-102.4	2.4	-102.4
0.436	4	3.2	-102.4	3.2	-102.4
0.438	3.2	3.2	-102.4	2.4	-102.4
0.44	3.2	3.2	-102.4	0.8	-102.4
0.442	3.2	2.4	-102.4	3.2	-102.4
0.444	3.2	3.2	-102.4	1.6	-102.4
0.446	3.2	3.2	-102.4	3.2	-102.4
0.448	3.2	3.2	-102.4	3.2	-102.4
0.45	4	4	-102.4	3.2	-102.4
0.452	3.2	2.4	-102.4	4	-102.4
0.454	3.2	2.4	-102.4	3.2	-102.4
0.456	3.2	2.4	-102.4	3.2	-102.4
0.458	4	4	-102.4	3.2	-102.4
0.46	4	2.4	-102.4	3.2	-102.4
0.462	3.2	2.4	-102.4	2.4	-102.4
0.464	2.4	2.4	-102.4	3.2	-102.4
0.466	3.2	2.4	-102.4	2.4	-102.4
0.468	3.2	2.4	-102.4	3.2	-102.4
0.47	3.2	2.4	-102.4	2.4	-102.4
0.472	4	4	-102.4	3.2	-102.4
0.474	4	2.4	-102.4	1.6	-102.4
0.476	3.2	3.2	-102.4	3.2	-102.4
0.478	4	2.4	-102.4	3.2	-102.4
0.48	3.2	3.2	-102.4	3.2	-102.4
0.482	4	2.4	-102.4	3.2	-102.4
0.484	3.2	2.4	-102.4	3.2	-102.4
0.486	3.2	2.4	-102.4	2.4	-102.4
0.488	3.2	2.4	-102.4	3.2	-102.4
0.49	3.2	2.4	-102.4	3.2	-102.4
0.492	4	2.4	-102.4	3.2	-102.4
0.494	4	3.2	-102.4	2.4	-102.4
0.496	3.2	2.4	-102.4	3.2	-102.4
0.498	3.2	2.4	-102.4	4	-102.4
0.5	3.2	2.4	-102.4	3.2	-102.4
0.502	3.2	3.2	-102.4	3.2	-102.4
0.504	4	3.2	-102.4	1.6	-102.4
0.506	3.2	3.2	-102.4	3.2	-102.4
0.508	3.2	4	-102.4	2.4	-102.4
0.51	3.2	3.2	-102.4	2.4	-102.4
0.512	3.2	3.2	-102.4	3.2	-102.4
0.514	4	3.2	-102.4	1.6	-102.4
0.516	3.2	2.4	-102.4	3.2	-102.4
0.518	4	3.2	-102.4	3.2	-102.4
0.52	3.2	2.4	-102.4	3.2	-102.4
0.522	3.2	3.2	-102.4	4	-102.4
0.524	3.2	2.4	-102.4	1.6	-102.4
0.526	3.2	3.2	-102.4	3.2	-102.4
0.528	2.4	3.2	-102.4	2.4	-102.4
0.53	3.2	1.6	-102.4	3.2	-102.4
0.532	4	3.2	-102.4	3.2	-102.4
0.534	3.2	3.2	-102.4	3.2	-102.4
0.536	3.2	3.2	-102.4	2.4	-102.4
0.538	2.4	3.2	-102.4	1.6	3.2
0.54	3.2	2.4	-102.4	2.4	2.4
0.542	3.2	2.4	-102.4	3.2	3.2
0.544	3.2	2.4	-102.4	3.2	3.2
0.546	4	2.4	-102.4	3.2	2.4
0.548	3.2	2.4	-102.4	3.2	2.4
0.55	3.2	3.2	-102.4	3.2	2.4
0.552	3.2	3.2	-102.4	3.2	2.4
0.554	3.2	3.2	-102.4	3.2	2.4
0.556	3.2	3.2	-102.4	3.2	2.4
0.558	3.2	1.6	-102.4	2.4	3.2
0.56	4	3.2	-102.4	2.4	3.2
0.562	3.2	3.2	-102.4	3.2	3.2
0.564	3.2	2.4	-102.4	3.2	3.2
0.566	4	3.2	-102.4	4	2.4
0.568	4	2.4	-102.4	3.2	2.4
0.57	3.2	3.2	-102.4	3.2	3.2
0.572	2.4	2.4	-102.4	1.6	3.2
0.574	3.2	2.4	-102.4	3.2	2.4
0.576	3.2	3.2	-102.4	3.2	3.2
0.578	3.2	2.4	-102.4	2.4	2.4
0.58	3.2	2.4	-102.4	3.2	3.2
0.582	3.2	2.4	-102.4	3.2	2.4
0.584	3.2	3.2	-102.4	3.2	3.2
0.586	3.2	3.2	-102.4	3.2	2.4
0.588	3.2	2.4	-102.4	2.4	3.2
0.59	4	3.2	-102.4	3.2	3.2
0.592	3.2	2.4	-102.4	2.4	3.2
0.594	3.2	3.2	-102.4	2.4	3.2
0.596	4	4	-102.4	2.4	2.4
0.598	3.2	2.4	-102.4	3.2	2.4
0.6	3.2	1.6	-102.4	3.2	2.4
0.602	3.2	2.4	-102.4	2.4	3.2
0.604	3.2	2.4	-102.4	2.4	2.4
0.606	3.2	3.2	-102.4	3.2	2.4
0.608	3.2	3.2	-102.4	3.2	2.4
0.61	4	4	-102.4	3.2	2.4
0.612	3.2	3.2	-102.4	3.2	3.2
0.614	3.2	3.2	-102.4	2.4	3.2
0.616	4	3.2	-102.4	3.2	2.4
0.618	3.2	2.4	-102.4	2.4	2.4
0.62	2.4	2.4	-102.4	2.4	2.4
0.622	4	2.4	-102.4	3.2	2.4
0.624	4	4	-102.4	2.4	2.4
0.626	3.2	1.6	-102.4	4	3.2
0.628	3.2	2.4	-102.4	2.4	2.4
0.63	2.4	3.2	-102.4	3.2	3.2
0.632	3.2	2.4	-102.4	2.4	2.4
0.634	3.2	0.8	-102.4	3.2	2.4
0.636	3.2	3.2	-102.4	2.4	3.2
0.638	3.2	4	-102.4	2.4	3.2
0.64	3.2	3.2	-102.4	2.4	2.4
0.642	3.2	1.6	-102.4	3.2	4
0.644	3.2	3.2	-102.4	3.2	3.2
0.646	4	2.4	-102.4	2.4	3.2
0.648	3.2	4	-102.4	3.2	3.2
0.65	3.2	2.4	-102.4	2.4	3.2
0.652	3.2	2.4	-102.4	3.2	3.2
0.654	3.2	2.4	-102.4	3.2	2.4
0.656	3.2	3.2	-102.4	2.4	1.6
0.658	4	3.2	-102.4	3.2	2.4
0.66	4	3.2	-102.4	3.2	2.4
0.662	3.2	4	-102.4	3.2	2.4
0.664	3.2	3.2	-102.4	3.2	2.4
0.666	3.2	3.2	-102.4	2.4	2.4
0.668	4	3.2	-102.4	3.2	2.4
0.67	4	4	-102.4	3.2	3.2
0.672	3.2	3.2	-102.4	2.4	2.4
0.674	4	3.2	-102.4	2.4	3.2
0.676	3.2	3.2	-102.4	2.4	2.4
0.678	3.2	2.4	-102.4	2.4	2.4
0.68	3.2	2.4	-102.4	4	3.2
0.682	3.2	3.2	-102.4	2.4	2.4
0.684	3.2	2.4	-102.4	3.2	3.2
0.686	3.2	2.4	-102.4	2.4	3.2
0.688	3.2	2.4	-102.4	3.2	3.2
0.69	3.2	2.4	-102.4	1.6	3.2
0.692	2.4	3.2	-102.4	2.4	2.4
0.694	4	3.2	-102.4	3.2	2.4
0.696	4	2.4	-102.4	2.4	3.2
0.698	3.2	2.4	-102.4	3.2	3.2
0.7	3.2	3.2	-102.4	2.4	3.2
0.702	3.2	2.4	-102.4	3.2	2.4
0.704	3.2	3.2	-102.4	2.4	3.2
0.706	3.2	3.2	-102.4	4	3.2
0.708	4	3.2	-102.4	3.2	2.4
0.71	3.2	2.4	-102.4	2.4	3.2
0.712	3.2	3.2	-102.4	3.2	3.2
0.714	2.4	2.4	-102.4	2.4	2.4
0.716	3.2	2.4	-102.4	3.2	3.2
0.718	3.2	2.4	-102.4	3.2	4
0.72	4	2.4	-102.4	3.2	3.2
0.722	3.2	3.2	-102.4	3.2	3.2
0.724	3.2	2.4	-102.4	3.2	2.4
0.726	3.2	3.2	-102.4	3.2	3.2
0.728	2.4	2.4	-102.4	3.2	2.4
0.73	3.2	2.4	-102.4	3.2	3.2
0.732	3.2	2.4	-102.4	4	4
0.734	3.2	3.2	-102.4	2.4	2.4
0.736	3.2	2.4	-102.4	3.2	3.2
0.738	3.2	2.4	-102.4	4	2.4
0.74	4	2.4	-102.4	3.2	3.2
0.742	4	3.2	-102.4	3.2	2.4
0.744	3.2	3.2	-102.4	2.4	3.2
0.746	3.2	3.2	-102.4	2.4	3.2
0.748	3.2	2.4	-102.4	2.4	2.4
0.75	3.2	2.4	-102.4	3.2	2.4
0.752	3.2	3.2	-102.4	3.2	3.2
0.754	3.2	3.2	-102.4	2.4	3.2
0.756	3.2	2.4	-102.4	3.2	3.2
0.758	3.2	2.4	-102.4	2.4	2.4
0.76	3.2	3.2	-102.4	3.2	3.2
0.762	4	3.2	-102.4	2.4	3.2
0.764	3.2	2.4	-102.4	3.2	4
0.766	3.2	3.2	-102.4	3.2	2.4
0.768	4	2.4	-102.4	3.2	3.2
0.77	3.2	2.4	-102.4	3.2	3.2
0.772	2.4	3.2	-102.4	2.4	2.4
0.774	4	3.2	-102.4	3.2	3.2
0.776	2.4	3.2	-102.4	3.2	3.2
0.778	2.4	2.4	-102.4	2.4	3.2
0.78	2.4	3.2	-102.4	2.4	2.4
0.782	3.2	3.2	-102.4	2.4	3.2
0.784	3.2	3.2	-102.4	3.2	2.4
0.786	2.4	2.4	-102.4	2.4	3.2
0.788	3.2	3.2	-102.4	2.4	2.4
0.79	3.2	2.4	-102.4	2.4	3.2
0.792	4	3.2	-102.4	3.2	3.2
0.794	3.2	3.2	-102.4	2.4	2.4
0.796	3.2	3.2	-102.4	3.2	3.2
0.798	2.4	2.4	-102.4	2.4	2.4
0.8	3.2	3.2	-102.4	3.2	2.4
0.802	3.2	3.2	-102.4	2.4	3.2
0.804	3.2	2.4	-102.4	1.6	2.4
0.806	3.2	3.2	-102.4	2.4	3.2
0.808	3.2	2.4	-102.4	2.4	2.4
0.81	3.2	3.2	-102.4	3.2	2.4
0.812	3.2	3.2	-102.4	2.4	3.2
0.814	3.2	3.2	-102.4	3.2	3.2
0.816	3.2	2.4	3.2	2.4	3.2
0.818	4	3.2	2.4	3.2	3.2
0.82	3.2	1.6	2.4	1.6	3.2
0.822	3.2	3.2	3.2	2.4	3.2
0.824	3.2	2.4	3.2	2.4	2.4
0.826	2.4	3.2	2.4	3.2	3.2
0.828	2.4	3.2	3.2	2.4	3.2
0.83	3.2	2.4	3.2	3.2	2.4
0.832	3.2	4	3.2	2.4	3.2
0.834	3.2	2.4	3.2	3.2	3.2
0.836	4	3.2	2.4	2.4	2.4
0.838	2.4	4	3.2	2.4	3.2
0.84	3.2	3.2	3.2	2.4	3.2
0.842	3.2	2.4	2.4	1.6	2.4
0.844	3.2	3.2	2.4	3.2	2.4
0.846	2.4	4	3.2	3.2	2.4
0.848	2.4	2.4	2.4	2.4	3.2
0.85	2.4	2.4	3.2	3.2	2.4
0.852	3.2	2.4	2.4	3.2	2.4
0.854	3.2	0.8	2.4	3.2	3.2
0.856	3.2	2.4	3.2	2.4	2.4
0.858	3.2	2.4	2.4	4	3.2
0.86	3.2	2.4	2.4	4	3.2
0.862	3.2	0.8	2.4	1.6	3.2
0.864	3.2	4	2.4	3.2	2.4
0.866	3.2	4	2.4	2.4	2.4
0.868	3.2	3.2	3.2	3.2	2.4
0.87	3.2	2.4	2.4	3.2	2.4
0.872	3.2	2.4	3.2	3.2	3.2
0.874	3.2	1.6	3.2	2.4	2.4
0.876	3.2	3.2	2.4	3.2	3.2
0.878	3.2	2.4	3.2	3.2	3.2
0.88	3.2	2.4	3.2	3.2	3.2
0.882	3.2	2.4	3.2	3.2	3.2
0.884	3.2	2.4	3.2	3.2	3.2
0.886	3.2	3.2	2.4	2.4	2.4
0.888	4	1.6	2.4	3.2	3.2
0.89	2.4	2.4	1.6	2.4	3.2
0.892	3.2	2.4	3.2	3.2	3.2
0.894	2.4	3.2	3.2	3.2	3.2
0.896	2.4	3.2	2.4	3.2	3.2
0.898	3.2	3.2	3.2	3.2	3.2
0.9	1.6	3.2	2.4	2.4	2.4
0.902	2.4	2.4	1.6	4	3.2
0.904	1.6	2.4	3.2	2.4	4
0.906	3.2	2.4	2.4	2.4	2.4
0.908	2.4	2.4	2.4	2.4	2.4
0.91	3.2	3.2	2.4	2.4	2.4
0.912	3.2	4	3.2	3.2	3.2
0.914	2.4	3.2	2.4	2.4	3.2
0.916	3.2	4	2.4	3.2	2.4
0.918	3.2	2.4	2.4	2.4	2.4
0.92	2.4	2.4	3.2	3.2	3.2
0.922	3.2	2.4	4	2.4	2.4
0.924	1.6	2.4	3.2	2.4	4
0.926	3.2	2.4	3.2	2.4	3.2
0.928	3.2	2.4	2.4	3.2	2.4
0.93	2.4	3.2	2.4	3.2	3.2
0.932	2.4	2.4	2.4	3.2	2.4
0.934	2.4	3.2	2.4	3.2	3.2
0.936	3.2	2.4	2.4	2.4	3.2
0.938	3.2	2.4	3.2	3.2	3.2
0.94	3.2	2.4	2.4	2.4	2.4
0.942	3.2	2.4	2.4	3.2	2.4
0.944	3.2	2.4	2.4	3.2	3.2
0.946	3.2	3.2	3.2	3.2	2.4
0.948	2.4	2.4	3.2	3.2	2.4
0.95	3.2	3.2	3.2	3.2	3.2
0.952	3.2	3.2	2.4	2.4	3.2
0.954	3.2	2.4	2.4	3.2	3.2
0.956	3.2	3.2	3.2	3.2	3.2
0.958	3.2	3.2	3.2	3.2	3.2
0.96	3.2	2.4	3.2	2.4	2.4
0.962	2.4	3.2	3.2	3.2	4
0.964	2.4	2.4	2.4	2.4	3.2
0.966	3.2	2.4	1.6	3.2	4
0.968	3.2	2.4	3.2	3.2	3.2
0.97	3.2	3.2	2.4	3.2	2.4
0.972	3.2	2.4	3.2	3.2	2.4
0.974	3.2	3.2	3.2	3.2	3.2
0.976	3.2	3.2	2.4	4	3.2
0.978	3.2	3.2	3.2	3.2	3.2
0.98	4	2.4	2.4	3.2	2.4
0.982	3.2	3.2	3.2	3.2	2.4
0.984	3.2	4	2.4	3.2	2.4
0.986	2.4	2.4	2.4	3.2	2.4
0.988	3.2	2.4	3.2	3.2	3.2
0.99	3.2	2.4	3.2	2.4	3.2
0.992	3.2	3.2	2.4	2.4	2.4
0.994	2.4	3.2	2.4	2.4	3.2
0.996	2.4	1.6	2.4	2.4	3.2
0.998	3.2	3.2	3.2	1.6	3.2
1	3.2	2.4	2.4	1.6	2.4
1.002	2.4	3.2	3.2	2.4	2.4
1.004	2.4	3.2	3.2	3.2	2.4
1.006	2.4	3.2	2.4	3.2	3.2
1.008	3.2	2.4	3.2	4	1.6
1.01	2.4	3.2	2.4	3.2	3.2
1.012	2.4	2.4	2.4	2.4	3.2
1.014	3.2	2.4	2.4	3.2	2.4
1.016	2.4	3.2	2.4	2.4	2.4
1.018	2.4	4	2.4	2.4	3.2
1.02	2.4	2.4	3.2	3.2	2.4
1.022	3.2	3.2	3.2	3.2	3.2
1.024	3.2	3.2	2.4	2.4	3.2
1.026	3.2	2.4	3.2	2.4	1.6
1.028	3.2	3.2	2.4	1.6	2.4
1.03	2.4	2.4	3.2	1.6	3.2
1.032	3.2	2.4	1.6	3.2	3.2
1.034	3.2	2.4	3.2	2.4	3.2
1.036	2.4	3.2	3.2	3.2	2.4
1.038	2.4	3.2	3.2	3.2	3.2
1.04	3.2	3.2	2.4	2.4	3.2
1.042	3.2	2.4	3.2	2.4	3.2
1.044	2.4	2.4	3.2	3.2	3.2
1.046	2.4	2.4	3.2	3.2	2.4
1.048	3.2	3.2	2.4	3.2	2.4
1.05	1.6	3.2	2.4	3.2	2.4
1.052	3.2	3.2	3.2	3.2	3.2
1.054	3.2	3.2	2.4	3.2	2.4
1.056	3.2	3.2	3.2	2.4	3.2
1.058	2.4	3.2	4	3.2	3.2
1.06	3.2	3.2	2.4	2.4	2.4
1.062	3.2	3.2	2.4	2.4	2.4
1.064	3.2	2.4	3.2	2.4	3.2
1.066	3.2	2.4	3.2	3.2	2.4
1.068	2.4	2.4	3.2	2.4	2.4
1.07	2.4	3.2	2.4	3.2	2.4
1.072	3.2	2.4	3.2	3.2	3.2
1.074	2.4	1.6	2.4	3.2	3.2
1.076	3.2	2.4	2.4	3.2	2.4
1.078	2.4	3.2	3.2	2.4	3.2
1.08	2.4	3.2	2.4	3.2	2.4
1.082	3.2	3.2	3.2	3.2	2.4
1.084	3.2	2.4	2.4	3.2	3.2
1.086	3.2	3.2	2.4	3.2	3.2
1.088	3.2	2.4	3.2	3.2	2.4
1.09	3.2	2.4	4	3.2	2.4
1.092	2.4	2.4	3.2	3.2	2.4
1.094	3.2	3.2	2.4	2.4	3.2
1.096	2.4	2.4	3.2	2.4	2.4
1.098	2.4	2.4	2.4	3.2	2.4
1.1	2.4	2.4	3.2	4	3.2
1.102	3.2	3.2	2.4	3.2	2.4
1.104	3.2	2.4	2.4	3.2	2.4
1.106	2.4	2.4	3.2	3.2	3.2
1.108	3.2	1.6	2.4	3.2	3.2
1.11	3.2	2.4	2.4	3.2	3.2
1.112	2.4	3.2	2.4	3.2	3.2
1.114	3.2	3.2	2.4	2.4	2.4
1.116	3.2	2.4	2.4	3.2	2.4
1.118	3.2	3.2	2.4	3.2	3.2
1.12	2.4	3.2	3.2	3.2	3.2
1.122	3.2	2.4	3.2	3.2	3.2
1.124	3.2	3.2	2.4	2.4	4
1.126	2.4	2.4	2.4	3.2	2.4
1.128	3.2	2.4	2.4	3.2	3.2
1.13	3.2	3.2	3.2	3.2	2.4
1.132	3.2	3.2	2.4	3.2	3.2
1.134	2.4	3.2	2.4	3.2	3.2
1.136	2.4	2.4	3.2	3.2	2.4
1.138	3.2	2.4	2.4	3.2	2.4
1.14	2.4	2.4	3.2	4	3.2
1.142	2.4	1.6	3.2	3.2	3.2
1.144	3.2	2.4	2.4	3.2	2.4
1.146	2.4	3.2	2.4	3.2	3.2
1.148	2.4	2.4	3.2	3.2	2.4
1.15	3.2	3.2	2.4	3.2	2.4
1.152	3.2	3.2	2.4	3.2	3.2
1.154	3.2	2.4	3.2	3.2	3.2
1.156	2.4	2.4	2.4	4	3.2
1.158	2.4	3.2	3.2	3.2	2.4
1.16	3.2	2.4	2.4	3.2	3.2
1.162	2.4	3.2	3.2	2.4	2.4
1.164	2.4	3.2	3.2	4	3.2
1.166	3.2	2.4	2.4	3.2	2.4
1.168	3.2	2.4	4	2.4	2.4
1.17	3.2	2.4	2.4	1.6	3.2
1.172	3.2	2.4	3.2	3.2	3.2
1.174	3.2	3.2	3.2	2.4	2.4
1.176	2.4	2.4	3.2	3.2	2.4
1.178	3.2	3.2	3.2	3.2	2.4
1.18	3.2	3.2	0.8	3.2	3.2
1.182	2.4	3.2	2.4	2.4	4
1.184	3.2	3.2	3.2	3.2	2.4
1.186	2.4	3.2	3.2	3.2	2.4
1.188	4	2.4	2.4	2.4	3.2
1.19	2.4	3.2	2.4	2.4	2.4
1.192	2.4	3.2	2.4	2.4	3.2
1.194	3.2	4	3.2	2.4	3.2
1.196	2.4	2.4	2.4	2.4	2.4
1.198	3.2	3.2	2.4	3.2	3.2
1.2	2.4	2.4	3.2	3.2	3.2
1.202	2.4	2.4	3.2	2.4	2.4
1.204	2.4	3.2	2.4	3.2	2.4
1.206	3.2	2.4	2.4	3.2	2.4
1.208	3.2	2.4	2.4	2.4	3.2
1.21	2.4	2.4	3.2	2.4	3.2
1.212	2.4	2.4	2.4	3.2	2.4
1.214	3.2	3.2	2.4	2.4	4
1.216	2.4	2.4	4	3.2	2.4
1.218	2.4	3.2	2.4	1.6	4
1.22	3.2	3.2	3.2	3.2	2.4
1.222	2.4	3.2	2.4	2.4	3.2
1.224	4	3.2	2.4	3.2	3.2
1.226	2.4	1.6	2.4	2.4	3.2
1.228	2.4	3.2	2.4	3.2	3.2
1.23	2.4	3.2	3.2	3.2	2.4
1.232	3.2	3.2	2.4	3.2	2.4
1.234	2.4	3.2	2.4	3.2	2.4
1.236	2.4	3.2	2.4	3.2	3.2
1.238	3.2	2.4	3.2	3.2	3.2
1.24	3.2	2.4	3.2	2.4	3.2
1.242	3.2	2.4	3.2	3.2	2.4
1.244	3.2	3.2	3.2	3.2	3.2
1.246	2.4	3.2	3.2	2.4	3.2
1.248	2.4	2.4	3.2	2.4	2.4
1.25	2.4	2.4	2.4	2.4	2.4
1.252	3.2	2.4	2.4	2.4	3.2
1.254	3.2	2.4	3.2	2.4	4
1.256	2.4	3.2	2.4	3.2	2.4
1.258	3.2	1.6	3.2	3.2	3.2
1.26	3.2	3.2	3.2	1.6	3.2
1.262	2.4	1.6	2.4	3.2	2.4
1.264	3.2	3.2	2.4	3.2	3.2
1.266	2.4	3.2	2.4	2.4	3.2
1.268	2.4	2.4	3.2	2.4	2.4
1.27	2.4	2.4	2.4	3.2	3.2
1.272	3.2	3.2	2.4	2.4	3.2
1.274	3.2	3.2	2.4	3.2	2.4
1.276	2.4	2.4	2.4	2.4	3.2
1.278	3.2	2.4	3.2	3.2	3.2
1.28	2.4	2.4	3.2	3.2	3.2
1.282	3.2	2.4	3.2	3.2	3.2
1.284	3.2	3.2	2.4	3.2	2.4
1.286	3.2	3.2	2.4	2.4	2.4
1.288	2.4	2.4	2.4	3.2	2.4
1.29	2.4	2.4	2.4	2.4	3.2
1.292	3.2	4	2.4	3.2	3.2
1.294	4	2.4	3.2	2.4	2.4
1.296	2.4	4	2.4	3.2	3.2
1.298	3.2	3.2	3.2	1.6	3.2
1.3	3.2	0.8	2.4	3.2	2.4
1.302	2.4	2.4	2.4	2.4	3.2
1.304	2.4	3.2	3.2	3.2	3.2
1.306	3.2	3.2	2.4	3.2	3.2
1.308	3.2	3.2	3.2	3.2	3.2
1.31	2.4	2.4	4	2.4	3.2
1.312	2.4	3.2	3.2	3.2	3.2
1.314	2.4	2.4	3.2	3.2	3.2
1.316	2.4	3.2	2.4	3.2	2.4
1.318	3.2	2.4	3.2	3.2	2.4
1.32	2.4	3.2	3.2	2.4	3.2
1.322	2.4	3.2	3.2	3.2	3.2
1.324	3.2	3.2	3.2	3.2	3.2
1.326	2.4	3.2	3.2	3.2	3.2
1.328	2.4	3.2	3.2	2.4	2.4
1.33	3.2	2.4	2.4	3.2	3.2
1.332	3.2	3.2	2.4	3.2	2.4
1.334	3.2	2.4	3.2	1.6	2.4
1.336	2.4	3.2	2.4	3.2	3.2
1.338	3.2	3.2	2.4	3.2	3.2
1.34	2.4	2.4	3.2	3.2	3.2
1.342	3.2	3.2	3.2	3.2	2.4
1.344	3.2	3.2	3.2	2.4	3.2
1.346	2.4	3.2	3.2	2.4	2.4
1.348	2.4	2.4	2.4	3.2	3.2
1.35	3.2	2.4	2.4	3.2	2.4
1.352	4	1.6	2.4	3.2	3.2
1.354	2.4	2.4	2.4	2.4	3.2
1.356	3.2	3.2	3.2	3.2	2.4
1.358	3.2	2.4	3.2	2.4	3.2
1.36	3.2	3.2	2.4	3.2	2.4
1.362	3.2	2.4	3.2	2.4	4
1.364	2.4	2.4	2.4	3.2	2.4
1.366	2.4	2.4	2.4	3.2	3.2
1.368	3.2	3.2	2.4	2.4	3.2
1.37	3.2	3.2	2.4	3.2	3.2
1.372	3.2	3.2	3.2	2.4	2.4
1.374	3.2	4	3.2	3.2	2.4
1.376	3.2	3.2	2.4	3.2	2.4
1.378	3.2	3.2	2.4	3.2	3.2
1.38	3.2	3.2	3.2	3.2	2.4
1.382	2.4	2.4	3.2	2.4	2.4
1.384	3.2	2.4	2.4	3.2	2.4
1.386	3.2	3.2	3.2	4	3.2
1.388	2.4	2.4	2.4	3.2	3.2
1.39	2.4	3.2	1.6	3.2	3.2
1.392	3.2	3.2	2.4	3.2	2.4
1.394	3.2	3.2	3.2	2.4	2.4
1.396	2.4	3.2	3.2	3.2	3.2
1.398	3.2	3.2	3.2	2.4	2.4
1.4	3.2	3.2	3.2	3.2	3.2
1.402	2.4	3.2	3.2	3.2	3.2
1.404	3.2	3.2	2.4	3.2	2.4
1.406	2.4	2.4	2.4	3.2	2.4
1.408	2.4	3.2	2.4	3.2	3.2
1.41	3.2	3.2	3.2	3.2	2.4
1.412	3.2	2.4	2.4	3.2	3.2
1.414	3.2	2.4	2.4	2.4	2.4
1.416	3.2	2.4	3.2	2.4	2.4
1.418	3.2	2.4	2.4	3.2	3.2
1.42	2.4	3.2	2.4	3.2	3.2
1.422	3.2	3.2	2.4	2.4	3.2
1.424	3.2	3.2	2.4	2.4	3.2
1.426	3.2	2.4	3.2	3.2	3.2
1.428	2.4	3.2	3.2	3.2	2.4
1.43	2.4	3.2	3.2	2.4	3.2
1.432	2.4	2.4	2.4	3.2	2.4
1.434	2.4	2.4	3.2	3.2	3.2
1.436	3.2	2.4	2.4	2.4	2.4
1.438	1.6	3.2	2.4	2.4	3.2
1.44	1.6	3.2	2.4	3.2	2.4
1.442	1.6	2.4	3.2	2.4	3.2
1.444	1.6	3.2	3.2	3.2	3.2
1.446	2.4	3.2	3.2	3.2	3.2
1.448	3.2	2.4	2.4	3.2	3.2
1.45	3.2	3.2	3.2	3.2	3.2
1.452	4	3.2	2.4	2.4	3.2
1.454	2.4	3.2	2.4	3.2	2.4
1.456	2.4	3.2	3.2	3.2	3.2
1.458	3.2	3.2	2.4	3.2	2.4
1.46	2.4	3.2	3.2	3.2	3.2
1.462	2.4	3.2	2.4	2.4	2.4
1.464	3.2	3.2	2.4	3.2	3.2
1.466	2.4	3.2	2.4	2.4	3.2
1.468	2.4	3.2	2.4	2.4	2.4
1.47	3.2	3.2	2.4	2.4	3.2
1.472	2.4	3.2	2.4	3.2	2.4
1.474	3.2	3.2	2.4	2.4	3.2
1.476	3.2	2.4	3.2	2.4	2.4
1.478	3.2	3.2	3.2	3.2	3.2
1.48	3.2	3.2	2.4	2.4	3.2
1.482	3.2	3.2	3.2	3.2	3.2
1.484	3.2	3.2	3.2	2.4	2.4
1.486	3.2	2.4	2.4	3.2	3.2
1.488	2.4	3.2	2.4	3.2	2.4
1.49	2.4	2.4	3.2	4	3.2
1.492	3.2	3.2	3.2	3.2	3.2
1.494	3.2	2.4	3.2	3.2	3.2
1.496	2.4	3.2	3.2	3.2	3.2
1.498	2.4	3.2	3.2	2.4	3.2
1.5	3.2	2.4	3.2	3.2	3.2
1.502	3.2	1.6	2.4	2.4	3.2
1.504	2.4	2.4	3.2	3.2	2.4
1.506	2.4	2.4	3.2	4	3.2
1.508	3.2	3.2	2.4	2.4	3.2
1.51	4	3.2	2.4	2.4	3.2
1.512	2.4	2.4	3.2	3.2	3.2
1.514	2.4	2.4	2.4	2.4	3.2
1.516	3.2	2.4	4	3.2	3.2
1.518	2.4	3.2	3.2	3.2	2.4
1.52	2.4	2.4	3.2	3.2	3.2
1.522	2.4	3.2	2.4	3.2	3.2
1.524	2.4	2.4	2.4	4	2.4
1.526	3.2	2.4	2.4	2.4	3.2
1.528	3.2	3.2	2.4	2.4	2.4
1.53	3.2	3.2	2.4	4	3.2
1.532	3.2	3.2	2.4	2.4	3.2
1.534	3.2	3.2	2.4	2.4	2.4
1.536	2.4	2.4	3.2	3.2	3.2
1.538	3.2	3.2	2.4	2.4	2.4
1.54	2.4	3.2	4	3.2	2.4
1.542	3.2	2.4	2.4	2.4	3.2
1.544	1.6	3.2	2.4	3.2	3.2
1.546	3.2	2.4	3.2	2.4	2.4
1.548	3.2	3.2	3.2	2.4	2.4
1.55	3.2	2.4	3.2	4	3.2
1.552	2.4	2.4	2.4	2.4	3.2
1.554	3.2	3.2	2.4	3.2	2.4
1.556	2.4	3.2	2.4	3.2	3.2
1.558	3.2	2.4	1.6	3.2	2.4
1.56	2.4	2.4	3.2	3.2	2.4
1.562	2.4	3.2	2.4	2.4	4
1.564	3.2	2.4	2.4	3.2	3.2
1.566	3.2	2.4	3.2	3.2	3.2
1.568	2.4	2.4	1.6	3.2	3.2
1.57	3.2	2.4	2.4	2.4	3.2
1.572	3.2	3.2	2.4	3.2	2.4
1.574	2.4	2.4	2.4	3.2	2.4
1.576	3.2	3.2	4	2.4	3.2
1.578	3.2	2.4	2.4	3.2	2.4
1.58	3.2	2.4	3.2	3.2	3.2
1.582	2.4	3.2	3.2	2.4	2.4
1.584	2.4	3.2	3.2	2.4	2.4
1.586	2.4	2.4	2.4	2.4	3.2
1.588	2.4	3.2	3.2	2.4	4
1.59	3.2	3.2	2.4	3.2	2.4
1.592	3.2	3.2	3.2	3.2	3.2
1.594	3.2	2.4	3.2	3.2	2.4
1.596	2.4	2.4	3.2	2.4	3.2
1.598	2.4	2.4	3.2	2.4	2.4
1.6	3.2	3.2	2.4	2.4	3.2
1.602	2.4	3.2	3.2	1.6	2.4
1.604	2.4	2.4	2.4	2.4	3.2
1.606	2.4	2.4	3.2	3.2	2.4
1.608	2.4	3.2	2.4	3.2	3.2
1.61	2.4	2.4	2.4	3.2	2.4
1.612	2.4	3.2	2.4	1.6	3.2
1.614	2.4	3.2	2.4	2.4	2.4
1.616	2.4	2.4	3.2	2.4	1.6
1.618	2.4	3.2	2.4	2.4	2.4
1.62	2.4	2.4	3.2	3.2	3.2
1.622	3.2	3.2	2.4	2.4	2.4
1.624	3.2	3.2	3.2	3.2	4
1.626	2.4	3.2	4	3.2	3.2
1.628	3.2	2.4	3.2	3.2	2.4
1.63	3.2	3.2	3.2	2.4	3.2
1.632	2.4	2.4	3.2	2.4	3.2
1.634	3.2	3.2	3.2	2.4	4
1.636	2.4	3.2	2.4	2.4	2.4
1.638	3.2	2.4	3.2	3.2	2.4
1.64	3.2	1.6	2.4	3.2	2.4
1.642	3.2	3.2	2.4	2.4	3.2
1.644	3.2	3.2	3.2	3.2	3.2
1.646	2.4	3.2	3.2	3.2	3.2
1.648	2.4	2.4	3.2	4	3.2
1.65	2.4	2.4	3.2	2.4	3.2
1.652	2.4	2.4	2.4	2.4	3.2
1.654	3.2	2.4	2.4	3.2	3.2
1.656	2.4	3.2	3.2	3.2	2.4
1.658	3.2	3.2	2.4	3.2	3.2
1.66	3.2	3.2	2.4	3.2	2.4
1.662	2.4	3.2	3.2	2.4	2.4
1.664	3.2	4	2.4	3.2	3.2
1.666	4	3.2	2.4	2.4	3.2
1.668	2.4	2.4	3.2	3.2	2.4
1.67	3.2	3.2	3.2	2.4	3.2
1.672	3.2	3.2	3.2	3.2	2.4
1.674	3.2	3.2	3.2	2.4	2.4
1.676	2.4	3.2	3.2	3.2	3.2
1.678	3.2	2.4	2.4	2.4	3.2
1.68	2.4	3.2	3.2	2.4	2.4
1.682	3.2	3.2	3.2	3.2	2.4
1.684	3.2	1.6	3.2	3.2	2.4
1.686	2.4	2.4	2.4	3.2	2.4
1.688	3.2	3.2	2.4	2.4	3.2
1.69	3.2	3.2	2.4	2.4	3.2
1.692	2.4	3.2	3.2	3.2	3.2
1.694	3.2	2.4	3.2	3.2	2.4
1.696	3.2	2.4	2.4	2.4	2.4
1.698	3.2	2.4	3.2	3.2	3.2
1.7	2.4	4	2.4	2.4	3.2
1.702	2.4	3.2	2.4	4	3.2
1.704	2.4	2.4	4	2.4	3.2
1.706	3.2	3.2	2.4	1.6	3.2
1.708	2.4	3.2	3.2	3.2	2.4
1.71	2.4	3.2	3.2	3.2	3.2
1.712	2.4	3.2	3.2	2.4	2.4
1.714	2.4	3.2	3.2	3.2	2.4
1.716	3.2	2.4	3.2	3.2	2.4
1.718	3.2	2.4	2.4	2.4	2.4
1.72	3.2	2.4	2.4	4	3.2
1.722	3.2	2.4	3.2	2.4	3.2
1.724	2.4	3.2	3.2	3.2	2.4
1.726	2.4	1.6	3.2	2.4	3.2
1.728	3.2	3.2	3.2	3.2	3.2
1.73	2.4	3.2	2.4	3.2	3.2
1.732	2.4	2.4	3.2	4	2.4
1.734	2.4	2.4	2.4	2.4	2.4
1.736	3.2	3.2	3.2	3.2	3.2
1.738	2.4	2.4	2.4	2.4	2.4
1.74	3.2	2.4	3.2	2.4	2.4
1.742	2.4	3.2	3.2	3.2	3.2
1.744	2.4	3.2	3.2	2.4	1.6
1.746	3.2	3.2	3.2	3.2	2.4
1.748	3.2	3.2	2.4	3.2	3.2
1.75	2.4	2.4	2.4	2.4	3.2
1.752	2.4	3.2	2.4	2.4	2.4
1.754	3.2	3.2	3.2	3.2	2.4
1.756	3.2	2.4	3.2	2.4	3.2
1.758	2.4	3.2	2.4	3.2	3.2
1.76	3.2	3.2	3.2	3.2	3.2
1.762	2.4	3.2	2.4	3.2	3.2
1.764	3.2	3.2	3.2	3.2	2.4
1.766	2.4	3.2	3.2	2.4	3.2
1.768	2.4	3.2	2.4	2.4	3.2
1.77	3.2	3.2	3.2	2.4	3.2
1.772	2.4	2.4	2.4	2.4	3.2
1.774	3.2	2.4	3.2	3.2	2.4
1.776	3.2	3.2	2.4	3.2	2.4
1.778	2.4	3.2	2.4	3.2	3.2
1.78	1.6	3.2	2.4	3.2	2.4
1.782	3.2	3.2	2.4	2.4	3.2
1.784	3.2	2.4	2.4	4	3.2
1.786	3.2	2.4	3.2	3.2	3.2
1.788	3.2	2.4	2.4	3.2	3.2
1.79	3.2	4	2.4	3.2	3.2
1.792	2.4	3.2	3.2	3.2	3.2
1.794	3.2	2.4	2.4	3.2	2.4
1.796	2.4	2.4	2.4	2.4	3.2
1.798	2.4	2.4	3.2	3.2	2.4
1.8	2.4	3.2	2.4	3.2	3.2
1.802	2.4	3.2	3.2	2.4	3.2
1.804	3.2	2.4	2.4	3.2	2.4
1.806	1.6	2.4	3.2	2.4	2.4
1.808	3.2	2.4	3.2	3.2	2.4
1.81	4	3.2	3.2	3.2	2.4
1.812	2.4	3.2	3.2	2.4	3.2
1.814	2.4	3.2	2.4	3.2	3.2
1.816	3.2	3.2	2.4	3.2	4
1.818	2.4	2.4	2.4	4	2.4
1.82	2.4	2.4	2.4	3.2	3.2
1.822	3.2	3.2	3.2	3.2	2.4
1.824	2.4	2.4	3.2	2.4	2.4
1.826	2.4	3.2	3.2	2.4	2.4
1.828	2.4	2.4	3.2	3.2	2.4
1.83	2.4	3.2	3.2	3.2	3.2
1.832	3.2	3.2	2.4	2.4	3.2
1.834	3.2	2.4	3.2	3.2	3.2
1.836	1.6	2.4	3.2	3.2	2.4
1.838	3.2	2.4	3.2	3.2	2.4
1.84	2.4	2.4	2.4	3.2	2.4
1.842	3.2	3.2	2.4	3.2	4
1.844	2.4	2.4	2.4	3.2	3.2
1.846	2.4	2.4	2.4	3.2	3.2
1.848	2.4	4	2.4	3.2	3.2
1.85	3.2	2.4	3.2	3.2	2.4
1.852	2.4	3.2	2.4	2.4	2.4
1.854	2.4	3.2	3.2	2.4	2.4
1.856	2.4	3.2	2.4	2.4	2.4
1.858	3.2	3.2	2.4	2.4	3.2
1.86	3.2	3.2	3.2	2.4	3.2
1.862	2.4	4	2.4	2.4	2.4
1.864	2.4	2.4	2.4	2.4	2.4
1.866	3.2	2.4	3.2	3.2	2.4
1.868	2.4	2.4	2.4	3.2	3.2
1.87	3.2	4	2.4	2.4	3.2
1.872	3.2	3.2	2.4	2.4	2.4
1.874	3.2	2.4	2.4	2.4	3.2
1.876	3.2	2.4	4	3.2	2.4
1.878	3.2	2.4	2.4	3.2	3.2
1.88	2.4	3.2	2.4	3.2	2.4
1.882	2.4	3.2	4	2.4	3.2
1.884	2.4	2.4	2.4	2.4	3.2
1.886	2.4	4	3.2	3.2	2.4
1.888	2.4	3.2	3.2	2.4	3.2
1.89	2.4	2.4	2.4	4	2.4
1.892	3.2	4	2.4	3.2	2.4
1.894	3.2	3.2	3.2	2.4	3.2
1.896	2.4	2.4	2.4	2.4	2.4
1.898	2.4	2.4	2.4	2.4	3.2
1.9	2.4	3.2	2.4	3.2	4
1.902	3.2	3.2	3.2	2.4	2.4
1.904	3.2	2.4	3.2	3.2	3.2
1.906	2.4	3.2	3.2	3.2	2.4
1.908	2.4	3.2	1.6	3.2	2.4
1.91	2.4	3.2	3.2	2.4	2.4
1.912	3.2	3.2	3.2	2.4	3.2
1.914	3.2	2.4	3.2	2.4	3.2
1.916	3.2	3.2	3.2	2.4	2.4
1.918	2.4	2.4	2.4	2.4	3.2
1.92	3.2	2.4	3.2	2.4	2.4
1.922	2.4	3.2	3.2	3.2	2.4
1.924	2.4	2.4	3.2	2.4	2.4
1.926	2.4	3.2	2.4	3.2	2.4
1.928	2.4	3.2	3.2	2.4	2.4
1.93	2.4	2.4	2.4	2.4	2.4
1.932	2.4	3.2	3.2	2.4	2.4
1.934	3.2	2.4	3.2	3.2	3.2
1.936	3.2	2.4	3.2	1.6	2.4
1.938	3.2	3.2	2.4	2.4	3.2
1.94	2.4	3.2	2.4	2.4	3.2
1.942	3.2	2.4	3.2	3.2	3.2
1.944	2.4	3.2	3.2	2.4	3.2
1.946	2.4	2.4	2.4	3.2	2.4
1.948	2.4	3.2	2.4	2.4	3.2
1.95	2.4	3.2	2.4	3.2	3.2
1.952	3.2	3.2	2.4	2.4	2.4
1.954	3.2	3.2	3.2	3.2	3.2
1.956	3.2	3.2	3.2	2.4	3.2
1.958	3.2	2.4	4	2.4	3.2
1.96	3.2	2.4	3.2	3.2	2.4
1.962	3.2	3.2	2.4	3.2	2.4
1.964	3.2	2.4	2.4	3.2	2.4
1.966	2.4	3.2	4	3.2	4
1.968	2.4	2.4	3.2	3.2	3.2
1.97	2.4	2.4	2.4	2.4	2.4
1.972	2.4	2.4	3.2	4	3.2
1.974	2.4	2.4	2.4	2.4	3.2
1.976	3.2	2.4	3.2	2.4	3.2
1.978	2.4	3.2	3.2	2.4	2.4
1.98	2.4	2.4	2.4	2.4	2.4
1.982	1.6	3.2	3.2	3.2	3.2
1.984	2.4	2.4	3.2	3.2	2.4
1.986	3.2	2.4	2.4	3.2	3.2
1.988	1.6	3.2	4	2.4	4
1.99	2.4	3.2	2.4	3.2	3.2
1.992	2.4	3.2	3.2	3.2	2.4
1.994	2.4	2.4	2.4	3.2	2.4
1.996	2.4	3.2	2.4	2.4	3.2
1.998	3.2	3.2	3.2	3.2	3.2
2	3.2	2.4	3.2	3.2	2.4
2.002	2.4	3.2	3.2	3.2	2.4
2.004	3.2	3.2	3.2	4	2.4
2.006	3.2	3.2	3.2	3.2	2.4
2.008	2.4	3.2	2.4	3.2	3.2
2.01	2.4	3.2	2.4	3.2	2.4
2.012	2.4	3.2	3.2	3.2	2.4
2.014	2.4	3.2	2.4	3.2	3.2
2.016	3.2	3.2	2.4	3.2	3.2
2.018	3.2	2.4	2.4	3.2	2.4
2.02	2.4	2.4	3.2	2.4	1.6
2.022	3.2	1.6	2.4	2.4	3.2
2.024	2.4	2.4	2.4	2.4	3.2
2.026	2.4	3.2	2.4	3.2	2.4
2.028	3.2	3.2	3.2	3.2	2.4
2.03	3.2	2.4	2.4	3.2	3.2
2.032	3.2	3.2	2.4	3.2	2.4
2.034	1.6	2.4	4	3.2	2.4
2.036	2.4	3.2	3.2	3.2	3.2
2.038	3.2	2.4	3.2	3.2	3.2
2.04	2.4	2.4	3.2	2.4	3.2
2.042	2.4	3.2	3.2	3.2	2.4
2.044	2.4	2.4	3.2	2.4	2.4
2.046	3.2	1.6	2.4	2.4	3.2
2.048	3.2	2.4	4	2.4	2.4
2.05	3.2	3.2	3.2	3.2	3.2
2.052	2.4	2.4	2.4	3.2	2.4
2.054	2.4	2.4	3.2	3.2	3.2
2.056	2.4	2.4	2.4	3.2	2.4
2.058	3.2	3.2	3.2	3.2	2.4
2.06	2.4	2.4	4	2.4	3.2
2.062	2.4	2.4	2.4	3.2	3.2
2.064	2.4	2.4	2.4	2.4	3.2
2.066	3.2	2.4	3.2	3.2	3.2
2.068	3.2	2.4	2.4	3.2	3.2
2.07	3.2	3.2	2.4	3.2	3.2
2.072	3.2	3.2	2.4	4	2.4
2.074	2.4	3.2	3.2	3.2	3.2
2.076	2.4	2.4	3.2	3.2	3.2
2.078	2.4	2.4	2.4	3.2	3.2
2.08	3.2	3.2	3.2	3.2	3.2
2.082	2.4	3.2	2.4	2.4	3.2
2.084	3.2	2.4	3.2	3.2	2.4
2.086	2.4	3.2	3.2	4	2.4
2.088	3.2	2.4	2.4	3.2	3.2
2.09	3.2	2.4	2.4	3.2	2.4
2.092	2.4	3.2	3.2	3.2	2.4
2.094	2.4	3.2	3.2	3.2	3.2
2.096	3.2	3.2	2.4	3.2	3.2
2.098	2.4	2.4	2.4	3.2	2.4
2.1	2.4	3.2	2.4	2.4	1.6
2.102	2.4	3.2	3.2	1.6	3.2
2.104	2.4	2.4	3.2	2.4	3.2
2.106	3.2	2.4	2.4	4	2.4
2.108	3.2	2.4	3.2	3.2	3.2
2.11	3.2	3.2	3.2	3.2	3.2
2.112	2.4	2.4	3.2	2.4	2.4
2.114	2.4	3.2	3.2	3.2	3.2
2.116	2.4	3.2	2.4	2.4	2.4
2.118	2.4	2.4	3.2	2.4	2.4
2.12	3.2	3.2	2.4	3.2	3.2
2.122	2.4	2.4	2.4	3.2	2.4
2.124	3.2	2.4	2.4	3.2	3.2
2.126	2.4	3.2	2.4	3.2	2.4
2.128	3.2	3.2	2.4	3.2	4
2.13	2.4	3.2	2.4	3.2	3.2
2.132	2.4	3.2	2.4	3.2	3.2
2.134	2.4	2.4	3.2	2.4	3.2
2.136	4	3.2	3.2	3.2	3.2
2.138	2.4	2.4	3.2	3.2	2.4
2.14	4	2.4	2.4	4	3.2
2.142	2.4	3.2	2.4	2.4	2.4
2.144	2.4	3.2	4	3.2	3.2
2.146	2.4	3.2	3.2	3.2	3.2
2.148	2.4	2.4	2.4	3.2	3.2
2.15	3.2	1.6	2.4	4	3.2
2.152	2.4	2.4	3.2	2.4	2.4
2.154	2.4	3.2	3.2	3.2	3.2
2.156	2.4	3.2	2.4	2.4	2.4
2.158	2.4	2.4	2.4	3.2	1.6
2.16	3.2	2.4	2.4	3.2	2.4
2.162	3.2	3.2	2.4	2.4	3.2
2.164	2.4	2.4	2.4	2.4	2.4
2.166	2.4	2.4	3.2	3.2	3.2
2.168	2.4	2.4	4	3.2	2.4
2.17	3.2	3.2	2.4	3.2	3.2
2.172	2.4	3.2	2.4	2.4	3.2
2.174	3.2	3.2	2.4	2.4	3.2
2.176	2.4	4	2.4	3.2	2.4
2.178	2.4	2.4	3.2	3.2	3.2
2.18	3.2	2.4	2.4	3.2	3.2
2.182	2.4	3.2	3.2	3.2	2.4
2.184	3.2	2.4	2.4	3.2	3.2
2.186	2.4	2.4	2.4	3.2	2.4
2.188	2.4	2.4	2.4	3.2	3.2
2.19	2.4	3.2	3.2	4	2.4
2.192	3.2	2.4	3.2	3.2	3.2
2.194	2.4	2.4	2.4	2.4	3.2
2.196	2.4	2.4	3.2	2.4	3.2
2.198	3.2	3.2	2.4	3.2	3.2
2.2	2.4	3.2	4	3.2	3.2
2.202	3.2	3.2	2.4	3.2	3.2
2.204	3.2	3.2	1.6	2.4	3.2
2.206	2.4	3.2	2.4	2.4	3.2
2.208	3.2	2.4	3.2	3.2	3.2
2.21	3.2	2.4	3.2	2.4	1.6
2.212	3.2	3.2	2.4	3.2	3.2
2.214	2.4	4	3.2	2.4	3.2
2.216	2.4	2.4	3.2	3.2	3.2
2.218	2.4	2.4	3.2	3.2	3.2
2.22	3.2	3.2	2.4	3.2	3.2
2.222	3.2	2.4	2.4	3.2	3.2
2.224	3.2	2.4	2.4	2.4	3.2
2.226	3.2	2.4	2.4	3.2	4
2.228	3.2	3.2	2.4	3.2	3.2
2.23	3.2	3.2	3.2	3.2	2.4
2.232	2.4	3.2	2.4	3.2	1.6
2.234	3.2	2.4	2.4	2.4	3.2
2.236	2.4	3.2	2.4	3.2	3.2
2.238	2.4	2.4	3.2	3.2	3.2
2.24	2.4	3.2	2.4	3.2	3.2
2.242	2.4	3.2	3.2	2.4	2.4
2.244	3.2	3.2	3.2	3.2	2.4
2.246	3.2	3.2	3.2	1.6	2.4
2.248	2.4	3.2	2.4	3.2	3.2
2.25	3.2	2.4	3.2	2.4	3.2
2.252	3.2	3.2	2.4	3.2	3.2
2.254	3.2	4	3.2	3.2	3.2
2.256	2.4	2.4	3.2	2.4	3.2
2.258	2.4	3.2	2.4	3.2	3.2
2.26	3.2	3.2	3.2	3.2	2.4
2.262	2.4	2.4	2.4	2.4	2.4
2.264	2.4	3.2	3.2	3.2	3.2
2.266	2.4	2.4	3.2	2.4	3.2
2.268	2.4	2.4	2.4	3.2	3.2
2.27	3.2	2.4	2.4	3.2	2.4
2.272	2.4	2.4	3.2	2.4	3.2
2.274	4	2.4	3.2	3.2	3.2
2.276	2.4	2.4	4	3.2	3.2
2.278	2.4	3.2	3.2	2.4	2.4
2.28	2.4	2.4	3.2	3.2	3.2
2.282	2.4	2.4	1.6	3.2	3.2
2.284	2.4	3.2	3.2	3.2	3.2
2.286	3.2	3.2	2.4	3.2	3.2
2.288	3.2	3.2	2.4	3.2	3.2
2.29	3.2	3.2	2.4	2.4	2.4
2.292	2.4	3.2	3.2	3.2	2.4
2.294	3.2	2.4	2.4	3.2	3.2
2.296	3.2	3.2	3.2	2.4	3.2
2.298	2.4	3.2	2.4	2.4	2.4
2.3	3.2	3.2	3.2	2.4	3.2
2.302	2.4	2.4	2.4	3.2	2.4
2.304	2.4	3.2	3.2	3.2	2.4
2.306	3.2	3.2	4	3.2	3.2
2.308	2.4	2.4	3.2	3.2	3.2
2.31	0.8	2.4	3.2	3.2	3.2
2.312	2.4	3.2	3.2	3.2	3.2
2.314	2.4	3.2	3.2	4	2.4
2.316	3.2	3.2	3.2	3.2	3.2
2.318	3.2	2.4	3.2	2.4	3.2
2.32	3.2	3.2	2.4	3.2	3.2
2.322	2.4	1.6	3.2	3.2	2.4
2.324	2.4	3.2	1.6	2.4	2.4
2.326	2.4	2.4	2.4	3.2	3.2
2.328	3.2	2.4	2.4	2.4	2.4
2.33	3.2	2.4	3.2	2.4	3.2
2.332	2.4	3.2	3.2	3.2	2.4
2.334	3.2	3.2	2.4	3.2	3.2
2.336	3.2	2.4	3.2	3.2	2.4
2.338	3.2	3.2	2.4	3.2	3.2
2.34	3.2	2.4	2.4	2.4	2.4
2.342	4	3.2	2.4	2.4	2.4
2.344	2.4	3.2	3.2	3.2	3.2
2.346	2.4	2.4	3.2	2.4	2.4
2.348	3.2	3.2	2.4	3.2	3.2
2.35	3.2	2.4	2.4	3.2	3.2
2.352	2.4	3.2	3.2	2.4	3.2
2.354	3.2	2.4	2.4	3.2	2.4
2.356	3.2	3.2	2.4	3.2	2.4
2.358	2.4	2.4	3.2	3.2	2.4
2.36	3.2	2.4	2.4	2.4	3.2
2.362	2.4	2.4	2.4	3.2	3.2
2.364	2.4	3.2	2.4	3.2	2.4
2.366	2.4	2.4	3.2	3.2	3.2
2.368	2.4	2.4	2.4	3.2	3.2
2.37	3.2	2.4	1.6	2.4	3.2
2.372	2.4	4	3.2	3.2	3.2
2.374	3.2	2.4	2.4	3.2	3.2
2.376	2.4	2.4	1.6	3.2	3.2
2.378	3.2	3.2	3.2	3.2	3.2
2.38	3.2	3.2	3.2	2.4	2.4
2.382	2.4	3.2	2.4	2.4	3.2
2.384	2.4	2.4	2.4	2.4	2.4
2.386	3.2	3.2	2.4	1.6	3.2
2.388	2.4	3.2	2.4	3.2	3.2
2.39	3.2	2.4	2.4	3.2	3.2
2.392	3.2	3.2	2.4	2.4	3.2
2.394	3.2	2.4	3.2	3.2	3.2
2.396	3.2	3.2	3.2	3.2	3.2
2.398	3.2	3.2	3.2	3.2	3.2
2.4	3.2	2.4	2.4	2.4	3.2
2.402	3.2	3.2	3.2	3.2	2.4
2.404	2.4	2.4	2.4	3.2	3.2
2.406	2.4	2.4	3.2	3.2	3.2
2.408	3.2	3.2	2.4	3.2	3.2
2.41	2.4	2.4	2.4	2.4	3.2
2.412	2.4	2.4	2.4	2.4	3.2
2.414	2.4	2.4	3.2	4	3.2
2.416	2.4	3.2	3.2	2.4	2.4
2.418	3.2	2.4	3.2	2.4	4
2.42	3.2	2.4	2.4	3.2	3.2
2.422	3.2	2.4	2.4	2.4	3.2
2.424	2.4	2.4	2.4	2.4	3.2
2.426	2.4	3.2	4	2.4	2.4
2.428	2.4	3.2	2.4	3.2	2.4
2.43	2.4	2.4	3.2	4	2.4
2.432	3.2	2.4	3.2	3.2	3.2
2.434	2.4	2.4	2.4	2.4	2.4
2.436	2.4	3.2	2.4	2.4	2.4
2.438	2.4	3.2	2.4	3.2	3.2
2.44	2.4	2.4	2.4	3.2	3.2
2.442	3.2	20	3.2	3.2	2.4
2.444	2.4	20	3.2	2.4	3.2
2.446	2.4	20	2.4	3.2	20.8
2.448	2.4	20.8	3.2	3.2	21.6
2.45	3.2	20.8	3.2	3.2	21.6
2.452	2.4	20	2.4	3.2	21.6
2.454	3.2	20	3.2	3.2	22.4
2.456	3.2	20.8	2.4	2.4	21.6
2.458	2.4	20	2.4	2.4	21.6
2.46	3.2	19.2	2.4	2.4	22.4
2.462	2.4	20	2.4	2.4	21.6
2.464	3.2	20	2.4	3.2	20.8
2.466	2.4	20	3.2	3.2	22.4
2.468	2.4	20.8	2.4	2.4	22.4
2.47	2.4	20	2.4	3.2	20.8
2.472	3.2	20.8	3.2	3.2	21.6
2.474	2.4	20	2.4	3.2	22.4
2.476	3.2	19.2	2.4	4	20.8
2.478	3.2	20.8	3.2	1.6	20.8
2.48	2.4	20	3.2	3.2	20.8
2.482	3.2	20.8	2.4	3.2	20.8
2.484	2.4	20	2.4	3.2	21.6
2.486	3.2	20	2.4	3.2	21.6
2.488	3.2	20	2.4	2.4	22.4
2.49	2.4	19.2	3.2	2.4	22.4
2.492	3.2	20	3.2	3.2	20.8
2.494	2.4	20	2.4	2.4	20.8
2.496	3.2	20	3.2	3.2	20.8
2.498	3.2	20	3.2	3.2	21.6
2.5	2.4	19.2	3.2	3.2	21.6
2.502	2.4	20	2.4	2.4	21.6
2.504	2.4	19.2	3.2	2.4	21.6
2.506	2.4	20	2.4	2.4	20.8
2.508	2.4	20.8	4	3.2	21.6
2.51	3.2	20	3.2	3.2	20.8
2.512	1.6	20	2.4	20	20.8
2.514	3.2	20	3.2	20.8	20.8
2.516	4	20	3.2	21.6	21.6
2.518	2.4	20.8	2.4	20	20
2.52	3.2	20	1.6	20	21.6
2.522	3.2	20	2.4	19.2	21.6
2.524	3.2	18.4	2.4	20	21.6
2.526	2.4	19.2	3.2	20	20.8
2.528	2.4	20	3.2	20.8	20.8
2.53	17.6	20.8	2.4	19.2	20.8
2.532	20	19.2	2.4	20	20
2.534	19.2	19.2	3.2	20	20.8
2.536	19.2	19.2	2.4	20.8	20.8
2.538	18.4	18.4	3.2	20	20.8
2.54	19.2	19.2	3.2	20	20.8
2.542	19.2	19.2	2.4	20	20.8
2.544	18.4	19.2	2.4	20	20.8
2.546	19.2	19.2	3.2	20	20.8
2.548	19.2	20	2.4	20	20.8
2.55	18.4	19.2	2.4	19.2	20.8
2.552	18.4	19.2	2.4	19.2	20.8
2.554	18.4	19.2	3.2	20	20.8
2.556	19.2	20	3.2	20	21.6
2.558	18.4	20	2.4	20	21.6
2.56	19.2	20	4	19.2	20.8
2.562	19.2	19.2	2.4	19.2	20.8
2.564	19.2	19.2	2.4	20.8	21.6
2.566	19.2	19.2	3.2	20	20.8
2.568	19.2	19.2	3.2	20	20
2.57	18.4	19.2	2.4	20	20.8
2.572	18.4	20	2.4	19.2	20.8
2.574	18.4	19.2	2.4	20	20.8
2.576	19.2	19.2	3.2	19.2	20.8
2.578	19.2	20	2.4	20	20
2.58	19.2	20	3.2	19.2	20
2.582	19.2	20	2.4	19.2	20.8
2.584	19.2	20	2.4	20	20.8
2.586	18.4	19.2	2.4	19.2	20.8
2.588	18.4	20	1.6	19.2	20.8
2.59	18.4	20	2.4	20	20
2.592	19.2	20	1.6	19.2	20
2.594	19.2	20	3.2	20	20.8
2.596	18.4	19.2	2.4	20	20.8
2.598	17.6	19.2	2.4	20	20.8
2.6	18.4	20	3.2	20	20.8
2.602	18.4	19.2	3.2	19.2	20
2.604	18.4	19.2	2.4	19.2	20.8
2.606	19.2	20	3.2	19.2	20.8
2.608	18.4	20	3.2	20	20.8
2.61	18.4	19.2	2.4	19.2	20.8
2.612	17.6	20	3.2	19.2	20.8
2.614	18.4	20	2.4	20	21.6
2.616	18.4	19.2	2.4	20	20.8
2.618	18.4	19.2	2.4	20	20.8
2.62	18.4	19.2	3.2	20	20.8
2.622	18.4	20	2.4	19.2	19.2
2.624	19.2	19.2	2.4	19.2	20.8
2.626	19.2	19.2	20	19.2	21.6
2.628	19.2	19.2	20.8	20	20.8
2.63	19.2	19.2	20.8	19.2	20.8
2.632	18.4	20	20.8	20	20.8
2.634	17.6	19.2	20.8	20	20.8
2.636	18.4	19.2	20.8	20	20.8
2.638	18.4	19.2	20.8	20	20
2.64	19.2	20.8	20.8	19.2	21.6
2.642	19.2	20	20.8	19.2	20.8
2.644	19.2	20	20.8	19.2	20
2.646	19.2	20	20.8	20	20.8
2.648	19.2	20	20.8	19.2	20.8
2.65	18.4	20	20	19.2	20
2.652	18.4	19.2	21.6	20	21.6
2.654	18.4	19.2	20.8	20	20.8
2.656	18.4	20	20.8	20	20.8
2.658	19.2	20	20.8	20	20.8
2.66	19.2	19.2	20	19.2	20.8
2.662	18.4	20	20.8	19.2	21.6
2.664	19.2	19.2	20.8	19.2	20.8
2.666	18.4	19.2	20.8	19.2	20.8
2.668	17.6	20	20.8	19.2	20.8
2.67	19.2	19.2	20.8	20	20
2.672	19.2	19.2	21.6	19.2	21.6
2.674	19.2	20	20	19.2	20
2.676	19.2	20	20.8	19.2	22.4
2.678	18.4	20	20.8	19.2	20.8
2.68	19.2	20.8	20.8	19.2	20
2.682	18.4	19.2	20	18.4	21.6
2.684	19.2	19.2	20.8	19.2	21.6
2.686	18.4	20	20.8	19.2	20.8
2.688	19.2	19.2	20	19.2	21.6
2.69	18.4	20	20	19.2	21.6
2.692	18.4	20	20.8	19.2	20
2.694	18.4	19.2	20	19.2	20.8
2.696	19.2	20	20.8	19.2	20.8
2.698	18.4	20	20.8	19.2	20.8
2.7	18.4	19.2	20	20.8	20.8
2.702	19.2	19.2	20.8	18.4	20.8
2.704	19.2	19.2	20.8	19.2	20
2.706	19.2	19.2	20.8	19.2	20
2.708	19.2	20	20	20	20
2.71	19.2	20	20	20	21.6
2.712	19.2	20	20	17.6	20.8
2.714	18.4	19.2	19.2	20	20
2.716	19.2	19.2	20	19.2	20.8
2.718	18.4	19.2	20.8	20	20.8
2.72	18.4	20	20	19.2	20.8
2.722	19.2	19.2	20.8	19.2	20.8
2.724	18.4	20	20	20	20.8
2.726	19.2	20	19.2	19.2	20.8
2.728	19.2	19.2	20	19.2	20.8
2.73	18.4	19.2	20	20	20
2.732	18.4	19.2	20.8	19.2	20
2.734	19.2	20	20	20	20.8
2.736	18.4	20	19.2	19.2	20
2.738	19.2	19.2	20	19.2	20.8
2.74	19.2	20	19.2	19.2	20.8
2.742	19.2	19.2	20.8	19.2	20.8
2.744	19.2	20	20.8	20	20.8
2.746	18.4	20	20	19.2	20
2.748	18.4	20	20	19.2	20.8
2.75	18.4	19.2	20.8	19.2	20.8
2.752	19.2	19.2	20	19.2	21.6
2.754	19.2	19.2	20	19.2	20
2.756	18.4	19.2	19.2	18.4	20.8
2.758	18.4	19.2	20	19.2	21.6
2.76	18.4	19.2	20	19.2	20.8
2.762	19.2	19.2	20	19.2	20.8
2.764	19.2	20	19.2	19.2	20.8
2.766	17.6	20	18.4	18.4	20.8
2.768	18.4	19.2	20	20	20.8
2.77	19.2	19.2	20.8	19.2	20
2.772	19.2	19.2	20	19.2	21.6
2.774	19.2	20	20.8	19.2	20.8
2.776	18.4	20	19.2	20	20.8
2.778	18.4	19.2	20	19.2	20.8
2.78	20	19.2	20	20.8	20.8
2.782	19.2	20	20	20	20.8
2.784	19.2	20.8	20	19.2	20
2.786	19.2	20	20.8	19.2	20.8
2.788	18.4	20	20	19.2	20.8
2.79	19.2	20	20	20	20
2.792	18.4	20	20	19.2	20.8
2.794	19.2	21.6	20.8	18.4	20.8
2.796	19.2	19.2	20	20	21.6
2.798	19.2	20	20	20	19.2
2.8	18.4	20.8	19.2	19.2	20.8
2.802	19.2	20	20	19.2	20
2.804	19.2	19.2	20.8	19.2	20.8
2.806	18.4	19.2	20	19.2	20.8
2.808	19.2	19.2	20.8	19.2	20
2.81	18.4	19.2	20.8	20	21.6
2.812	17.6	20	19.2	18.4	20.8
2.814	19.2	20	20	20	20.8
2.816	19.2	19.2	20.8	19.2	20
2.818	18.4	19.2	20.8	20	20.8
2.82	18.4	20.8	20	20	20.8
2.822	19.2	19.2	20	20	20.8
2.824	19.2	20	20	19.2	20.8
2.826	19.2	19.2	20	18.4	20.8
2.828	17.6	19.2	20	19.2	20
2.83	19.2	19.2	20	20.8	20.8
2.832	19.2	19.2	20	19.2	20.8
2.834	20	20	20.8	20.8	20.8
2.836	18.4	19.2	19.2	20	20.8
2.838	19.2	20	20	20	20.8
2.84	19.2	20	20	20	20.8
2.842	18.4	19.2	20	20.8	20
2.844	18.4	20	20	19.2	20.8
2.846	19.2	20	20.8	19.2	20.8
2.848	19.2	20	20	20	20
2.85	18.4	20	20	19.2	20
2.852	19.2	20	20	19.2	20.8
2.854	18.4	20	20.8	19.2	20.8
2.856	18.4	20	19.2	20	21.6
2.858	19.2	20	20	19.2	20.8
2.86	19.2	20	20	19.2	20.8
2.862	19.2	19.2	20	20	20.8
2.864	19.2	20	20	20	20.8
2.866	19.2	20.8	20	19.2	20.8
2.868	18.4	19.2	20.8	19.2	20.8
2.87	19.2	19.2	20.8	20	20.8
2.872	18.4	20	20	19.2	20.8
2.874	19.2	20	20	20	20.8
2.876	18.4	19.2	20	20	20.8
2.878	19.2	19.2	19.2	19.2	20.8
2.88	19.2	19.2	20	19.2	20.8
2.882	19.2	20.8	20.8	20	20
2.884	19.2	19.2	20	19.2	20.8
2.886	18.4	20	20.8	18.4	20
2.888	16.8	20	19.2	20	20.8
2.89	20	18.4	19.2	20.8	20.8
2.892	19.2	19.2	20.8	20	20.8
2.894	18.4	20	19.2	20.8	20
2.896	19.2	19.2	20	19.2	20.8
2.898	18.4	20	19.2	19.2	20
2.9	19.2	19.2	19.2	19.2	20.8
2.902	18.4	20	20.8	19.2	20
2.904	18.4	19.2	20.8	20	20
2.906	18.4	20	19.2	20	20.8
2.908	18.4	20	19.2	19.2	20.8
2.91	19.2	20	19.2	20.8	20
2.912	19.2	20	20	20	20
2.914	19.2	19.2	20.8	20	20
2.916	18.4	20	19.2	19.2	20
2.918	17.6	19.2	20	19.2	20.8
2.92	20	19.2	19.2	19.2	20.8
2.922	19.2	19.2	20	19.2	20
2.924	18.4	19.2	20.8	20	20
2.926	19.2	20	20.8	19.2	20.8
2.928	18.4	20	20	19.2	20
2.93	18.4	20	20	19.2	20.8
2.932	19.2	19.2	19.2	20	20.8
2.934	19.2	20	20	19.2	20
2.936	18.4	19.2	20.8	19.2	19.2
2.938	19.2	20	20.8	20	20
2.94	17.6	19.2	20	20	20.8
2.942	18.4	19.2	20	20	20
2.944	20	19.2	20	20	20
2.946	19.2	20	20.8	20	19.2
2.948	19.2	20.8	20.8	19.2	20
2.95	19.2	19.2	19.2	20.8	20
2.952	18.4	19.2	20.8	20	20.8
2.954	20	19.2	20.8	20	12
2.956	19.2	20	20	19.2	3.2
2.958	19.2	20	20.8	19.2	2.4
2.96	19.2	19.2	20	19.2	3.2
2.962	18.4	20	19.2	20	3.2
2.964	19.2	20	20	20	4
2.966	19.2	19.2	19.2	20	3.2
2.968	18.4	20	20	19.2	3.2
2.97	19.2	19.2	20	19.2	3.2
2.972	19.2	20.8	20	20	3.2
2.974	19.2	20.8	20	20.8	3.2
2.976	20	19.2	20.8	19.2	3.2
2.978	19.2	20	20	19.2	2.4
2.98	19.2	2.4	20.8	20	3.2
2.982	18.4	2.4	20	19.2	2.4
2.984	19.2	2.4	19.2	20	3.2
2.986	19.2	2.4	20	19.2	3.2
2.988	19.2	3.2	20	19.2	2.4
2.99	19.2	3.2	20	20	3.2
2.992	18.4	2.4	20.8	19.2	3.2
2.994	19.2	3.2	19.2	20	3.2
2.996	19.2	2.4	20	19.2	3.2
2.998	19.2	3.2	20	20	4
3	19.2	2.4	20.8	20.8	3.2
3.002	19.2	2.4	20.8	19.2	2.4
3.004	19.2	3.2	20	20	2.4
3.006	18.4	3.2	19.2	20	2.4
3.008	19.2	3.2	20.8	19.2	2.4
3.01	19.2	2.4	19.2	18.4	3.2
3.012	19.2	2.4	20.8	20	3.2
3.014	19.2	2.4	20	19.2	3.2
3.016	18.4	2.4	20	19.2	3.2
3.018	19.2	3.2	19.2	18.4	4
3.02	19.2	2.4	20.8	19.2	3.2
3.022	19.2	3.2	20.8	19.2	2.4
3.024	19.2	3.2	20	20	3.2
3.026	20	2.4	20	19.2	3.2
3.028	18.4	3.2	20.8	19.2	3.2
3.03	20	3.2	20	20	3.2
3.032	3.2	3.2	19.2	19.2	3.2
3.034	1.6	3.2	20	19.2	2.4
3.036	2.4	3.2	20	20	2.4
3.038	2.4	3.2	20	19.2	2.4
3.04	2.4	3.2	20	19.2	3.2
3.042	3.2	2.4	19.2	19.2	1.6
3.044	3.2	3.2	19.2	19.2	2.4
3.046	2.4	2.4	20	19.2	2.4
3.048	2.4	3.2	20	18.4	3.2
3.05	2.4	2.4	20	4.8	3.2
3.052	3.2	2.4	19.2	2.4	2.4
3.054	3.2	3.2	20	3.2	3.2
3.056	2.4	2.4	20.8	3.2	3.2
3.058	3.2	2.4	19.2	3.2	2.4
3.06	2.4	2.4	19.2	3.2	3.2
3.062	3.2	2.4	20.8	3.2	3.2
3.064	1.6	2.4	20	4	3.2
3.066	2.4	3.2	19.2	3.2	2.4
3.068	3.2	3.2	19.2	3.2	3.2
3.07	3.2	3.2	19.2	2.4	2.4
3.072	3.2	2.4	20	2.4	3.2
3.074	3.2	3.2	20	4	2.4
3.076	3.2	2.4	20	2.4	2.4
3.078	2.4	2.4	20	3.2	3.2
3.08	2.4	3.2	20	2.4	2.4
3.082	3.2	3.2	20.8	2.4	3.2
3.084	2.4	2.4	20	2.4	3.2
3.086	2.4	2.4	20	3.2	3.2
3.088	3.2	2.4	20.8	2.4	2.4
3.09	2.4	2.4	19.2	3.2	2.4
3.092	3.2	2.4	20	2.4	4
3.094	2.4	3.2	20	2.4	2.4
3.096	3.2	3.2	19.2	3.2	2.4
3.098	3.2	2.4	19.2	3.2	2.4
3.1	2.4	2.4	19.2	2.4	2.4
3.102	2.4	3.2	20	2.4	3.2
3.104	3.2	2.4	7.2	2.4	2.4
3.106	2.4	2.4	3.2	3.2	3.2
3.108	3.2	3.2	4	3.2	3.2
3.11	3.2	3.2	3.2	3.2	2.4
3.112	2.4	3.2	3.2	1.6	2.4
3.114	2.4	2.4	3.2	3.2	2.4
3.116	3.2	3.2	2.4	3.2	3.2
3.118	3.2	2.4	3.2	3.2	3.2
3.12	3.2	3.2	2.4	3.2	2.4
3.122	3.2	2.4	2.4	3.2	3.2
3.124	3.2	2.4	2.4	3.2	3.2
3.126	2.4	2.4	3.2	2.4	3.2
3.128	3.2	2.4	2.4	2.4	2.4
3.13	2.4	3.2	2.4	4	3.2
3.132	2.4	3.2	2.4	2.4	3.2
3.134	2.4	3.2	3.2	2.4	3.2
3.136	2.4	3.2	3.2	3.2	3.2
3.138	2.4	2.4	3.2	3.2	3.2
3.14	3.2	2.4	2.4	3.2	3.2
3.142	3.2	3.2	2.4	2.4	3.2
3.144	3.2	2.4	1.6	2.4	3.2
3.146	2.4	2.4	2.4	3.2	3.2
3.148	3.2	3.2	3.2	4	3.2
3.15	3.2	3.2	3.2	2.4	2.4
3.152	2.4	2.4	2.4	2.4	2.4
3.154	3.2	2.4	3.2	3.2	3.2
3.156	2.4	3.2	2.4	3.2	3.2
3.158	3.2	2.4	2.4	2.4	2.4
3.16	3.2	3.2	3.2	3.2	3.2
3.162	2.4	2.4	2.4	3.2	2.4
3.164	3.2	3.2	2.4	3.2	3.2
3.166	2.4	3.2	3.2	2.4	3.2
3.168	2.4	2.4	3.2	4	3.2
3.17	3.2	2.4	3.2	2.4	3.2
3.172	3.2	2.4	3.2	3.2	2.4
3.174	2.4	3.2	2.4	2.4	3.2
3.176	2.4	2.4	3.2	3.2	3.2
3.178	3.2	2.4	3.2	3.2	3.2
3.18	2.4	2.4	2.4	3.2	3.2
3.182	2.4	2.4	2.4	3.2	3.2
3.184	2.4	2.4	2.4	3.2	3.2
3.186	2.4	3.2	2.4	1.6	3.2
3.188	3.2	2.4	2.4	4	3.2
3.19	3.2	3.2	2.4	2.4	3.2
3.192	3.2	3.2	3.2	2.4	2.4
3.194	2.4	2.4	3.2	2.4	3.2
3.196	2.4	3.2	2.4	3.2	2.4
3.198	3.2	2.4	3.2	3.2	2.4
3.2	3.2	3.2	2.4	3.2	4
3.202	3.2	2.4	2.4	2.4	3.2
3.204	2.4	3.2	2.4	3.2	3.2
3.206	2.4	2.4	2.4	2.4	1.6
3.208	3.2	3.2	3.2	3.2	2.4
3.21	3.2	2.4	2.4	3.2	3.2
3.212	2.4	4	2.4	3.2	3.2
3.214	2.4	2.4	3.2	2.4	2.4
3.216	2.4	2.4	2.4	3.2	2.4
3.218	3.2	3.2	2.4	3.2	4
3.22	3.2	3.2	2.4	3.2	3.2
3.222	3.2	2.4	3.2	3.2	3.2
3.224	2.4	3.2	3.2	2.4	2.4
3.226	2.4	2.4	2.4	3.2	2.4
3.228	3.2	3.2	2.4	2.4	2.4
3.23	4	3.2	3.2	2.4	3.2
3.232	3.2	3.2	3.2	2.4	3.2
3.234	3.2	3.2	2.4	3.2	3.2
3.236	2.4	3.2	2.4	2.4	3.2
3.238	2.4	3.2	2.4	3.2	2.4
3.24	3.2	3.2	2.4	2.4	3.2
3.242	2.4	2.4	2.4	2.4	1.6
3.244	2.4	4	3.2	3.2	2.4
3.246	3.2	2.4	2.4	2.4	2.4
3.248	3.2	2.4	3.2	2.4	3.2
3.25	2.4	2.4	3.2	3.2	3.2
3.252	4	3.2	2.4	2.4	3.2
3.254	3.2	3.2	2.4	3.2	2.4
3.256	3.2	4	3.2	2.4	2.4
3.258	1.6	2.4	2.4	2.4	3.2
3.26	2.4	3.2	3.2	2.4	3.2
3.262	3.2	3.2	2.4	3.2	3.2
3.264	2.4	4	2.4	2.4	3.2
3.266	4	2.4	2.4	2.4	3.2
3.268	1.6	2.4	2.4	2.4	2.4
3.27	2.4	3.2	3.2	2.4	3.2
3.272	2.4	2.4	4	2.4	2.4
3.274	2.4	3.2	3.2	2.4	3.2
3.276	3.2	2.4	3.2	3.2	3.2
3.278	3.2	2.4	3.2	2.4	3.2
3.28	2.4	2.4	3.2	2.4	3.2
3.282	3.2	2.4	3.2	3.2	3.2
3.284	3.2	2.4	3.2	2.4	2.4
3.286	3.2	3.2	2.4	2.4	2.4
3.288	3.2	3.2	3.2	2.4	2.4
3.29	3.2	3.2	3.2	3.2	3.2
3.292	2.4	2.4	3.2	2.4	3.2
3.294	3.2	2.4	3.2	3.2	2.4
3.296	3.2	2.4	3.2	3.2	2.4
3.298	2.4	2.4	3.2	3.2	3.2
3.3	2.4	2.4	2.4	3.2	3.2
3.302	2.4	2.4	4	2.4	2.4
3.304	3.2	3.2	3.2	3.2	2.4
3.306	3.2	3.2	2.4	2.4	3.2
3.308	2.4	3.2	2.4	3.2	3.2
3.31	2.4	3.2	3.2	3.2	3.2
3.312	3.2	3.2	2.4	3.2	3.2
3.314	3.2	3.2	3.2	3.2	2.4
3.316	3.2	2.4	2.4	3.2	3.2
3.318	2.4	2.4	2.4	2.4	3.2
3.32	2.4	2.4	2.4	2.4	4
3.322	2.4	1.6	2.4	3.2	2.4
3.324	2.4	3.2	2.4	2.4	2.4
3.326	2.4	2.4	2.4	3.2	3.2
3.328	3.2	2.4	2.4	2.4	3.2
3.33	2.4	2.4	3.2	3.2	3.2
3.332	3.2	3.2	2.4	3.2	2.4
3.334	2.4	2.4	3.2	2.4	3.2
3.336	3.2	2.4	2.4	2.4	2.4
3.338	3.2	2.4	3.2	3.2	2.4
3.34	3.2	3.2	3.2	2.4	2.4
3.342	2.4	3.2	2.4	1.6	3.2
3.344	2.4	2.4	2.4	4	1.6
3.346	3.2	3.2	2.4	2.4	3.2
3.348	3.2	3.2	3.2	2.4	3.2
3.35	3.2	2.4	3.2	3.2	3.2
3.352	2.4	2.4	2.4	2.4	2.4
3.354	2.4	2.4	2.4	2.4	2.4
3.356	3.2	3.2	2.4	3.2	3.2
3.358	3.2	3.2	2.4	3.2	2.4
3.36	2.4	2.4	1.6	3.2	2.4
3.362	3.2	2.4	1.6	3.2	3.2
3.364	2.4	2.4	3.2	3.2	3.2
3.366	2.4	2.4	2.4	3.2	2.4
3.368	3.2	2.4	2.4	3.2	3.2
3.37	3.2	3.2	3.2	2.4	3.2
3.372	2.4	2.4	2.4	3.2	3.2
3.374	2.4	2.4	2.4	3.2	3.2
3.376	2.4	3.2	2.4	3.2	3.2
3.378	2.4	3.2	3.2	3.2	3.2
3.38	3.2	2.4	2.4	3.2	3.2
3.382	3.2	3.2	2.4	2.4	3.2
3.384	3.2	3.2	3.2	2.4	3.2
3.386	3.2	2.4	1.6	2.4	2.4
3.388	2.4	3.2	2.4	2.4	2.4
3.39	3.2	2.4	2.4	2.4	2.4
3.392	2.4	3.2	3.2	3.2	3.2
3.394	2.4	2.4	2.4	4	3.2
3.396	3.2	2.4	3.2	4	3.2
3.398	3.2	3.2	2.4	3.2	1.6
3.4	2.4	3.2	2.4	2.4	3.2
3.402	2.4	3.2	2.4	2.4	2.4
3.404	4	3.2	2.4	3.2	2.4
3.406	2.4	2.4	2.4	2.4	3.2
3.408	2.4	3.2	3.2	3.2	3.2
3.41	3.2	2.4	3.2	4	3.2
3.412	2.4	3.2	3.2	3.2	3.2
3.414	2.4	2.4	2.4	3.2	3.2
3.416	2.4	2.4	2.4	3.2	2.4
3.418	3.2	2.4	3.2	2.4	3.2
3.42	2.4	2.4	2.4	3.2	3.2
3.422	2.4	3.2	3.2	3.2	3.2
3.424	2.4	2.4	2.4	2.4	3.2
3.426	2.4	2.4	3.2	3.2	2.4
3.428	2.4	2.4	2.4	2.4	3.2
3.43	3.2	2.4	3.2	4	2.4
3.432	2.4	2.4	2.4	2.4	2.4
3.434	4	1.6	2.4	2.4	2.4
3.436	3.2	2.4	2.4	3.2	3.2
3.438	3.2	3.2	2.4	3.2	2.4
3.44	3.2	3.2	2.4	2.4	3.2
3.442	3.2	3.2	2.4	4	3.2
3.444	3.2	3.2	2.4	2.4	3.2
3.446	2.4	3.2	2.4	3.2	4
3.448	3.2	2.4	2.4	2.4	2.4
3.45	3.2	3.2	3.2	3.2	2.4
3.452	2.4	3.2	2.4	2.4	2.4
3.454	3.2	3.2	3.2	2.4	3.2
3.456	3.2	2.4	3.2	2.4	3.2
3.458	3.2	3.2	3.2	2.4	3.2
3.46	2.4	2.4	3.2	3.2	3.2
3.462	2.4	2.4	3.2	3.2	3.2
3.464	1.6	3.2	3.2	2.4	3.2
3.466	2.4	3.2	3.2	2.4	2.4
3.468	3.2	3.2	2.4	2.4	2.4
3.47	2.4	2.4	2.4	2.4	3.2
3.472	2.4	2.4	4	4	2.4
3.474	3.2	2.4	2.4	2.4	2.4
3.476	3.2	2.4	4	3.2	4
3.478	3.2	2.4	2.4	2.4	2.4
3.48	3.2	2.4	2.4	2.4	2.4
3.482	3.2	3.2	2.4	2.4	3.2
3.484	2.4	3.2	3.2	3.2	3.2
3.486	3.2	2.4	3.2	2.4	2.4
3.488	3.2	3.2	4	2.4	4
3.49	1.6	3.2	3.2	3.2	3.2
3.492	3.2	2.4	2.4	3.2	2.4
3.494	3.2	2.4	3.2	2.4	3.2
3.496	3.2	3.2	2.4	3.2	2.4
3.498	2.4	3.2	3.2	3.2	3.2
3.5	2.4	2.4	3.2	3.2	2.4
3.502	2.4	3.2	3.2	2.4	3.2
3.504	2.4	2.4	3.2	2.4	2.4
3.506	3.2	2.4	2.4	3.2	2.4
3.508	3.2	3.2	3.2	2.4	2.4
3.51	3.2	3.2	3.2	3.2	3.2
3.512	3.2	3.2	2.4	3.2	2.4
3.514	2.4	2.4	2.4	2.4	2.4
3.516	2.4	2.4	3.2	3.2	3.2
3.518	3.2	1.6	2.4	4	4
3.52	3.2	3.2	3.2	3.2	2.4
3.522	3.2	2.4	3.2	2.4	2.4
3.524	3.2	2.4	2.4	2.4	2.4
3.526	2.4	2.4	2.4	3.2	2.4
3.528	3.2	2.4	2.4	2.4	3.2
3.53	3.2	1.6	3.2	2.4	3.2
3.532	2.4	2.4	3.2	3.2	3.2
3.534	2.4	3.2	2.4	3.2	3.2
3.536	3.2	3.2	1.6	3.2	2.4
3.538	2.4	3.2	3.2	2.4	2.4
3.54	3.2	3.2	3.2	3.2	4
3.542	2.4	2.4	3.2	3.2	2.4
3.544	3.2	2.4	2.4	3.2	2.4
3.546	2.4	2.4	3.2	3.2	3.2
3.548	3.2	2.4	2.4	3.2	3.2
3.55	3.2	3.2	3.2	2.4	3.2
3.552	3.2	3.2	1.6	3.2	4
3.554	3.2	2.4	3.2	3.2	2.4
3.556	3.2	3.2	3.2	3.2	3.2
3.558	2.4	3.2	3.2	3.2	2.4
3.56	3.2	3.2	2.4	3.2	4
3.562	3.2	3.2	2.4	2.4	3.2
3.564	1.6	2.4	2.4	3.2	3.2
3.566	2.4	2.4	4	3.2	3.2
3.568	3.2	2.4	3.2	2.4	2.4
3.57	2.4	3.2	3.2	3.2	4
3.572	3.2	3.2	2.4	3.2	3.2
3.574	2.4	3.2	2.4	4	2.4
3.576	2.4	3.2	3.2	3.2	2.4
3.578	3.2	2.4	2.4	3.2	3.2
3.58	2.4	3.2	3.2	2.4	3.2
3.582	3.2	3.2	2.4	3.2	3.2
3.584	3.2	2.4	3.2	3.2	1.6
3.586	2.4	2.4	3.2	2.4	2.4
3.588	2.4	3.2	2.4	3.2	2.4
3.59	2.4	3.2	2.4	2.4	3.2
3.592	3.2	2.4	2.4	2.4	3.2
3.594	3.2	3.2	3.2	2.4	2.4
3.596	3.2	3.2	2.4	3.2	2.4
3.598	2.4	3.2	3.2	4	2.4
3.6	2.4	3.2	2.4	2.4	3.2
3.602	4	3.2	2.4	4	2.4
3.604	2.4	2.4	3.2	3.2	3.2
3.606	2.4	2.4	3.2	3.2	3.2
3.608	2.4	3.2	2.4	3.2	2.4
3.61	3.2	3.2	3.2	3.2	2.4
3.612	2.4	2.4	2.4	2.4	4
3.614	3.2	2.4	3.2	1.6	3.2
3.616	2.4	2.4	4	2.4	2.4
3.618	2.4	3.2	2.4	3.2	3.2
3.62	3.2	3.2	3.2	2.4	2.4
3.622	3.2	2.4	2.4	3.2	3.2
3.624	2.4	2.4	2.4	2.4	2.4
3.626	3.2	3.2	2.4	3.2	3.2
3.628	3.2	2.4	2.4	2.4	3.2
3.63	3.2	2.4	3.2	3.2	2.4
3.632	1.6	3.2	3.2	4	3.2
3.634	3.2	2.4	2.4	2.4	2.4
3.636	2.4	2.4	2.4	2.4	2.4
3.638	3.2	1.6	3.2	2.4	3.2
3.64	2.4	2.4	3.2	3.2	3.2
3.642	2.4	4	2.4	2.4	2.4
3.644	2.4	2.4	2.4	2.4	3.2
3.646	2.4	2.4	2.4	3.2	3.2
3.648	3.2	2.4	3.2	2.4	3.2
3.65	2.4	3.2	3.2	3.2	3.2
3.652	2.4	1.6	2.4	4	3.2
3.654	3.2	2.4	2.4	3.2	2.4
3.656	2.4	2.4	2.4	3.2	4
3.658	3.2	2.4	2.4	3.2	3.2
3.66	3.2	4	3.2	2.4	2.4
3.662	4	2.4	1.6	3.2	3.2
3.664	2.4	2.4	2.4	2.4	2.4
3.666	3.2	2.4	1.6	3.2	2.4
3.668	2.4	3.2	2.4	2.4	2.4
3.67	2.4	3.2	3.2	3.2	2.4
3.672	3.2	3.2	2.4	4	3.2
3.674	4	3.2	2.4	3.2	4
3.676	3.2	2.4	2.4	2.4	2.4
3.678	2.4	3.2	2.4	3.2	3.2
3.68	3.2	3.2	3.2	3.2	2.4
3.682	3.2	2.4	3.2	2.4	2.4
3.684	2.4	3.2	3.2	3.2	3.2
3.686	2.4	3.2	3.2	2.4	3.2
3.688	2.4	2.4	2.4	2.4	2.4
3.69	3.2	3.2	2.4	2.4	3.2
3.692	2.4	3.2	2.4	3.2	3.2
3.694	3.2	2.4	2.4	2.4	3.2
3.696	1.6	2.4	2.4	2.4	3.2
3.698	2.4	2.4	3.2	3.2	3.2
3.7	2.4	2.4	3.2	3.2	3.2
3.702	2.4	2.4	2.4	2.4	3.2
3.704	2.4	2.4	3.2	3.2	3.2
3.706	2.4	3.2	2.4	3.2	3.2
3.708	2.4	2.4	2.4	3.2	3.2
3.71	1.6	2.4	2.4	2.4	1.6
3.712	2.4	2.4	3.2	3.2	3.2
3.714	3.2	3.2	2.4	3.2	4
3.716	2.4	3.2	3.2	2.4	1.6
3.718	3.2	3.2	3.2	2.4	3.2
3.72	2.4	3.2	2.4	3.2	2.4
3.722	3.2	2.4	3.2	4	2.4
3.724	3.2	3.2	3.2	2.4	3.2
3.726	3.2	2.4	2.4	3.2	3.2
3.728	2.4	2.4	3.2	2.4	3.2
3.73	2.4	3.2	2.4	2.4	2.4
3.732	2.4	2.4	3.2	3.2	2.4
3.734	3.2	2.4	2.4	2.4	3.2
3.736	2.4	2.4	2.4	3.2	3.2
3.738	3.2	3.2	2.4	2.4	3.2
3.74	2.4	2.4	2.4	3.2	3.2
3.742	3.2	2.4	3.2	2.4	2.4
3.744	2.4	3.2	3.2	3.2	3.2
3.746	3.2	2.4	3.2	3.2	2.4
3.748	2.4	2.4	2.4	2.4	3.2
3.75	3.2	3.2	3.2	2.4	2.4
3.752	2.4	2.4	3.2	2.4	2.4
3.754	3.2	3.2	3.2	3.2	3.2
3.756	2.4	3.2	3.2	2.4	3.2
3.758	3.2	3.2	2.4	2.4	3.2
3.76	3.2	3.2	2.4	3.2	3.2
3.762	2.4	3.2	1.6	2.4	2.4
3.764	2.4	3.2	2.4	3.2	3.2
3.766	2.4	3.2	3.2	2.4	2.4
3.768	3.2	2.4	3.2	3.2	3.2
3.77	2.4	3.2	2.4	2.4	3.2
3.772	3.2	2.4	2.4	2.4	3.2
3.774	2.4	2.4	2.4	3.2	3.2
3.776	3.2	2.4	2.4	2.4	2.4
3.778	3.2	3.2	3.2	2.4	3.2
3.78	2.4	2.4	2.4	2.4	3.2
3.782	1.6	3.2	2.4	3.2	2.4
3.784	3.2	2.4	2.4	2.4	2.4
3.786	2.4	2.4	3.2	3.2	3.2
3.788	2.4	3.2	3.2	2.4	3.2
3.79	3.2	2.4	3.2	2.4	2.4
3.792	2.4	2.4	2.4	2.4	2.4
3.794	3.2	3.2	2.4	2.4	3.2
3.796	3.2	2.4	2.4	3.2	3.2
3.798	2.4	3.2	4	2.4	3.2
3.8	3.2	3.2	2.4	3.2	2.4
3.802	3.2	3.2	3.2	2.4	2.4
3.804	2.4	2.4	2.4	3.2	3.2
3.806	1.6	1.6	2.4	3.2	2.4
3.808	2.4	3.2	4	2.4	1.6
3.81	2.4	2.4	3.2	3.2	3.2
3.812	3.2	3.2	3.2	1.6	3.2
3.814	2.4	3.2	3.2	2.4	2.4
3.816	3.2	2.4	2.4	3.2	2.4
3.818	3.2	3.2	3.2	3.2	2.4
3.82	3.2	3.2	3.2	3.2	2.4
3.822	3.2	3.2	3.2	2.4	3.2
3.824	3.2	3.2	1.6	3.2	4
3.826	3.2	2.4	3.2	2.4	3.2
3.828	2.4	3.2	2.4	3.2	2.4
3.83	2.4	2.4	3.2	3.2	2.4
3.832	2.4	3.2	4	3.2	3.2
3.834	3.2	2.4	2.4	2.4	3.2
3.836	2.4	3.2	3.2	2.4	3.2
3.838	3.2	2.4	2.4	3.2	2.4
3.84	2.4	2.4	3.2	4	2.4
3.842	2.4	3.2	3.2	2.4	4
3.844	2.4	3.2	2.4	2.4	3.2
3.846	3.2	3.2	2.4	2.4	3.2
3.848	3.2	2.4	3.2	3.2	3.2
3.85	2.4	3.2	3.2	3.2	3.2
3.852	3.2	2.4	2.4	3.2	3.2
3.854	3.2	2.4	3.2	3.2	2.4
3.856	3.2	3.2	1.6	3.2	3.2
3.858	3.2	3.2	1.6	3.2	3.2
3.86	2.4	3.2	3.2	2.4	2.4
3.862	3.2	3.2	3.2	2.4	3.2
3.864	3.2	2.4	2.4	3.2	3.2
3.866	3.2	2.4	1.6	3.2	4
3.868	3.2	2.4	3.2	3.2	3.2
3.87	3.2	2.4	3.2	3.2	2.4
3.872	2.4	3.2	2.4	3.2	4
3.874	3.2	2.4	2.4	3.2	3.2
3.876	2.4	2.4	3.2	2.4	2.4
3.878	2.4	2.4	3.2	2.4	3.2
3.88	3.2	2.4	2.4	3.2	3.2
3.882	2.4	2.4	3.2	3.2	2.4
3.884	3.2	2.4	3.2	3.2	4
3.886	3.2	2.4	2.4	3.2	2.4
3.888	2.4	3.2	3.2	2.4	3.2
3.89	3.2	3.2	2.4	3.2	3.2
3.892	3.2	3.2	2.4	2.4	2.4
3.894	3.2	2.4	2.4	2.4	3.2
3.896	3.2	2.4	2.4	3.2	2.4
3.898	3.2	3.2	3.2	3.2	2.4
3.9	3.2	3.2	3.2	3.2	3.2
3.902	2.4	3.2	2.4	3.2	3.2
3.904	1.6	3.2	3.2	3.2	3.2
3.906	3.2	2.4	3.2	3.2	3.2
3.908	4	3.2	2.4	3.2	3.2
3.91	2.4	2.4	3.2	3.2	2.4
3.912	3.2	4	3.2	3.2	2.4
3.914	2.4	3.2	2.4	1.6	2.4
3.916	3.2	2.4	3.2	1.6	2.4
3.918	3.2	3.2	2.4	1.6	3.2
3.92	2.4	2.4	3.2	2.4	2.4
3.922	2.4	3.2	3.2	3.2	3.2
3.924	2.4	2.4	3.2	3.2	3.2
3.926	3.2	2.4	3.2	3.2	3.2
3.928	2.4	2.4	4	3.2	2.4
3.93	3.2	2.4	2.4	3.2	2.4
3.932	3.2	3.2	2.4	4	3.2
3.934	2.4	3.2	3.2	4	2.4
3.936	2.4	3.2	2.4	2.4	2.4
3.938	2.4	3.2	2.4	2.4	3.2
3.94	3.2	3.2	2.4	2.4	3.2
3.942	2.4	2.4	2.4	2.4	3.2
3.944	2.4	3.2	3.2	3.2	3.2
3.946	3.2	2.4	3.2	2.4	2.4
3.948	2.4	3.2	2.4	2.4	3.2
3.95	3.2	2.4	2.4	2.4	3.2
3.952	3.2	2.4	3.2	3.2	0.8
3.954	3.2	3.2	3.2	4	3.2
3.956	3.2	3.2	3.2	3.2	4
3.958	3.2	2.4	2.4	3.2	2.4
3.96	3.2	3.2	3.2	2.4	3.2
3.962	2.4	3.2	3.2	3.2	3.2
3.964	3.2	3.2	2.4	2.4	2.4
3.966	3.2	3.2	3.2	2.4	3.2
3.968	2.4	3.2	2.4	2.4	3.2
3.97	2.4	2.4	3.2	4	3.2
3.972	3.2	2.4	2.4	2.4	3.2
3.974	3.2	4	2.4	2.4	2.4
3.976	2.4	4	3.2	3.2	3.2
3.978	3.2	3.2	3.2	3.2	3.2
3.98	2.4	3.2	1.6	3.2	2.4
3.982	3.2	3.2	2.4	2.4	2.4
3.984	2.4	2.4	2.4	2.4	3.2
3.986	3.2	2.4	2.4	3.2	3.2
3.988	2.4	3.2	3.2	3.2	2.4
3.99	3.2	3.2	3.2	3.2	3.2
3.992	2.4	3.2	2.4	2.4	2.4
3.994	2.4	3.2	3.2	3.2	2.4
3.996	2.4	2.4	3.2	3.2	4
3.998	3.2	3.2	3.2	3.2	3.2
4	3.2	3.2	3.2	3.2	2.4
4.002	2.4	2.4	2.4	3.2	2.4
4.004	2.4	3.2	2.4	3.2	2.4
4.006	3.2	3.2	2.4	2.4	2.4
4.008	3.2	2.4	3.2	3.2	3.2
4.01	3.2	2.4	3.2	3.2	3.2
4.012	2.4	2.4	3.2	2.4	2.4
4.014	3.2	3.2	3.2	2.4	3.2
4.016	3.2	3.2	2.4	3.2	3.2
4.018	3.2	3.2	3.2	2.4	3.2
4.02	2.4	2.4	4	3.2	3.2
4.022	2.4	3.2	2.4	4.8	2.4
4.024	1.6	3.2	2.4	3.2	3.2
4.026	3.2	4	2.4	2.4	3.2
4.028	3.2	3.2	3.2	3.2	3.2
4.03	2.4	2.4	3.2	3.2	3.2
4.032	2.4	2.4	2.4	2.4	3.2
4.034	3.2	3.2	2.4	3.2	3.2
4.036	3.2	2.4	2.4	2.4	3.2
4.038	2.4	2.4	2.4	3.2	2.4
4.04	2.4	2.4	3.2	3.2	3.2
4.042	2.4	2.4	3.2	3.2	3.2
4.044	2.4	3.2	2.4	3.2	2.4
4.046	3.2	3.2	2.4	3.2	3.2
4.048	3.2	1.6	2.4	3.2	3.2
4.05	2.4	2.4	3.2	3.2	2.4
4.052	3.2	3.2	2.4	3.2	3.2
4.054	3.2	2.4	3.2	2.4	2.4
4.056	3.2	2.4	2.4	3.2	2.4
4.058	2.4	2.4	3.2	3.2	2.4
4.06	3.2	2.4	4	3.2	2.4
4.062	2.4	3.2	3.2	3.2	2.4
4.064	3.2	2.4	2.4	4	3.2
4.066	2.4	4	2.4	2.4	2.4
4.068	4	3.2	3.2	3.2	3.2
4.07	3.2	3.2	2.4	3.2	3.2
4.072	3.2	2.4	3.2	3.2	3.2
4.074	3.2	3.2	3.2	3.2	2.4
4.076	3.2	3.2	2.4	3.2	2.4
4.078	3.2	2.4	3.2	3.2	2.4
4.08	2.4	2.4	2.4	2.4	3.2
4.082	3.2	2.4	3.2	3.2	3.2
4.084	3.2	3.2	2.4	3.2	3.2
4.086	3.2	2.4	2.4	3.2	2.4
4.088	3.2	3.2	2.4	2.4	2.4
4.09	3.2	3.2	3.2	3.2	2.4
4.092	3.2	3.2	3.2	3.2	2.4
4.094	2.4	2.4	1.6	3.2	3.2
4.096	3.2	2.4	2.4	3.2	3.2
4.098	2.4	2.4	3.2	2.4	3.2
4.1	2.4	3.2	2.4	2.4	2.4
4.102	2.4	2.4	2.4	3.2	3.2
4.104	2.4	2.4	3.2	2.4	2.4
4.106	3.2	2.4	2.4	3.2	3.2
4.108	1.6	3.2	3.2	2.4	2.4
4.11	2.4	3.2	3.2	2.4	2.4
4.112	2.4	2.4	3.2	2.4	3.2
4.114	2.4	2.4	3.2	2.4	2.4
4.116	2.4	2.4	3.2	1.6	2.4
4.118	3.2	3.2	2.4	2.4	3.2
4.12	3.2	3.2	2.4	4	2.4
4.122	3.2	2.4	2.4	2.4	2.4
4.124	0.8	1.6	3.2	2.4	2.4
4.126	3.2	2.4	3.2	4	4
4.128	3.2	4	2.4	2.4	3.2
4.13	3.2	3.2	3.2	2.4	3.2
4.132	2.4	3.2	2.4	2.4	3.2
4.134	2.4	2.4	2.4	2.4	2.4
4.136	2.4	3.2	2.4	2.4	2.4
4.138	2.4	2.4	2.4	2.4	2.4
4.14	3.2	2.4	3.2	2.4	2.4
4.142	3.2	2.4	3.2	3.2	3.2
4.144	2.4	2.4	3.2	3.2	3.2
4.146	2.4	3.2	4	3.2	3.2
4.148	2.4	3.2	3.2	3.2	3.2
4.15	3.2	3.2	2.4	3.2	3.2
4.152	3.2	2.4	3.2	3.2	4
4.154	3.2	2.4	3.2	3.2	2.4
4.156	2.4	2.4	3.2	2.4	2.4
4.158	3.2	2.4	2.4	3.2	3.2
4.16	3.2	2.4	2.4	2.4	3.2
4.162	3.2	3.2	2.4	3.2	3.2
4.164	3.2	3.2	2.4	3.2	3.2
4.166	2.4	3.2	3.2	2.4	2.4
4.168	2.4	2.4	2.4	3.2	3.2
4.17	3.2	2.4	3.2	2.4	3.2
4.172	3.2	3.2	3.2	3.2	2.4
4.174	2.4	2.4	3.2	3.2	2.4
4.176	2.4	3.2	3.2	3.2	3.2
4.178	2.4	3.2	3.2	3.2	2.4
4.18	2.4	3.2	3.2	4	3.2
4.182	3.2	3.2	2.4	3.2	3.2
4.184	2.4	2.4	2.4	3.2	2.4
4.186	3.2	2.4	2.4	3.2	2.4
4.188	3.2	2.4	2.4	3.2	3.2
4.19	2.4	3.2	2.4	3.2	4
4.192	3.2	3.2	3.2	3.2	4
4.194	4	2.4	2.4	2.4	2.4
4.196	2.4	3.2	2.4	2.4	2.4
4.198	3.2	2.4	3.2	3.2	2.4
4.2	2.4	3.2	3.2	3.2	3.2
4.202	2.4	2.4	3.2	3.2	2.4
4.204	2.4	2.4	2.4	2.4	3.2
4.206	3.2	2.4	3.2	2.4	3.2
4.208	3.2	3.2	3.2	3.2	2.4
4.21	3.2	3.2	3.2	3.2	3.2
4.212	3.2	3.2	2.4	3.2	2.4
4.214	3.2	3.2	3.2	3.2	3.2
4.216	3.2	3.2	3.2	2.4	2.4
4.218	2.4	2.4	3.2	1.6	2.4
4.22	2.4	2.4	3.2	3.2	2.4
4.222	2.4	3.2	3.2	2.4	3.2
4.224	2.4	3.2	2.4	3.2	3.2
4.226	3.2	2.4	2.4	2.4	3.2
4.228	1.6	3.2	2.4	2.4	2.4
4.23	3.2	2.4	3.2	2.4	3.2
4.232	3.2	2.4	3.2	2.4	3.2
4.234	3.2	3.2	3.2	2.4	3.2
4.236	3.2	2.4	3.2	3.2	2.4
4.238	3.2	3.2	4	1.6	3.2
4.24	2.4	3.2	3.2	2.4	3.2
4.242	3.2	3.2	2.4	2.4	3.2
4.244	3.2	3.2	3.2	3.2	2.4
4.246	2.4	2.4	3.2	3.2	3.2
4.248	3.2	3.2	3.2	3.2	2.4
4.25	3.2	3.2	1.6	2.4	2.4
4.252	3.2	2.4	3.2	2.4	2.4
4.254	3.2	3.2	3.2	3.2	3.2
4.256	3.2	2.4	2.4	3.2	3.2
4.258	4	1.6	2.4	1.6	3.2
4.26	3.2	3.2	1.6	3.2	2.4
4.262	3.2	2.4	2.4	4	2.4
4.264	2.4	2.4	3.2	3.2	3.2
4.266	3.2	3.2	3.2	2.4	3.2
4.268	2.4	2.4	2.4	2.4	2.4
4.27	3.2	3.2	2.4	3.2	2.4
4.272	2.4	3.2	3.2	3.2	3.2
4.274	2.4	3.2	2.4	3.2	3.2
4.276	2.4	3.2	2.4	3.2	2.4
4.278	3.2	2.4	4	3.2	3.2
4.28	4	3.2	3.2	2.4	2.4
4.282	2.4	2.4	2.4	2.4	3.2
4.284	2.4	2.4	3.2	2.4	3.2
4.286	3.2	3.2	1.6	2.4	2.4
4.288	3.2	3.2	2.4	3.2	3.2
4.29	3.2	3.2	2.4	3.2	2.4
4.292	2.4	2.4	2.4	2.4	2.4
4.294	2.4	3.2	4	3.2	2.4
4.296	2.4	3.2	2.4	4	3.2
4.298	2.4	2.4	3.2	3.2	3.2
4.3	2.4	3.2	2.4	2.4	3.2
4.302	3.2	4	3.2	3.2	3.2
4.304	2.4	3.2	3.2	3.2	2.4
4.306	2.4	2.4	2.4	3.2	3.2
4.308	2.4	3.2	3.2	3.2	4
4.31	3.2	2.4	2.4	3.2	3.2
4.312	2.4	1.6	2.4	2.4	3.2
4.314	3.2	3.2	4	2.4	2.4
4.316	3.2	3.2	2.4	3.2	2.4
4.318	3.2	2.4	2.4	2.4	3.2
4.32	2.4	3.2	2.4	2.4	2.4
4.322	3.2	2.4	2.4	2.4	2.4
4.324	2.4	2.4	2.4	2.4	3.2
4.326	2.4	3.2	2.4	3.2	3.2
4.328	2.4	3.2	3.2	3.2	4
4.33	3.2	2.4	2.4	2.4	3.2
4.332	3.2	2.4	3.2	2.4	2.4
4.334	2.4	3.2	2.4	2.4	2.4
4.336	3.2	2.4	3.2	2.4	3.2
4.338	2.4	2.4	3.2	2.4	3.2
4.34	2.4	2.4	3.2	3.2	3.2
4.342	3.2	2.4	2.4	3.2	2.4
4.344	3.2	2.4	3.2	3.2	3.2
4.346	2.4	3.2	3.2	4	2.4
4.348	2.4	2.4	3.2	3.2	3.2
4.35	2.4	4	2.4	2.4	3.2
4.352	3.2	3.2	2.4	3.2	2.4
4.354	3.2	3.2	2.4	3.2	3.2
4.356	2.4	3.2	3.2	3.2	2.4
4.358	2.4	2.4	3.2	3.2	4
4.36	2.4	2.4	3.2	3.2	3.2
4.362	3.2	2.4	2.4	2.4	3.2
4.364	2.4	2.4	3.2	3.2	2.4
4.366	2.4	2.4	2.4	3.2	3.2
4.368	2.4	3.2	2.4	2.4	3.2
4.37	3.2	2.4	2.4	3.2	2.4
4.372	3.2	3.2	3.2	3.2	3.2
4.374	2.4	3.2	2.4	3.2	3.2
4.376	3.2	2.4	2.4	3.2	3.2
4.378	3.2	2.4	3.2	3.2	2.4
4.38	3.2	2.4	3.2	3.2	3.2
4.382	3.2	2.4	3.2	2.4	3.2
4.384	3.2	3.2	2.4	1.6	3.2
4.386	3.2	2.4	2.4	3.2	3.2
4.388	3.2	3.2	2.4	3.2	3.2
4.39	2.4	3.2	3.2	2.4	2.4
4.392	2.4	2.4	3.2	2.4	3.2
4.394	2.4	2.4	2.4	3.2	3.2
4.396	2.4	3.2	2.4	3.2	3.2
4.398	3.2	3.2	3.2	3.2	2.4
4.4	3.2	2.4	3.2	3.2	2.4
4.402	2.4	2.4	2.4	2.4	3.2
4.404	2.4	3.2	3.2	2.4	3.2
4.406	3.2	3.2	2.4	2.4	2.4
4.408	2.4	3.2	3.2	2.4	2.4
4.41	3.2	2.4	2.4	3.2	3.2
4.412	2.4	3.2	2.4	2.4	3.2
4.414	2.4	3.2	2.4	2.4	2.4
4.416	3.2	2.4	3.2	3.2	3.2
4.418	3.2	2.4	2.4	2.4	2.4
4.42	2.4	2.4	3.2	2.4	3.2
4.422	2.4	2.4	3.2	4	3.2
4.424	3.2	2.4	2.4	3.2	3.2
4.426	3.2	2.4	3.2	2.4	3.2
4.428	2.4	3.2	2.4	2.4	3.2
4.43	3.2	2.4	2.4	3.2	3.2
4.432	3.2	2.4	2.4	3.2	2.4
4.434	2.4	3.2	3.2	2.4	3.2
4.436	2.4	2.4	2.4	3.2	3.2
4.438	3.2	3.2	2.4	3.2	2.4
4.44	2.4	3.2	2.4	2.4	3.2
4.442	3.2	1.6	2.4	2.4	2.4
4.444	3.2	3.2	2.4	3.2	3.2
4.446	3.2	2.4	3.2	2.4	3.2
4.448	2.4	3.2	3.2	2.4	3.2
4.45	2.4	3.2	3.2	3.2	3.2
4.452	2.4	2.4	2.4	2.4	3.2
4.454	2.4	3.2	3.2	3.2	3.2
4.456	3.2	3.2	2.4	3.2	3.2
4.458	2.4	3.2	1.6	3.2	3.2
4.46	2.4	3.2	2.4	2.4	3.2
4.462	2.4	2.4	3.2	3.2	2.4
4.464	3.2	2.4	2.4	3.2	3.2
4.466	3.2	2.4	3.2	2.4	3.2
4.468	2.4	3.2	2.4	3.2	3.2
4.47	2.4	2.4	2.4	2.4	3.2
4.472	2.4	3.2	2.4	3.2	2.4
4.474	3.2	2.4	2.4	3.2	4
4.476	3.2	2.4	3.2	3.2	3.2
4.478	4	3.2	3.2	2.4	2.4
4.48	2.4	2.4	3.2	2.4	3.2
4.482	2.4	3.2	2.4	2.4	2.4
4.484	3.2	2.4	3.2	3.2	3.2
4.486	2.4	3.2	3.2	2.4	2.4
4.488	2.4	2.4	3.2	3.2	3.2
4.49	2.4	3.2	3.2	2.4	3.2
4.492	3.2	3.2	2.4	2.4	3.2
4.494	2.4	2.4	2.4	2.4	3.2
4.496	3.2	2.4	3.2	2.4	3.2
4.498	4	3.2	2.4	3.2	4
4.5	2.4	3.2	3.2	2.4	3.2
4.502	3.2	3.2	3.2	3.2	2.4
4.504	2.4	3.2	2.4	2.4	3.2
4.506	2.4	2.4	2.4	3.2	2.4
4.508	2.4	3.2	1.6	2.4	4
4.51	3.2	3.2	3.2	3.2	3.2
4.512	2.4	2.4	3.2	3.2	3.2
4.514	3.2	2.4	2.4	3.2	2.4
4.516	2.4	2.4	2.4	3.2	3.2
4.518	3.2	3.2	3.2	3.2	3.2
4.52	2.4	1.6	3.2	2.4	3.2
4.522	2.4	3.2	2.4	3.2	2.4
4.524	3.2	2.4	1.6	2.4	2.4
4.526	2.4	2.4	2.4	3.2	2.4
4.528	2.4	2.4	3.2	3.2	3.2
4.53	2.4	3.2	3.2	2.4	2.4
4.532	2.4	2.4	3.2	3.2	3.2
4.534	1.6	3.2	2.4	3.2	2.4
4.536	2.4	2.4	2.4	3.2	2.4
4.538	2.4	3.2	3.2	3.2	4.8
4.54	3.2	2.4	2.4	3.2	3.2
4.542	2.4	2.4	2.4	2.4	2.4
4.544	3.2	1.6	2.4	3.2	3.2
4.546	4	4	2.4	2.4	3.2
4.548	3.2	2.4	3.2	3.2	3.2
4.55	2.4	2.4	2.4	3.2	3.2
4.552	3.2	3.2	3.2	3.2	3.2
4.554	3.2	2.4	3.2	2.4	2.4
4.556	2.4	3.2	2.4	3.2	2.4
4.558	2.4	3.2	3.2	3.2	3.2
4.56	3.2	2.4	2.4	3.2	3.2
4.562	2.4	3.2	2.4	3.2	2.4
4.564	3.2	2.4	2.4	2.4	2.4
4.566	3.2	2.4	4	2.4	2.4
4.568	3.2	3.2	2.4	3.2	1.6
4.57	1.6	3.2	2.4	3.2	2.4
4.572	3.2	2.4	3.2	2.4	3.2
4.574	3.2	3.2	2.4	3.2	3.2
4.576	3.2	2.4	1.6	2.4	3.2
4.578	3.2	2.4	3.2	3.2	3.2
4.58	3.2	3.2	2.4	3.2	3.2
4.582	3.2	2.4	2.4	3.2	3.2
4.584	2.4	3.2	2.4	3.2	3.2
4.586	2.4	3.2	2.4	3.2	2.4
4.588	2.4	3.2	3.2	3.2	2.4
4.59	3.2	3.2	2.4	2.4	3.2
4.592	3.2	3.2	2.4	2.4	3.2
4.594	2.4	3.2	2.4	3.2	3.2
4.596	2.4	3.2	3.2	2.4	2.4
4.598	3.2	2.4	3.2	3.2	3.2
4.6	3.2	2.4	3.2	1.6	3.2
4.602	3.2	3.2	3.2	3.2	2.4
4.604	2.4	2.4	3.2	3.2	2.4
4.606	2.4	3.2	3.2	2.4	3.2
4.608	2.4	4	3.2	2.4	2.4
4.61	2.4	3.2	2.4	3.2	2.4
4.612	3.2	2.4	3.2	3.2	3.2
4.614	2.4	2.4	2.4	3.2	3.2
4.616	-102.4	3.2	2.4	4	3.2
4.618	-102.4	3.2	2.4	1.6	3.2
4.62	-102.4	3.2	2.4	2.4	2.4
4.622	-102.4	2.4	2.4	3.2	2.4
4.624	-102.4	2.4	3.2	2.4	3.2
4.626	-102.4	2.4	3.2	3.2	3.2
4.628	-102.4	3.2	2.4	2.4	2.4
4.63	-102.4	3.2	3.2	2.4	3.2
4.632	-102.4	3.2	2.4	3.2	3.2
4.634	-102.4	2.4	2.4	3.2	3.2
4.636	-102.4	3.2	2.4	4	3.2
4.638	-102.4	2.4	2.4	3.2	3.2
4.64	-102.4	3.2	3.2	3.2	2.4
4.642	-102.4	3.2	4	2.4	3.2
4.644	-102.4	2.4	2.4	2.4	3.2
4.646	-102.4	2.4	2.4	3.2	2.4
4.648	-102.4	2.4	2.4	3.2	2.4
4.65	-102.4	3.2	3.2	3.2	4
4.652	-102.4	2.4	2.4	3.2	2.4
4.654	-102.4	2.4	2.4	3.2	4
4.656	-102.4	4	3.2	3.2	3.2
4.658	-102.4	3.2	3.2	3.2	3.2
4.66	-102.4	3.2	3.2	2.4	3.2
4.662	-102.4	2.4	2.4	2.4	3.2
4.664	-102.4	2.4	3.2	2.4	3.2
4.666	-102.4	2.4	2.4	3.2	2.4
4.668	-102.4	3.2	3.2	3.2	2.4
4.67	-102.4	3.2	2.4	3.2	3.2
4.672	-102.4	3.2	1.6	2.4	3.2
4.674	-102.4	2.4	3.2	4	3.2
4.676	-102.4	2.4	2.4	4	2.4
4.678	-102.4	2.4	2.4	2.4	2.4
4.68	-102.4	4	2.4	3.2	3.2
4.682	-102.4	2.4	3.2	2.4	2.4
4.684	-102.4	2.4	2.4	3.2	3.2
4.686	-102.4	2.4	2.4	3.2	3.2
4.688	-102.4	2.4	3.2	3.2	2.4
4.69	-102.4	2.4	2.4	3.2	3.2
4.692	-102.4	2.4	3.2	3.2	2.4
4.694	-102.4	2.4	2.4	3.2	2.4
4.696	-102.4	2.4	2.4	3.2	3.2
4.698	-102.4	2.4	3.2	3.2	3.2
4.7	-102.4	3.2	2.4	2.4	3.2
4.702	-102.4	3.2	3.2	2.4	2.4
4.704	-102.4	3.2	3.2	2.4	2.4
4.706	-102.4	3.2	2.4	3.2	3.2
4.708	-102.4	2.4	2.4	2.4	2.4
4.71	-102.4	2.4	3.2	3.2	3.2
4.712	-102.4	3.2	3.2	2.4	2.4
4.714	-102.4	2.4	2.4	2.4	3.2
4.716	-102.4	3.2	4	3.2	3.2
4.718	-102.4	2.4	2.4	3.2	2.4
4.72	-102.4	3.2	2.4	4	3.2
4.722	-102.4	2.4	3.2	3.2	3.2
4.724	-102.4	3.2	1.6	3.2	2.4
4.726	-102.4	3.2	2.4	3.2	3.2
4.728	-102.4	3.2	2.4	2.4	3.2
4.73	-102.4	3.2	3.2	2.4	3.2
4.732	-102.4	3.2	3.2	3.2	3.2
4.734	-102.4	3.2	2.4	3.2	3.2
4.736	-102.4	2.4	2.4	3.2	3.2
4.738	-102.4	3.2	3.2	3.2	3.2
4.74	-102.4	3.2	2.4	2.4	3.2
4.742	-102.4	4	3.2	3.2	2.4
4.744	-102.4	3.2	3.2	3.2	3.2
4.746	-102.4	2.4	2.4	3.2	3.2
4.748	-102.4	3.2	2.4	2.4	3.2
4.75	-102.4	3.2	2.4	4	2.4
4.752	-102.4	3.2	3.2	-102.4	3.2
4.754	-102.4	2.4	2.4	-102.4	4
4.756	-102.4	2.4	2.4	-102.4	2.4
4.758	-102.4	2.4	3.2	-102.4	2.4
4.76	-102.4	3.2	1.6	-102.4	2.4
4.762	-102.4	2.4	2.4	-102.4	3.2
4.764	-102.4	3.2	2.4	-102.4	3.2
4.766	-102.4	2.4	2.4	-102.4	4
4.768	-102.4	2.4	3.2	-102.4	2.4
4.77	-102.4	3.2	2.4	-102.4	3.2
4.772	-102.4	3.2	3.2	-102.4	3.2
4.774	-102.4	3.2	2.4	-102.4	2.4
4.776	-102.4	2.4	2.4	-102.4	3.2
4.778	-102.4	3.2	3.2	-102.4	2.4
4.78	-102.4	3.2	3.2	-102.4	2.4
4.782	-102.4	3.2	3.2	-102.4	3.2
4.784	-102.4	3.2	1.6	-102.4	3.2
4.786	-102.4	2.4	2.4	-102.4	3.2
4.788	-102.4	3.2	3.2	-102.4	2.4
4.79	-102.4	2.4	3.2	-102.4	2.4
4.792	-102.4	2.4	3.2	-102.4	2.4
4.794	-102.4	3.2	2.4	-102.4	3.2
4.796	-102.4	2.4	3.2	-102.4	2.4
4.798	-102.4	2.4	3.2	-102.4	2.4
4.8	-102.4	2.4	2.4	-102.4	3.2
4.802	-102.4	2.4	2.4	-102.4	2.4
4.804	-102.4	3.2	1.6	-102.4	3.2
4.806	-102.4	2.4	3.2	-102.4	2.4
4.808	-102.4	2.4	3.2	-102.4	2.4
4.81	-102.4	2.4	3.2	-102.4	3.2
4.812	-102.4	2.4	3.2	-102.4	0.8
4.814	-102.4	2.4	3.2	-102.4	2.4
4.816	-102.4	2.4	2.4	-102.4	3.2
4.818	-102.4	2.4	2.4	-102.4	2.4
4.82	-102.4	3.2	2.4	-102.4	3.2
4.822	-102.4	2.4	3.2	-102.4	3.2
4.824	-102.4	3.2	3.2	-102.4	3.2
4.826	-102.4	3.2	3.2	-102.4	4
4.828	-102.4	4	3.2	-102.4	2.4
4.83	-102.4	2.4	3.2	-102.4	2.4
4.832	-102.4	2.4	2.4	-102.4	3.2
4.834	-102.4	3.2	3.2	-102.4	2.4
4.836	-102.4	3.2	3.2	-102.4	3.2
4.838	-102.4	2.4	2.4	-102.4	2.4
4.84	-102.4	2.4	3.2	-102.4	3.2
4.842	-102.4	3.2	2.4	-102.4	3.2
4.844	-102.4	4	1.6	-102.4	3.2
4.846	-102.4	2.4	2.4	-102.4	3.2
4.848	-102.4	2.4	3.2	-102.4	3.2
4.85	-102.4	2.4	3.2	-102.4	3.2
4.852	-102.4	3.2	3.2	-102.4	3.2
4.854	-102.4	3.2	4	-102.4	2.4
4.856	-102.4	1.6	2.4	-102.4	3.2
4.858	-102.4	2.4	1.6	-102.4	3.2
4.86	-102.4	3.2	2.4	-102.4	3.2
4.862	-102.4	3.2	3.2	-102.4	3.2
4.864	-102.4	3.2	3.2	-102.4	1.6
4.866	-102.4	3.2	2.4	-102.4	3.2
4.868	-102.4	3.2	1.6	-102.4	3.2
4.87	-102.4	2.4	3.2	-102.4	3.2
4.872	-102.4	2.4	3.2	-102.4	3.2
4.874	-102.4	2.4	3.2	-102.4	2.4
4.876	-102.4	3.2	3.2	-102.4	3.2
4.878	-102.4	3.2	0.8	-102.4	3.2
4.88	-102.4	3.2	2.4	-102.4	3.2
4.882	-102.4	3.2	3.2	-102.4	2.4
4.884	-102.4	2.4	2.4	-102.4	2.4
4.886	-102.4	2.4	3.2	-102.4	2.4
4.888	-102.4	3.2	2.4	-102.4	2.4
4.89	-102.4	2.4	2.4	-102.4	3.2
4.892	-102.4	1.6	2.4	-102.4	3.2
4.894	-102.4	3.2	2.4	-102.4	3.2
4.896	-102.4	3.2	3.2	-102.4	2.4
4.898	-102.4	3.2	3.2	-102.4	2.4
4.9	-102.4	2.4	2.4	-102.4	3.2
4.902	-102.4	3.2	2.4	-102.4	2.4
4.904	-102.4	3.2	2.4	-102.4	2.4
4.906	-102.4	3.2	1.6	-102.4	2.4
4.908	-102.4	3.2	3.2	-102.4	2.4
4.91	-102.4	2.4	3.2	-102.4	2.4
4.912	-102.4	2.4	2.4	-102.4	3.2
4.914	-102.4	3.2	2.4	-102.4	2.4
4.916	-102.4	3.2	2.4	-102.4	3.2
4.918	-102.4	3.2	2.4	-102.4	3.2
4.92	-102.4	3.2	2.4	-102.4	3.2
4.922	-102.4	3.2	3.2	-102.4	2.4
4.924	-102.4	2.4	2.4	-102.4	3.2
4.926	-102.4	2.4	2.4	-102.4	3.2
4.928	-102.4	3.2	3.2	-102.4	3.2
4.93	-102.4	2.4	2.4	-102.4	2.4
4.932	-102.4	0.8	2.4	-102.4	2.4
4.934	-102.4	-102.4	2.4	-102.4	3.2
4.936	-102.4	-102.4	2.4	-102.4	3.2
4.938	-102.4	-102.4	2.4	-102.4	2.4
4.94	-102.4	-102.4	3.2	-102.4	2.4
4.942	-102.4	-102.4	3.2	-102.4	2.4
4.944	-102.4	-102.4	2.4	-102.4	3.2
4.946	-102.4	-102.4	3.2	-102.4	3.2
4.948	-102.4	-102.4	2.4	-102.4	2.4
4.95	-102.4	-102.4	2.4	-102.4	4
4.952	-102.4	-102.4	2.4	-102.4	3.2
4.954	-102.4	-102.4	3.2	-102.4	2.4
4.956	-102.4	-102.4	2.4	-102.4	3.2
4.958	-102.4	-102.4	2.4	-102.4	2.4
4.96	-102.4	-102.4	2.4	-102.4	3.2
4.962	-102.4	-102.4	2.4	-102.4	3.2
4.964	-102.4	-102.4	3.2	-102.4	2.4
4.966	-102.4	-102.4	2.4	-102.4	3.2
4.968	-102.4	-102.4	2.4	-102.4	3.2
4.97	-102.4	-102.4	2.4	-102.4	3.2
4.972	-102.4	-102.4	2.4	-102.4	2.4
4.974	-102.4	-102.4	2.4	-102.4	3.2
4.976	-102.4	-102.4	3.2	-102.4	3.2
4.978	-102.4	-102.4	3.2	-102.4	3.2
4.98	-102.4	-102.4	2.4	-102.4	2.4
4.982	-102.4	-102.4	2.4	-102.4	3.2
4.984	-102.4	-102.4	2.4	-102.4	3.2
4.986	-102.4	-102.4	2.4	-102.4	3.2
4.988	-102.4	-102.4	2.4	-102.4	3.2
4.99	-102.4	-102.4	2.4	-102.4	3.2
4.992	-102.4	-102.4	3.2	-102.4	3.2
4.994	-102.4	-102.4	2.4	-102.4	3.2
4.996	-102.4	-102.4	3.2	-102.4	3.2
4.998	-102.4	-102.4	3.2	-102.4	2.4
