Time	1st	2nd	3rd	4th	5th
0	4	2.4	-102.4	2.4	-102.4
0.002	4	2.4	-102.4	3.2	-102.4
0.004	4	3.2	-102.4	1.6	-102.4
0.006	4	1.6	-102.4	2.4	-102.4
0.008	4	1.6	-102.4	2.4	-102.4
0.01	4	3.2	-102.4	2.4	-102.4
0.012	4	2.4	-102.4	3.2	-102.4
0.014	4	1.6	-102.4	3.2	-102.4
0.016	4	1.6	-102.4	1.6	-102.4
0.018	4	2.4	-102.4	3.2	-102.4
0.02	3.2	1.6	-102.4	2.4	-102.4
0.022	4	3.2	-102.4	2.4	-102.4
0.024	4	2.4	-102.4	2.4	-102.4
0.026	4	2.4	-102.4	1.6	-102.4
0.028	4	2.4	-102.4	2.4	-102.4
0.03	4	2.4	-102.4	3.2	-102.4
0.032	3.2	2.4	-102.4	2.4	-102.4
0.034	4	2.4	-102.4	2.4	-102.4
0.036	3.2	1.6	-102.4	2.4	-102.4
0.038	4	1.6	-102.4	2.4	-102.4
0.04	3.2	2.4	-102.4	2.4	-102.4
0.042	4	2.4	-102.4	2.4	-102.4
0.044	4	2.4	-102.4	2.4	-102.4
0.046	3.2	2.4	-102.4	2.4	-102.4
0.048	4	2.4	-102.4	1.6	-102.4
0.05	3.2	2.4	-102.4	1.6	-102.4
0.052	3.2	1.6	-102.4	2.4	-102.4
0.054	4	3.2	-102.4	2.4	-102.4
0.056	4	2.4	-102.4	2.4	-102.4
0.058	4	2.4	-102.4	3.2	-102.4
0.06	4	2.4	-102.4	2.4	-102.4
0.062	4	2.4	-102.4	2.4	-102.4
0.064	4	2.4	-102.4	2.4	-102.4
0.066	4	2.4	-102.4	2.4	-102.4
0.068	4	2.4	-102.4	2.4	-102.4
0.07	4	2.4	-102.4	2.4	-102.4
0.072	4	2.4	-102.4	2.4	-102.4
0.074	4.8	3.2	-102.4	2.4	-102.4
0.076	3.2	1.6	-102.4	2.4	-102.4
0.078	4	2.4	-102.4	2.4	-102.4
0.08	4	2.4	-102.4	2.4	-102.4
0.082	4	1.6	-102.4	2.4	-102.4
0.084	4	2.4	-102.4	1.6	-102.4
0.086	4	2.4	-102.4	2.4	-102.4
0.088	4	3.2	-102.4	3.2	-102.4
0.09	4	2.4	-102.4	2.4	-102.4
0.092	4	2.4	-102.4	2.4	-102.4
0.094	4	1.6	-102.4	2.4	-102.4
0.096	4	2.4	-102.4	2.4	-102.4
0.098	3.2	1.6	-102.4	2.4	-102.4
0.1	3.2	1.6	-102.4	2.4	-102.4
0.102	3.2	1.6	-102.4	3.2	2.4
0.104	4	1.6	-102.4	1.6	3.2
0.106	4	3.2	-102.4	2.4	3.2
0.108	4	2.4	-102.4	2.4	2.4
0.11	4	1.6	-102.4	3.2	2.4
0.112	4	2.4	-102.4	3.2	2.4
0.114	4	2.4	-102.4	2.4	2.4
0.116	4	2.4	-102.4	1.6	3.2
0.118	3.2	1.6	1.6	3.2	2.4
0.12	3.2	2.4	2.4	2.4	2.4
0.122	4	2.4	2.4	2.4	2.4
0.124	4	2.4	2.4	2.4	2.4
0.126	3.2	1.6	1.6	2.4	2.4
0.128	4	2.4	1.6	2.4	2.4
0.13	4	1.6	2.4	3.2	3.2
0.132	3.2	2.4	1.6	2.4	2.4
0.134	3.2	2.4	2.4	2.4	1.6
0.136	3.2	2.4	1.6	1.6	3.2
0.138	3.2	1.6	2.4	0.8	2.4
0.14	3.2	1.6	2.4	1.6	3.2
0.142	4	2.4	2.4	2.4	1.6
0.144	4	2.4	1.6	2.4	3.2
0.146	4	2.4	2.4	2.4	2.4
0.148	4	2.4	2.4	2.4	2.4
0.15	4	2.4	2.4	2.4	3.2
0.152	4	2.4	2.4	2.4	2.4
0.154	3.2	2.4	1.6	3.2	2.4
0.156	4	2.4	2.4	2.4	3.2
0.158	3.2	1.6	1.6	1.6	2.4
0.16	4	2.4	1.6	2.4	2.4
0.162	3.2	3.2	2.4	1.6	2.4
0.164	4	2.4	2.4	2.4	2.4
0.166	-102.4	2.4	2.4	2.4	0.8
0.168	-102.4	2.4	1.6	2.4	2.4
0.17	-102.4	3.2	2.4	2.4	2.4
0.172	-102.4	2.4	2.4	2.4	3.2
0.174	-102.4	2.4	2.4	1.6	3.2
0.176	-102.4	1.6	1.6	2.4	2.4
0.178	-102.4	2.4	2.4	2.4	3.2
0.18	-102.4	2.4	1.6	2.4	2.4
0.182	-102.4	2.4	2.4	2.4	1.6
0.184	-102.4	2.4	2.4	3.2	3.2
0.186	-102.4	2.4	2.4	1.6	3.2
0.188	-102.4	2.4	2.4	3.2	3.2
0.19	-102.4	2.4	2.4	1.6	2.4
0.192	-102.4	2.4	2.4	1.6	3.2
0.194	-102.4	2.4	2.4	3.2	2.4
0.196	-102.4	1.6	2.4	1.6	2.4
0.198	-102.4	2.4	2.4	2.4	2.4
0.2	-102.4	-102.4	2.4	1.6	3.2
0.202	-102.4	-102.4	2.4	2.4	3.2
0.204	-102.4	-102.4	2.4	3.2	2.4
0.206	-102.4	-102.4	1.6	2.4	2.4
0.208	-102.4	-102.4	1.6	2.4	3.2
0.21	-102.4	-102.4	2.4	2.4	2.4
0.212	-102.4	-102.4	3.2	2.4	1.6
0.214	-102.4	-102.4	2.4	1.6	2.4
0.216	-102.4	-102.4	1.6	3.2	1.6
0.218	-102.4	-102.4	2.4	2.4	3.2
0.22	-102.4	-102.4	3.2	1.6	1.6
0.222	-102.4	-102.4	3.2	2.4	2.4
0.224	-102.4	-102.4	1.6	2.4	3.2
0.226	-102.4	-102.4	1.6	-102.4	2.4
0.228	-102.4	-102.4	2.4	-102.4	3.2
0.23	-102.4	-102.4	2.4	-102.4	2.4
0.232	-102.4	-102.4	1.6	-102.4	2.4
0.234	-102.4	-102.4	2.4	-102.4	2.4
0.236	-102.4	-102.4	3.2	-102.4	2.4
0.238	-102.4	-102.4	2.4	-102.4	3.2
0.24	-102.4	-102.4	0.8	-102.4	2.4
0.242	-102.4	-102.4	2.4	-102.4	3.2
0.244	-102.4	-102.4	2.4	-102.4	1.6
0.246	-102.4	-102.4	2.4	-102.4	2.4
0.248	-102.4	-102.4	1.6	-102.4	1.6
0.25	-102.4	-102.4	1.6	-102.4	2.4
0.252	-102.4	-102.4	2.4	-102.4	2.4
0.254	-102.4	-102.4	2.4	-102.4	3.2
0.256	-102.4	-102.4	1.6	-102.4	2.4
0.258	-102.4	-102.4	2.4	-102.4	2.4
0.26	-102.4	-102.4	2.4	-102.4	3.2
0.262	-102.4	-102.4	2.4	-102.4	1.6
0.264	-102.4	-102.4	1.6	-102.4	2.4
0.266	-102.4	-102.4	2.4	-102.4	2.4
0.268	-102.4	-102.4	1.6	-102.4	2.4
0.27	-102.4	-102.4	2.4	-102.4	2.4
0.272	-102.4	-102.4	1.6	-102.4	2.4
0.274	-102.4	-102.4	1.6	-102.4	2.4
0.276	-102.4	-102.4	2.4	-102.4	2.4
0.278	-102.4	-102.4	1.6	-102.4	1.6
0.28	-102.4	-102.4	2.4	-102.4	2.4
0.282	-102.4	-102.4	1.6	-102.4	3.2
0.284	-102.4	-102.4	2.4	-102.4	2.4
0.286	-102.4	-102.4	2.4	-102.4	3.2
0.288	-102.4	-102.4	1.6	-102.4	2.4
0.29	-102.4	-102.4	1.6	-102.4	2.4
0.292	-102.4	-102.4	3.2	-102.4	2.4
0.294	-102.4	-102.4	2.4	-102.4	2.4
0.296	-102.4	-102.4	2.4	-102.4	2.4
0.298	-102.4	-102.4	2.4	-102.4	2.4
0.3	-102.4	-102.4	2.4	-102.4	2.4
0.302	-102.4	-102.4	2.4	-102.4	2.4
0.304	-102.4	-102.4	0.8	-102.4	2.4
0.306	-102.4	-102.4	2.4	-102.4	2.4
0.308	-102.4	-102.4	2.4	-102.4	2.4
0.31	-102.4	-102.4	2.4	-102.4	2.4
0.312	-102.4	-102.4	2.4	-102.4	2.4
0.314	-102.4	-102.4	1.6	-102.4	3.2
0.316	-102.4	-102.4	2.4	-102.4	2.4
0.318	-102.4	-102.4	3.2	-102.4	2.4
0.32	-102.4	-102.4	1.6	-102.4	2.4
0.322	-102.4	-102.4	3.2	-102.4	2.4
0.324	-102.4	-102.4	2.4	-102.4	3.2
0.326	-102.4	-102.4	2.4	-102.4	3.2
0.328	-102.4	-102.4	2.4	-102.4	2.4
0.33	-102.4	-102.4	2.4	-102.4	3.2
0.332	-102.4	-102.4	2.4	-102.4	2.4
0.334	-102.4	-102.4	1.6	-102.4	3.2
0.336	-102.4	-102.4	2.4	-102.4	2.4
0.338	-102.4	-102.4	2.4	-102.4	3.2
0.34	-102.4	-102.4	2.4	-102.4	2.4
0.342	-102.4	-102.4	2.4	-102.4	2.4
0.344	-102.4	-102.4	2.4	-102.4	3.2
0.346	-102.4	-102.4	2.4	-102.4	2.4
0.348	-102.4	-102.4	2.4	-102.4	2.4
0.35	-102.4	-102.4	2.4	-102.4	2.4
0.352	-102.4	-102.4	2.4	-102.4	2.4
0.354	-102.4	-102.4	2.4	-102.4	2.4
0.356	-102.4	-102.4	2.4	-102.4	1.6
0.358	-102.4	-102.4	2.4	-102.4	2.4
0.36	-102.4	-102.4	2.4	-102.4	2.4
0.362	-102.4	-102.4	2.4	-102.4	2.4
0.364	-102.4	-102.4	1.6	-102.4	3.2
0.366	-102.4	-102.4	2.4	-102.4	3.2
0.368	-102.4	-102.4	2.4	-102.4	3.2
0.37	-102.4	-102.4	2.4	-102.4	3.2
0.372	-102.4	-102.4	1.6	-102.4	3.2
0.374	-102.4	-102.4	1.6	-102.4	2.4
0.376	-102.4	-102.4	1.6	-102.4	3.2
0.378	-102.4	-102.4	1.6	-102.4	4
0.38	-102.4	-102.4	1.6	-102.4	2.4
0.382	-102.4	-102.4	1.6	-102.4	2.4
0.384	-102.4	-102.4	2.4	-102.4	2.4
0.386	-102.4	-102.4	2.4	-102.4	3.2
0.388	-102.4	-102.4	1.6	-102.4	3.2
0.39	-102.4	-102.4	2.4	-102.4	2.4
0.392	-102.4	-102.4	2.4	-102.4	3.2
0.394	-102.4	-102.4	2.4	-102.4	2.4
0.396	-102.4	-102.4	2.4	-102.4	2.4
0.398	-102.4	-102.4	2.4	-102.4	3.2
0.4	-102.4	-102.4	2.4	-102.4	2.4
0.402	-102.4	-102.4	1.6	-102.4	2.4
0.404	-102.4	-102.4	1.6	-102.4	4
0.406	-102.4	-102.4	1.6	-102.4	3.2
0.408	-102.4	-102.4	2.4	-102.4	2.4
0.41	-102.4	-102.4	1.6	-102.4	2.4
0.412	-102.4	-102.4	0.8	-102.4	2.4
0.414	-102.4	-102.4	2.4	-102.4	2.4
0.416	-102.4	-102.4	2.4	-102.4	3.2
0.418	-102.4	-102.4	3.2	-102.4	2.4
0.42	-102.4	-102.4	2.4	-102.4	3.2
0.422	-102.4	-102.4	2.4	-102.4	2.4
0.424	-102.4	-102.4	2.4	-102.4	1.6
0.426	-102.4	-102.4	1.6	-102.4	3.2
0.428	-102.4	-102.4	2.4	-102.4	1.6
0.43	-102.4	-102.4	2.4	-102.4	3.2
0.432	-102.4	-102.4	2.4	-102.4	2.4
0.434	-102.4	-102.4	2.4	-102.4	2.4
0.436	-102.4	-102.4	2.4	-102.4	2.4
0.438	-102.4	-102.4	2.4	-102.4	1.6
0.44	-102.4	-102.4	1.6	-102.4	2.4
0.442	-102.4	-102.4	1.6	-102.4	2.4
0.444	-102.4	-102.4	2.4	-102.4	2.4
0.446	-102.4	-102.4	2.4	-102.4	2.4
0.448	-102.4	-102.4	2.4	-102.4	0.8
0.45	-102.4	-102.4	1.6	-102.4	3.2
0.452	-102.4	-102.4	1.6	-102.4	2.4
0.454	-102.4	-102.4	2.4	-102.4	3.2
0.456	-102.4	-102.4	2.4	-102.4	2.4
0.458	-102.4	-102.4	1.6	-102.4	2.4
0.46	-102.4	-102.4	2.4	-102.4	3.2
0.462	-102.4	-102.4	1.6	-102.4	3.2
0.464	-102.4	-102.4	1.6	-102.4	2.4
0.466	-102.4	-102.4	2.4	-102.4	3.2
0.468	-102.4	-102.4	2.4	-102.4	3.2
0.47	-102.4	-102.4	2.4	-102.4	2.4
0.472	-102.4	-102.4	1.6	-102.4	2.4
0.474	-102.4	-102.4	2.4	-102.4	2.4
0.476	-102.4	-102.4	1.6	-102.4	2.4
0.478	-102.4	-102.4	2.4	-102.4	2.4
0.48	-102.4	-102.4	1.6	-102.4	1.6
0.482	-102.4	-102.4	2.4	-102.4	2.4
0.484	-102.4	-102.4	2.4	-102.4	2.4
0.486	-102.4	-102.4	1.6	-102.4	2.4
0.488	-102.4	-102.4	2.4	-102.4	3.2
0.49	-102.4	-102.4	1.6	-102.4	2.4
0.492	-102.4	-102.4	2.4	-102.4	3.2
0.494	-102.4	-102.4	2.4	-102.4	2.4
0.496	-102.4	-102.4	2.4	-102.4	2.4
0.498	-102.4	-102.4	2.4	-102.4	3.2
0.5	-102.4	-102.4	2.4	-102.4	2.4
0.502	-102.4	-102.4	1.6	-102.4	2.4
0.504	-102.4	-102.4	2.4	-102.4	3.2
0.506	-102.4	-102.4	1.6	-102.4	2.4
0.508	-102.4	-102.4	2.4	-102.4	2.4
0.51	-102.4	-102.4	2.4	-102.4	2.4
0.512	-102.4	-102.4	2.4	-102.4	2.4
0.514	-102.4	-102.4	2.4	-102.4	3.2
0.516	-102.4	-102.4	2.4	-102.4	3.2
0.518	-102.4	-102.4	2.4	-102.4	2.4
0.52	-102.4	-102.4	2.4	-102.4	2.4
0.522	-102.4	-102.4	1.6	-102.4	2.4
0.524	-102.4	-102.4	1.6	-102.4	3.2
0.526	-102.4	-102.4	2.4	-102.4	3.2
0.528	-102.4	-102.4	2.4	-102.4	2.4
0.53	-102.4	-102.4	2.4	-102.4	2.4
0.532	-102.4	-102.4	2.4	-102.4	3.2
0.534	-102.4	-102.4	2.4	-102.4	1.6
0.536	-102.4	-102.4	1.6	-102.4	3.2
0.538	-102.4	-102.4	2.4	-102.4	2.4
0.54	-102.4	-102.4	2.4	-102.4	2.4
0.542	-102.4	-102.4	2.4	-102.4	1.6
0.544	-102.4	-102.4	1.6	-102.4	2.4
0.546	-102.4	-102.4	1.6	-102.4	2.4
0.548	-102.4	-102.4	2.4	-102.4	3.2
0.55	-102.4	-102.4	2.4	-102.4	2.4
0.552	-102.4	-102.4	2.4	-102.4	1.6
0.554	-102.4	-102.4	2.4	-102.4	2.4
0.556	-102.4	-102.4	2.4	-102.4	2.4
0.558	-102.4	-102.4	3.2	-102.4	4
0.56	-102.4	-102.4	2.4	-102.4	2.4
0.562	-102.4	-102.4	2.4	-102.4	2.4
0.564	-102.4	-102.4	2.4	-102.4	2.4
0.566	-102.4	-102.4	2.4	-102.4	2.4
0.568	-102.4	-102.4	2.4	-102.4	2.4
0.57	-102.4	-102.4	1.6	-102.4	3.2
0.572	-102.4	-102.4	1.6	-102.4	3.2
0.574	-102.4	-102.4	1.6	-102.4	3.2
0.576	-102.4	-102.4	1.6	-102.4	3.2
0.578	-102.4	-102.4	1.6	-102.4	2.4
0.58	-102.4	-102.4	2.4	-102.4	2.4
0.582	-102.4	-102.4	1.6	-102.4	2.4
0.584	-102.4	-102.4	1.6	-102.4	3.2
0.586	-102.4	-102.4	2.4	-102.4	2.4
0.588	-102.4	-102.4	2.4	-102.4	2.4
0.59	-102.4	-102.4	2.4	-102.4	3.2
0.592	-102.4	-102.4	1.6	-102.4	3.2
0.594	-102.4	-102.4	1.6	-102.4	1.6
0.596	-102.4	-102.4	2.4	-102.4	3.2
0.598	-102.4	-102.4	2.4	-102.4	1.6
0.6	-102.4	-102.4	1.6	-102.4	2.4
0.602	-102.4	-102.4	2.4	-102.4	2.4
0.604	-102.4	-102.4	0.8	-102.4	2.4
0.606	-102.4	-102.4	2.4	-102.4	2.4
0.608	-102.4	-102.4	2.4	-102.4	2.4
0.61	-102.4	-102.4	3.2	-102.4	2.4
0.612	-102.4	-102.4	2.4	-102.4	2.4
0.614	-102.4	-102.4	2.4	-102.4	2.4
0.616	-102.4	-102.4	2.4	-102.4	2.4
0.618	-102.4	-102.4	1.6	-102.4	3.2
0.62	-102.4	-102.4	2.4	-102.4	2.4
0.622	-102.4	-102.4	2.4	-102.4	1.6
0.624	-102.4	-102.4	1.6	-102.4	3.2
0.626	-102.4	-102.4	2.4	-102.4	2.4
0.628	-102.4	-102.4	2.4	-102.4	2.4
0.63	-102.4	-102.4	2.4	-102.4	3.2
0.632	-102.4	-102.4	2.4	-102.4	3.2
0.634	-102.4	-102.4	2.4	-102.4	2.4
0.636	-102.4	-102.4	2.4	-102.4	2.4
0.638	-102.4	-102.4	2.4	-102.4	2.4
0.64	-102.4	-102.4	2.4	-102.4	2.4
0.642	-102.4	-102.4	3.2	-102.4	1.6
0.644	-102.4	-102.4	2.4	-102.4	2.4
0.646	-102.4	-102.4	2.4	-102.4	2.4
0.648	-102.4	-102.4	1.6	-102.4	3.2
0.65	-102.4	-102.4	2.4	-102.4	2.4
0.652	-102.4	-102.4	1.6	-102.4	3.2
0.654	-102.4	-102.4	2.4	-102.4	2.4
0.656	-102.4	-102.4	2.4	-102.4	2.4
0.658	-102.4	-102.4	2.4	-102.4	3.2
0.66	-102.4	-102.4	2.4	-102.4	2.4
0.662	-102.4	-102.4	2.4	-102.4	3.2
0.664	4.8	-102.4	3.2	-102.4	2.4
0.666	4	-102.4	3.2	-102.4	2.4
0.668	4	-102.4	2.4	-102.4	2.4
0.67	4.8	-102.4	1.6	-102.4	2.4
0.672	4.8	-102.4	2.4	-102.4	3.2
0.674	4.8	-102.4	2.4	-102.4	2.4
0.676	4.8	-102.4	0.8	-102.4	2.4
0.678	4	-102.4	1.6	-102.4	3.2
0.68	4	-102.4	2.4	-102.4	3.2
0.682	4	-102.4	2.4	-102.4	3.2
0.684	4	-102.4	2.4	-102.4	0.8
0.686	4	-102.4	1.6	-102.4	3.2
0.688	4.8	-102.4	2.4	-102.4	1.6
0.69	4	-102.4	1.6	-102.4	3.2
0.692	4.8	-102.4	1.6	-102.4	2.4
0.694	4.8	-102.4	2.4	-102.4	1.6
0.696	4	-102.4	1.6	-102.4	2.4
0.698	3.2	3.2	2.4	-102.4	1.6
0.7	4	2.4	2.4	-102.4	2.4
0.702	3.2	2.4	2.4	-102.4	2.4
0.704	4	2.4	2.4	-102.4	1.6
0.706	4.8	3.2	2.4	-102.4	2.4
0.708	4.8	3.2	2.4	-102.4	3.2
0.71	4	2.4	1.6	-102.4	2.4
0.712	4	3.2	2.4	-102.4	2.4
0.714	3.2	1.6	1.6	-102.4	2.4
0.716	4	2.4	1.6	-102.4	2.4
0.718	4.8	2.4	2.4	-102.4	2.4
0.72	4	2.4	2.4	-102.4	2.4
0.722	4	2.4	1.6	-102.4	2.4
0.724	4	3.2	2.4	2.4	3.2
0.726	4	2.4	2.4	2.4	2.4
0.728	4.8	2.4	1.6	0.8	2.4
0.73	4.8	2.4	3.2	2.4	1.6
0.732	4	2.4	2.4	2.4	2.4
0.734	4	2.4	2.4	2.4	2.4
0.736	4	3.2	2.4	2.4	2.4
0.738	4	2.4	1.6	2.4	2.4
0.74	4	2.4	2.4	1.6	3.2
0.742	4	2.4	3.2	2.4	3.2
0.744	4	2.4	2.4	1.6	2.4
0.746	4	1.6	2.4	2.4	1.6
0.748	4	3.2	2.4	1.6	3.2
0.75	4	2.4	1.6	2.4	1.6
0.752	4.8	2.4	2.4	3.2	2.4
0.754	4	1.6	2.4	0.8	2.4
0.756	4	3.2	2.4	1.6	2.4
0.758	4	2.4	1.6	2.4	3.2
0.76	4	2.4	2.4	2.4	2.4
0.762	4	2.4	2.4	2.4	3.2
0.764	4	2.4	1.6	1.6	3.2
0.766	3.2	2.4	2.4	2.4	3.2
0.768	4.8	3.2	3.2	1.6	2.4
0.77	3.2	3.2	2.4	1.6	1.6
0.772	4.8	2.4	2.4	2.4	3.2
0.774	4	2.4	1.6	2.4	2.4
0.776	4	2.4	1.6	2.4	3.2
0.778	4	2.4	2.4	3.2	2.4
0.78	4	2.4	1.6	2.4	1.6
0.782	4.8	1.6	2.4	4	2.4
0.784	4	1.6	2.4	2.4	2.4
0.786	4	3.2	2.4	2.4	3.2
0.788	4	2.4	1.6	1.6	3.2
0.79	4	3.2	2.4	2.4	3.2
0.792	4.8	2.4	2.4	1.6	2.4
0.794	4	1.6	2.4	2.4	3.2
0.796	4	1.6	2.4	2.4	2.4
0.798	4	2.4	3.2	4	2.4
0.8	4	3.2	1.6	2.4	2.4
0.802	4	2.4	2.4	2.4	2.4
0.804	4	3.2	1.6	2.4	2.4
0.806	4	2.4	2.4	2.4	3.2
0.808	4	2.4	3.2	3.2	3.2
0.81	4	3.2	1.6	2.4	2.4
0.812	4.8	2.4	2.4	3.2	2.4
0.814	3.2	2.4	2.4	2.4	2.4
0.816	4	2.4	2.4	2.4	2.4
0.818	4	3.2	2.4	2.4	2.4
0.82	4	3.2	2.4	2.4	2.4
0.822	4	2.4	1.6	2.4	2.4
0.824	4	2.4	0.8	1.6	3.2
0.826	4	3.2	1.6	2.4	3.2
0.828	4	2.4	2.4	2.4	2.4
0.83	4	3.2	1.6	3.2	2.4
0.832	3.2	2.4	3.2	2.4	2.4
0.834	4	2.4	1.6	2.4	2.4
0.836	3.2	2.4	2.4	2.4	2.4
0.838	4	2.4	3.2	2.4	3.2
0.84	4	1.6	3.2	1.6	2.4
0.842	4	3.2	3.2	2.4	2.4
0.844	4	2.4	2.4	2.4	2.4
0.846	4	2.4	2.4	1.6	1.6
0.848	4	2.4	2.4	1.6	2.4
0.85	4	2.4	2.4	2.4	3.2
0.852	3.2	2.4	2.4	2.4	2.4
0.854	4	2.4	2.4	2.4	2.4
0.856	4	2.4	2.4	2.4	3.2
0.858	3.2	3.2	1.6	3.2	2.4
0.86	4	3.2	1.6	2.4	2.4
0.862	3.2	2.4	2.4	1.6	2.4
0.864	4	2.4	2.4	2.4	3.2
0.866	3.2	2.4	2.4	2.4	2.4
0.868	4	2.4	1.6	2.4	3.2
0.87	4	2.4	2.4	2.4	1.6
0.872	4.8	2.4	2.4	3.2	2.4
0.874	4	2.4	2.4	2.4	3.2
0.876	4	2.4	2.4	2.4	2.4
0.878	4	3.2	1.6	2.4	2.4
0.88	4	2.4	1.6	2.4	2.4
0.882	3.2	2.4	2.4	2.4	3.2
0.884	3.2	2.4	2.4	2.4	2.4
0.886	4	2.4	1.6	1.6	2.4
0.888	4	2.4	1.6	2.4	2.4
0.89	4.8	2.4	1.6	2.4	1.6
0.892	4	2.4	1.6	2.4	3.2
0.894	4	2.4	2.4	1.6	3.2
0.896	4	2.4	3.2	1.6	3.2
0.898	4	3.2	2.4	1.6	3.2
0.9	3.2	2.4	2.4	2.4	2.4
0.902	4	2.4	2.4	2.4	2.4
0.904	4	2.4	2.4	2.4	2.4
0.906	3.2	2.4	2.4	2.4	3.2
0.908	4	3.2	1.6	1.6	3.2
0.91	3.2	2.4	1.6	2.4	2.4
0.912	4	3.2	2.4	3.2	2.4
0.914	4	2.4	2.4	2.4	2.4
0.916	4	2.4	2.4	2.4	3.2
0.918	4	3.2	2.4	2.4	3.2
0.92	3.2	2.4	2.4	0.8	2.4
0.922	4	3.2	1.6	2.4	2.4
0.924	4	3.2	2.4	2.4	2.4
0.926	3.2	3.2	1.6	2.4	2.4
0.928	3.2	2.4	2.4	1.6	2.4
0.93	4	1.6	2.4	2.4	2.4
0.932	4	2.4	1.6	2.4	2.4
0.934	4	2.4	2.4	1.6	2.4
0.936	3.2	3.2	1.6	3.2	2.4
0.938	4	2.4	2.4	2.4	2.4
0.94	4	3.2	2.4	1.6	2.4
0.942	4	2.4	2.4	2.4	2.4
0.944	4.8	2.4	2.4	2.4	3.2
0.946	4	3.2	1.6	2.4	2.4
0.948	4	3.2	2.4	2.4	2.4
0.95	4	2.4	2.4	1.6	2.4
0.952	3.2	1.6	2.4	2.4	3.2
0.954	4	1.6	3.2	2.4	1.6
0.956	4	2.4	1.6	1.6	2.4
0.958	4	2.4	2.4	2.4	2.4
0.96	3.2	2.4	0.8	2.4	1.6
0.962	4	2.4	2.4	0.8	2.4
0.964	4	2.4	0.8	2.4	2.4
0.966	4	2.4	1.6	1.6	1.6
0.968	4	2.4	2.4	2.4	2.4
0.97	4	3.2	2.4	1.6	2.4
0.972	4	2.4	1.6	1.6	2.4
0.974	3.2	2.4	2.4	2.4	2.4
0.976	4	2.4	1.6	2.4	0.8
0.978	4	2.4	2.4	2.4	2.4
0.98	4	2.4	1.6	1.6	2.4
0.982	4	2.4	2.4	1.6	2.4
0.984	3.2	2.4	2.4	2.4	2.4
0.986	3.2	2.4	2.4	1.6	3.2
0.988	3.2	2.4	2.4	2.4	2.4
0.99	4	2.4	1.6	2.4	3.2
0.992	4	2.4	2.4	1.6	2.4
0.994	3.2	2.4	2.4	1.6	2.4
0.996	4	1.6	2.4	2.4	2.4
0.998	4	2.4	2.4	3.2	2.4
1	4	2.4	1.6	2.4	2.4
1.002	3.2	2.4	1.6	2.4	2.4
1.004	3.2	2.4	1.6	0.8	2.4
1.006	3.2	1.6	2.4	1.6	2.4
1.008	4	2.4	2.4	2.4	2.4
1.01	4	3.2	1.6	2.4	1.6
1.012	3.2	2.4	2.4	2.4	3.2
1.014	3.2	2.4	2.4	2.4	3.2
1.016	3.2	3.2	2.4	2.4	3.2
1.018	3.2	3.2	2.4	2.4	2.4
1.02	3.2	3.2	2.4	1.6	2.4
1.022	4	2.4	1.6	2.4	3.2
1.024	4	2.4	1.6	1.6	3.2
1.026	3.2	2.4	2.4	1.6	3.2
1.028	3.2	3.2	1.6	1.6	3.2
1.03	4	3.2	1.6	2.4	2.4
1.032	4	3.2	3.2	2.4	2.4
1.034	3.2	2.4	1.6	2.4	2.4
1.036	3.2	3.2	1.6	2.4	1.6
1.038	3.2	2.4	2.4	1.6	1.6
1.04	4	2.4	1.6	2.4	2.4
1.042	4	4	2.4	2.4	3.2
1.044	4	2.4	2.4	1.6	3.2
1.046	4	2.4	2.4	2.4	2.4
1.048	3.2	2.4	2.4	2.4	2.4
1.05	4	3.2	1.6	3.2	2.4
1.052	3.2	3.2	2.4	2.4	3.2
1.054	4	1.6	1.6	2.4	2.4
1.056	4	3.2	2.4	2.4	2.4
1.058	3.2	2.4	2.4	2.4	2.4
1.06	4	2.4	1.6	2.4	3.2
1.062	4	2.4	2.4	2.4	3.2
1.064	4	2.4	1.6	2.4	2.4
1.066	3.2	3.2	1.6	1.6	3.2
1.068	4	2.4	2.4	2.4	2.4
1.07	3.2	1.6	1.6	2.4	3.2
1.072	2.4	2.4	1.6	1.6	2.4
1.074	3.2	2.4	2.4	2.4	2.4
1.076	4	3.2	1.6	2.4	3.2
1.078	3.2	2.4	0.8	2.4	1.6
1.08	4	3.2	2.4	2.4	3.2
1.082	3.2	1.6	2.4	2.4	2.4
1.084	3.2	3.2	2.4	1.6	2.4
1.086	3.2	3.2	2.4	2.4	2.4
1.088	4	2.4	1.6	2.4	1.6
1.09	4	3.2	2.4	2.4	3.2
1.092	3.2	2.4	1.6	3.2	2.4
1.094	3.2	2.4	1.6	2.4	2.4
1.096	4.8	1.6	2.4	2.4	3.2
1.098	3.2	2.4	2.4	2.4	2.4
1.1	3.2	2.4	2.4	2.4	3.2
1.102	3.2	1.6	3.2	2.4	2.4
1.104	4	2.4	2.4	1.6	3.2
1.106	3.2	2.4	2.4	2.4	2.4
1.108	3.2	2.4	2.4	2.4	3.2
1.11	3.2	2.4	2.4	2.4	3.2
1.112	3.2	3.2	2.4	2.4	2.4
1.114	3.2	2.4	2.4	1.6	2.4
1.116	3.2	3.2	1.6	2.4	2.4
1.118	3.2	2.4	2.4	3.2	2.4
1.12	3.2	2.4	2.4	2.4	2.4
1.122	3.2	2.4	2.4	1.6	2.4
1.124	3.2	2.4	1.6	2.4	2.4
1.126	3.2	2.4	2.4	2.4	2.4
1.128	4	3.2	1.6	2.4	2.4
1.13	2.4	2.4	3.2	3.2	3.2
1.132	4	2.4	2.4	1.6	2.4
1.134	4	1.6	2.4	2.4	2.4
1.136	3.2	3.2	2.4	2.4	2.4
1.138	3.2	2.4	3.2	2.4	2.4
1.14	4	1.6	1.6	1.6	2.4
1.142	3.2	3.2	1.6	2.4	2.4
1.144	4	3.2	3.2	2.4	1.6
1.146	3.2	2.4	2.4	2.4	2.4
1.148	3.2	2.4	2.4	2.4	2.4
1.15	3.2	2.4	2.4	2.4	2.4
1.152	4	2.4	2.4	1.6	3.2
1.154	2.4	3.2	3.2	1.6	3.2
1.156	3.2	3.2	2.4	2.4	2.4
1.158	4	3.2	2.4	2.4	2.4
1.16	3.2	2.4	1.6	2.4	2.4
1.162	4.8	2.4	1.6	1.6	3.2
1.164	4	2.4	3.2	2.4	2.4
1.166	2.4	2.4	1.6	2.4	2.4
1.168	3.2	3.2	2.4	2.4	2.4
1.17	4	3.2	1.6	2.4	1.6
1.172	4	2.4	1.6	2.4	3.2
1.174	3.2	2.4	2.4	3.2	2.4
1.176	3.2	2.4	3.2	2.4	2.4
1.178	3.2	2.4	2.4	3.2	2.4
1.18	3.2	2.4	2.4	2.4	2.4
1.182	4	2.4	2.4	2.4	3.2
1.184	4	3.2	1.6	1.6	2.4
1.186	3.2	1.6	2.4	1.6	2.4
1.188	4	2.4	2.4	2.4	2.4
1.19	3.2	2.4	3.2	2.4	2.4
1.192	4	3.2	2.4	2.4	2.4
1.194	3.2	3.2	1.6	2.4	2.4
1.196	4	2.4	2.4	2.4	1.6
1.198	3.2	2.4	2.4	2.4	2.4
1.2	4	3.2	2.4	3.2	3.2
1.202	3.2	2.4	2.4	2.4	2.4
1.204	3.2	2.4	1.6	2.4	2.4
1.206	3.2	2.4	2.4	1.6	3.2
1.208	3.2	3.2	2.4	2.4	2.4
1.21	4	2.4	1.6	2.4	3.2
1.212	4	2.4	2.4	2.4	2.4
1.214	3.2	3.2	2.4	1.6	2.4
1.216	4	2.4	2.4	2.4	2.4
1.218	3.2	2.4	2.4	1.6	2.4
1.22	3.2	2.4	1.6	3.2	2.4
1.222	4	2.4	1.6	2.4	1.6
1.224	3.2	2.4	2.4	2.4	2.4
1.226	3.2	2.4	2.4	1.6	2.4
1.228	3.2	2.4	2.4	2.4	2.4
1.23	4	1.6	1.6	1.6	2.4
1.232	4	2.4	2.4	2.4	2.4
1.234	3.2	2.4	2.4	2.4	2.4
1.236	4	2.4	2.4	1.6	2.4
1.238	3.2	3.2	2.4	2.4	3.2
1.24	3.2	2.4	1.6	2.4	2.4
1.242	4	2.4	2.4	2.4	2.4
1.244	3.2	3.2	2.4	2.4	1.6
1.246	3.2	3.2	2.4	2.4	2.4
1.248	4	3.2	2.4	3.2	2.4
1.25	3.2	2.4	1.6	2.4	2.4
1.252	3.2	2.4	1.6	2.4	2.4
1.254	3.2	2.4	2.4	2.4	2.4
1.256	3.2	3.2	2.4	2.4	2.4
1.258	4	2.4	2.4	3.2	3.2
1.26	4	2.4	2.4	3.2	2.4
1.262	4	2.4	2.4	2.4	2.4
1.264	3.2	1.6	2.4	1.6	1.6
1.266	4	2.4	1.6	2.4	2.4
1.268	4	2.4	2.4	2.4	2.4
1.27	4	2.4	0.8	2.4	2.4
1.272	4	2.4	1.6	2.4	3.2
1.274	3.2	2.4	2.4	1.6	2.4
1.276	3.2	2.4	1.6	1.6	3.2
1.278	4	2.4	2.4	2.4	3.2
1.28	4	2.4	2.4	1.6	3.2
1.282	4	2.4	2.4	1.6	3.2
1.284	4	2.4	2.4	1.6	2.4
1.286	4	3.2	3.2	2.4	2.4
1.288	4	2.4	1.6	2.4	2.4
1.29	3.2	2.4	2.4	3.2	2.4
1.292	4	3.2	2.4	2.4	2.4
1.294	4	1.6	2.4	2.4	3.2
1.296	3.2	1.6	2.4	1.6	2.4
1.298	3.2	2.4	2.4	2.4	2.4
1.3	3.2	2.4	2.4	2.4	2.4
1.302	5.6	2.4	1.6	1.6	3.2
1.304	3.2	3.2	1.6	2.4	2.4
1.306	3.2	3.2	2.4	2.4	2.4
1.308	3.2	2.4	0.8	2.4	2.4
1.31	4	2.4	1.6	2.4	3.2
1.312	4	1.6	1.6	1.6	3.2
1.314	3.2	2.4	2.4	3.2	3.2
1.316	3.2	2.4	2.4	2.4	1.6
1.318	3.2	2.4	2.4	2.4	3.2
1.32	4	3.2	2.4	2.4	2.4
1.322	4	1.6	1.6	2.4	2.4
1.324	3.2	2.4	2.4	2.4	2.4
1.326	3.2	1.6	2.4	2.4	2.4
1.328	3.2	2.4	1.6	1.6	3.2
1.33	4	3.2	2.4	1.6	2.4
1.332	4.8	2.4	2.4	2.4	2.4
1.334	3.2	1.6	2.4	2.4	2.4
1.336	4	2.4	2.4	1.6	2.4
1.338	3.2	2.4	2.4	2.4	2.4
1.34	4	3.2	2.4	0.8	2.4
1.342	3.2	2.4	3.2	3.2	2.4
1.344	3.2	0.8	2.4	2.4	2.4
1.346	4	3.2	1.6	2.4	1.6
1.348	3.2	3.2	2.4	2.4	2.4
1.35	4	4	2.4	2.4	2.4
1.352	3.2	2.4	2.4	2.4	2.4
1.354	3.2	1.6	1.6	3.2	2.4
1.356	3.2	1.6	2.4	2.4	3.2
1.358	2.4	2.4	2.4	2.4	2.4
1.36	4	2.4	1.6	2.4	2.4
1.362	4	2.4	1.6	3.2	3.2
1.364	3.2	2.4	2.4	3.2	2.4
1.366	4	2.4	2.4	2.4	2.4
1.368	3.2	2.4	2.4	2.4	1.6
1.37	3.2	1.6	2.4	2.4	2.4
1.372	3.2	1.6	2.4	2.4	2.4
1.374	3.2	1.6	2.4	2.4	2.4
1.376	3.2	3.2	2.4	2.4	2.4
1.378	4.8	2.4	2.4	2.4	2.4
1.38	4	2.4	3.2	2.4	1.6
1.382	3.2	1.6	2.4	1.6	2.4
1.384	3.2	1.6	2.4	2.4	2.4
1.386	3.2	2.4	2.4	2.4	2.4
1.388	3.2	2.4	2.4	2.4	3.2
1.39	3.2	1.6	2.4	1.6	2.4
1.392	4	2.4	1.6	2.4	3.2
1.394	3.2	2.4	1.6	2.4	3.2
1.396	4	2.4	1.6	2.4	2.4
1.398	4	2.4	2.4	2.4	1.6
1.4	4	2.4	2.4	2.4	1.6
1.402	3.2	2.4	1.6	3.2	0.8
1.404	3.2	1.6	1.6	1.6	3.2
1.406	4	2.4	2.4	3.2	2.4
1.408	3.2	2.4	1.6	1.6	3.2
1.41	4	2.4	3.2	3.2	2.4
1.412	3.2	2.4	1.6	2.4	3.2
1.414	4	2.4	2.4	3.2	3.2
1.416	3.2	2.4	3.2	1.6	3.2
1.418	4	2.4	2.4	1.6	2.4
1.42	3.2	2.4	2.4	2.4	2.4
1.422	3.2	2.4	1.6	1.6	1.6
1.424	3.2	1.6	1.6	2.4	1.6
1.426	2.4	2.4	2.4	0.8	3.2
1.428	3.2	0.8	2.4	2.4	2.4
1.43	4	2.4	2.4	2.4	3.2
1.432	4	2.4	2.4	2.4	3.2
1.434	4	2.4	1.6	2.4	2.4
1.436	3.2	2.4	2.4	2.4	1.6
1.438	3.2	1.6	1.6	2.4	1.6
1.44	3.2	2.4	2.4	2.4	3.2
1.442	3.2	1.6	3.2	1.6	2.4
1.444	4	2.4	2.4	2.4	0.8
1.446	4	2.4	2.4	1.6	3.2
1.448	3.2	1.6	1.6	2.4	2.4
1.45	4	2.4	1.6	2.4	2.4
1.452	3.2	2.4	2.4	1.6	2.4
1.454	3.2	2.4	1.6	2.4	3.2
1.456	3.2	2.4	3.2	2.4	3.2
1.458	3.2	2.4	1.6	2.4	2.4
1.46	4	2.4	2.4	2.4	2.4
1.462	4	2.4	3.2	2.4	1.6
1.464	3.2	2.4	2.4	3.2	2.4
1.466	3.2	1.6	1.6	1.6	2.4
1.468	3.2	1.6	2.4	3.2	2.4
1.47	4	2.4	2.4	3.2	2.4
1.472	4	2.4	1.6	2.4	3.2
1.474	3.2	2.4	2.4	2.4	2.4
1.476	4	2.4	2.4	2.4	2.4
1.478	4	2.4	2.4	2.4	2.4
1.48	3.2	1.6	2.4	3.2	2.4
1.482	3.2	2.4	1.6	2.4	2.4
1.484	4	2.4	1.6	2.4	2.4
1.486	3.2	2.4	1.6	2.4	1.6
1.488	3.2	2.4	2.4	2.4	2.4
1.49	4	1.6	2.4	2.4	2.4
1.492	4	1.6	2.4	2.4	3.2
1.494	4.8	3.2	2.4	2.4	2.4
1.496	3.2	2.4	1.6	1.6	2.4
1.498	3.2	1.6	2.4	2.4	2.4
1.5	4	2.4	2.4	2.4	2.4
1.502	4	2.4	2.4	2.4	3.2
1.504	4	2.4	2.4	2.4	2.4
1.506	4	2.4	2.4	2.4	2.4
1.508	3.2	1.6	2.4	3.2	2.4
1.51	3.2	2.4	2.4	2.4	1.6
1.512	4	2.4	2.4	1.6	2.4
1.514	3.2	2.4	2.4	1.6	2.4
1.516	3.2	2.4	2.4	2.4	2.4
1.518	3.2	2.4	2.4	2.4	2.4
1.52	3.2	2.4	2.4	2.4	2.4
1.522	4	2.4	1.6	2.4	2.4
1.524	3.2	2.4	2.4	1.6	2.4
1.526	4	1.6	1.6	1.6	3.2
1.528	4	1.6	0.8	2.4	2.4
1.53	3.2	2.4	2.4	2.4	2.4
1.532	4.8	3.2	2.4	2.4	3.2
1.534	3.2	2.4	2.4	2.4	2.4
1.536	3.2	1.6	2.4	2.4	3.2
1.538	3.2	2.4	1.6	2.4	3.2
1.54	3.2	1.6	2.4	2.4	2.4
1.542	4	3.2	1.6	2.4	2.4
1.544	4	2.4	2.4	1.6	2.4
1.546	3.2	2.4	2.4	3.2	2.4
1.548	2.4	2.4	2.4	2.4	3.2
1.55	4	2.4	2.4	2.4	2.4
1.552	4	2.4	2.4	2.4	2.4
1.554	3.2	2.4	2.4	1.6	2.4
1.556	4	2.4	2.4	2.4	2.4
1.558	4	2.4	2.4	2.4	1.6
1.56	3.2	3.2	2.4	2.4	1.6
1.562	3.2	2.4	1.6	2.4	2.4
1.564	4	1.6	2.4	2.4	2.4
1.566	4	2.4	1.6	2.4	2.4
1.568	3.2	2.4	1.6	2.4	2.4
1.57	3.2	0.8	3.2	2.4	2.4
1.572	3.2	1.6	2.4	2.4	2.4
1.574	4	2.4	1.6	2.4	2.4
1.576	4	1.6	2.4	2.4	2.4
1.578	4	2.4	2.4	3.2	4
1.58	3.2	2.4	1.6	2.4	2.4
1.582	3.2	2.4	2.4	1.6	2.4
1.584	4	0.8	1.6	1.6	1.6
1.586	4	2.4	3.2	1.6	1.6
1.588	3.2	2.4	2.4	2.4	2.4
1.59	4	2.4	1.6	2.4	2.4
1.592	3.2	3.2	1.6	1.6	2.4
1.594	3.2	2.4	2.4	2.4	2.4
1.596	3.2	2.4	1.6	2.4	2.4
1.598	4	2.4	2.4	2.4	3.2
1.6	3.2	2.4	2.4	2.4	2.4
1.602	3.2	2.4	0.8	3.2	3.2
1.604	4	2.4	1.6	3.2	2.4
1.606	3.2	2.4	1.6	2.4	2.4
1.608	4	2.4	2.4	2.4	2.4
1.61	3.2	2.4	2.4	2.4	2.4
1.612	3.2	2.4	2.4	2.4	2.4
1.614	3.2	1.6	1.6	2.4	2.4
1.616	3.2	2.4	1.6	2.4	3.2
1.618	4	2.4	2.4	2.4	2.4
1.62	3.2	2.4	1.6	2.4	3.2
1.622	3.2	1.6	2.4	2.4	1.6
1.624	3.2	1.6	2.4	1.6	3.2
1.626	4	2.4	2.4	2.4	2.4
1.628	4	2.4	2.4	2.4	1.6
1.63	3.2	2.4	1.6	2.4	2.4
1.632	4	1.6	2.4	2.4	2.4
1.634	2.4	2.4	1.6	3.2	2.4
1.636	3.2	2.4	1.6	2.4	3.2
1.638	3.2	2.4	3.2	1.6	2.4
1.64	4	2.4	2.4	2.4	2.4
1.642	4	2.4	2.4	3.2	2.4
1.644	3.2	2.4	2.4	2.4	3.2
1.646	3.2	3.2	2.4	2.4	3.2
1.648	4	2.4	2.4	2.4	2.4
1.65	4	2.4	2.4	2.4	2.4
1.652	3.2	2.4	1.6	1.6	2.4
1.654	3.2	1.6	2.4	2.4	1.6
1.656	4	2.4	2.4	1.6	3.2
1.658	3.2	1.6	3.2	3.2	2.4
1.66	4	2.4	2.4	2.4	2.4
1.662	3.2	2.4	2.4	2.4	2.4
1.664	3.2	2.4	1.6	2.4	3.2
1.666	3.2	3.2	0	2.4	2.4
1.668	4	2.4	2.4	2.4	3.2
1.67	3.2	2.4	4	2.4	3.2
1.672	4	1.6	2.4	2.4	3.2
1.674	3.2	2.4	2.4	2.4	2.4
1.676	3.2	2.4	2.4	2.4	2.4
1.678	4	1.6	1.6	3.2	2.4
1.68	4	2.4	1.6	2.4	2.4
1.682	4.8	2.4	2.4	2.4	2.4
1.684	4	3.2	1.6	3.2	3.2
1.686	3.2	2.4	2.4	2.4	2.4
1.688	4	2.4	2.4	3.2	2.4
1.69	4	2.4	2.4	1.6	2.4
1.692	3.2	2.4	1.6	2.4	2.4
1.694	3.2	2.4	2.4	2.4	3.2
1.696	4	2.4	2.4	2.4	2.4
1.698	3.2	1.6	2.4	2.4	2.4
1.7	4	1.6	1.6	2.4	3.2
1.702	3.2	1.6	2.4	2.4	3.2
1.704	3.2	2.4	2.4	2.4	2.4
1.706	3.2	2.4	2.4	3.2	3.2
1.708	3.2	2.4	2.4	2.4	2.4
1.71	4	2.4	2.4	2.4	1.6
1.712	4	1.6	1.6	2.4	2.4
1.714	4	2.4	1.6	2.4	2.4
1.716	4	2.4	2.4	2.4	2.4
1.718	3.2	2.4	2.4	2.4	2.4
1.72	4	0.8	1.6	2.4	2.4
1.722	4	1.6	2.4	1.6	2.4
1.724	4	1.6	0.8	2.4	2.4
1.726	4	2.4	1.6	2.4	2.4
1.728	3.2	2.4	2.4	1.6	3.2
1.73	4	2.4	2.4	1.6	2.4
1.732	3.2	2.4	1.6	2.4	2.4
1.734	4	2.4	1.6	1.6	3.2
1.736	3.2	2.4	2.4	2.4	2.4
1.738	3.2	2.4	2.4	1.6	1.6
1.74	3.2	2.4	2.4	2.4	1.6
1.742	4	2.4	2.4	2.4	2.4
1.744	3.2	1.6	2.4	2.4	3.2
1.746	3.2	1.6	2.4	3.2	3.2
1.748	3.2	2.4	2.4	2.4	2.4
1.75	4	1.6	2.4	2.4	2.4
1.752	4	2.4	2.4	0.8	2.4
1.754	4	1.6	2.4	1.6	3.2
1.756	4	0.8	0.8	1.6	2.4
1.758	4	2.4	2.4	1.6	2.4
1.76	3.2	2.4	2.4	2.4	2.4
1.762	3.2	3.2	2.4	2.4	2.4
1.764	4	1.6	2.4	1.6	2.4
1.766	4	1.6	1.6	2.4	2.4
1.768	3.2	1.6	1.6	2.4	2.4
1.77	4	2.4	2.4	2.4	1.6
1.772	3.2	1.6	2.4	2.4	2.4
1.774	4	1.6	2.4	2.4	2.4
1.776	3.2	1.6	1.6	3.2	3.2
1.778	3.2	2.4	2.4	1.6	2.4
1.78	3.2	2.4	2.4	1.6	1.6
1.782	1.6	2.4	3.2	2.4	3.2
1.784	4	1.6	2.4	2.4	2.4
1.786	4	2.4	1.6	2.4	2.4
1.788	4	2.4	1.6	2.4	0.8
1.79	3.2	2.4	2.4	2.4	2.4
1.792	3.2	2.4	3.2	2.4	2.4
1.794	4	1.6	2.4	2.4	3.2
1.796	3.2	2.4	1.6	2.4	3.2
1.798	4	1.6	2.4	3.2	2.4
1.8	3.2	1.6	2.4	1.6	1.6
1.802	4	2.4	0.8	1.6	2.4
1.804	3.2	2.4	3.2	1.6	2.4
1.806	3.2	1.6	2.4	2.4	2.4
1.808	4	1.6	1.6	2.4	2.4
1.81	3.2	2.4	1.6	3.2	2.4
1.812	3.2	2.4	2.4	1.6	2.4
1.814	4	2.4	2.4	2.4	0.8
1.816	3.2	2.4	1.6	2.4	3.2
1.818	4	2.4	2.4	2.4	2.4
1.82	3.2	1.6	2.4	2.4	2.4
1.822	3.2	2.4	2.4	2.4	2.4
1.824	4	2.4	1.6	2.4	2.4
1.826	3.2	2.4	2.4	1.6	1.6
1.828	4.8	2.4	2.4	2.4	2.4
1.83	3.2	2.4	1.6	2.4	3.2
1.832	4	1.6	2.4	3.2	2.4
1.834	4	2.4	2.4	2.4	2.4
1.836	3.2	1.6	3.2	3.2	2.4
1.838	4	2.4	1.6	1.6	1.6
1.84	4	1.6	2.4	1.6	2.4
1.842	4	2.4	1.6	2.4	3.2
1.844	3.2	2.4	2.4	2.4	2.4
1.846	3.2	1.6	1.6	3.2	1.6
1.848	3.2	2.4	2.4	2.4	2.4
1.85	4	2.4	2.4	2.4	2.4
1.852	4	1.6	2.4	1.6	3.2
1.854	4	2.4	2.4	2.4	2.4
1.856	3.2	2.4	2.4	2.4	1.6
1.858	3.2	1.6	2.4	2.4	2.4
1.86	2.4	2.4	1.6	1.6	2.4
1.862	2.4	2.4	1.6	1.6	2.4
1.864	3.2	2.4	2.4	1.6	2.4
1.866	2.4	1.6	2.4	2.4	3.2
1.868	4	2.4	2.4	1.6	1.6
1.87	3.2	3.2	2.4	2.4	2.4
1.872	4	2.4	2.4	2.4	2.4
1.874	4	1.6	2.4	3.2	2.4
1.876	4.8	2.4	1.6	2.4	2.4
1.878	4.8	3.2	2.4	2.4	2.4
1.88	4	2.4	0.8	2.4	3.2
1.882	4.8	2.4	2.4	2.4	3.2
1.884	3.2	2.4	2.4	3.2	2.4
1.886	4	0.8	2.4	2.4	2.4
1.888	4	2.4	1.6	2.4	2.4
1.89	3.2	1.6	2.4	2.4	2.4
1.892	4	2.4	1.6	1.6	2.4
1.894	3.2	1.6	1.6	1.6	1.6
1.896	4	1.6	2.4	2.4	3.2
1.898	3.2	1.6	2.4	1.6	2.4
1.9	3.2	2.4	2.4	2.4	2.4
1.902	3.2	2.4	1.6	1.6	1.6
1.904	4	2.4	2.4	2.4	2.4
1.906	4	2.4	2.4	1.6	3.2
1.908	3.2	2.4	2.4	1.6	2.4
1.91	4	2.4	2.4	3.2	3.2
1.912	4	1.6	1.6	2.4	1.6
1.914	3.2	0.8	2.4	1.6	3.2
1.916	4	2.4	1.6	2.4	3.2
1.918	2.4	1.6	3.2	2.4	3.2
1.92	4	2.4	2.4	2.4	2.4
1.922	3.2	1.6	2.4	2.4	1.6
1.924	4	2.4	1.6	2.4	3.2
1.926	4.8	2.4	2.4	2.4	3.2
1.928	4	1.6	2.4	2.4	2.4
1.93	3.2	2.4	2.4	1.6	2.4
1.932	3.2	2.4	2.4	2.4	1.6
1.934	3.2	2.4	2.4	2.4	3.2
1.936	3.2	2.4	2.4	2.4	2.4
1.938	4	2.4	2.4	2.4	2.4
1.94	4	2.4	2.4	1.6	2.4
1.942	4	1.6	2.4	2.4	1.6
1.944	3.2	2.4	1.6	3.2	2.4
1.946	4	1.6	2.4	2.4	1.6
1.948	3.2	3.2	3.2	2.4	2.4
1.95	4	3.2	2.4	2.4	3.2
1.952	3.2	1.6	2.4	2.4	2.4
1.954	4	2.4	2.4	2.4	2.4
1.956	4	2.4	2.4	2.4	1.6
1.958	4	1.6	0.8	3.2	3.2
1.96	4	2.4	1.6	2.4	3.2
1.962	3.2	2.4	3.2	2.4	1.6
1.964	4	2.4	2.4	2.4	2.4
1.966	3.2	0.8	1.6	2.4	2.4
1.968	4	2.4	2.4	2.4	2.4
1.97	4	2.4	1.6	2.4	2.4
1.972	3.2	1.6	3.2	2.4	1.6
1.974	4	1.6	0.8	1.6	2.4
1.976	3.2	2.4	1.6	2.4	2.4
1.978	4	1.6	1.6	2.4	2.4
1.98	3.2	1.6	2.4	3.2	2.4
1.982	4	2.4	2.4	3.2	2.4
1.984	4	2.4	1.6	1.6	2.4
1.986	4	2.4	2.4	2.4	1.6
1.988	3.2	2.4	2.4	2.4	2.4
1.99	4	1.6	2.4	1.6	2.4
1.992	3.2	2.4	1.6	2.4	2.4
1.994	4	1.6	2.4	1.6	2.4
1.996	3.2	2.4	2.4	2.4	2.4
1.998	3.2	2.4	3.2	1.6	2.4
2	4	2.4	2.4	3.2	2.4
2.002	4	1.6	2.4	2.4	2.4
2.004	4	2.4	2.4	2.4	2.4
2.006	3.2	1.6	2.4	2.4	1.6
2.008	4	2.4	0.8	1.6	2.4
2.01	4	2.4	2.4	2.4	2.4
2.012	4	1.6	1.6	2.4	3.2
2.014	4	2.4	3.2	2.4	2.4
2.016	4	2.4	2.4	3.2	1.6
2.018	4	2.4	2.4	2.4	2.4
2.02	2.4	2.4	1.6	2.4	3.2
2.022	3.2	1.6	2.4	2.4	2.4
2.024	4	2.4	2.4	2.4	1.6
2.026	4	1.6	2.4	2.4	2.4
2.028	4	2.4	2.4	1.6	2.4
2.03	4	1.6	2.4	2.4	1.6
2.032	3.2	1.6	1.6	3.2	2.4
2.034	4	2.4	2.4	3.2	2.4
2.036	4	1.6	1.6	2.4	1.6
2.038	4	2.4	1.6	3.2	2.4
2.04	3.2	2.4	2.4	2.4	2.4
2.042	4	2.4	2.4	1.6	2.4
2.044	3.2	1.6	2.4	2.4	2.4
2.046	4	1.6	1.6	2.4	2.4
2.048	4.8	2.4	2.4	2.4	1.6
2.05	3.2	2.4	2.4	1.6	1.6
2.052	3.2	2.4	1.6	2.4	2.4
2.054	3.2	1.6	1.6	2.4	2.4
2.056	4	1.6	2.4	2.4	2.4
2.058	4.8	2.4	1.6	2.4	2.4
2.06	3.2	1.6	1.6	1.6	2.4
2.062	3.2	2.4	1.6	3.2	3.2
2.064	4	1.6	2.4	2.4	3.2
2.066	3.2	2.4	2.4	1.6	1.6
2.068	4	3.2	2.4	2.4	2.4
2.07	4	2.4	1.6	2.4	2.4
2.072	3.2	2.4	2.4	1.6	3.2
2.074	3.2	1.6	2.4	2.4	2.4
2.076	3.2	1.6	1.6	2.4	2.4
2.078	4	2.4	2.4	2.4	0.8
2.08	4.8	1.6	1.6	2.4	2.4
2.082	3.2	2.4	2.4	1.6	2.4
2.084	4	2.4	2.4	2.4	2.4
2.086	2.4	2.4	2.4	2.4	2.4
2.088	3.2	2.4	2.4	2.4	2.4
2.09	4	2.4	2.4	2.4	3.2
2.092	4	3.2	1.6	2.4	1.6
2.094	3.2	2.4	1.6	2.4	2.4
2.096	3.2	2.4	2.4	2.4	3.2
2.098	4	2.4	1.6	3.2	2.4
2.1	4	2.4	2.4	2.4	2.4
2.102	4	3.2	1.6	2.4	1.6
2.104	3.2	1.6	2.4	2.4	2.4
2.106	4	2.4	1.6	2.4	2.4
2.108	4	3.2	2.4	2.4	3.2
2.11	3.2	1.6	1.6	1.6	2.4
2.112	4	2.4	2.4	2.4	2.4
2.114	3.2	2.4	1.6	2.4	2.4
2.116	4	2.4	2.4	1.6	2.4
2.118	4	2.4	2.4	2.4	3.2
2.12	4	2.4	2.4	2.4	3.2
2.122	4	2.4	2.4	0.8	2.4
2.124	4	2.4	1.6	2.4	3.2
2.126	3.2	1.6	3.2	2.4	2.4
2.128	4	0.8	2.4	2.4	2.4
2.13	3.2	2.4	1.6	2.4	3.2
2.132	4	2.4	2.4	2.4	2.4
2.134	4	2.4	2.4	3.2	1.6
2.136	4	2.4	2.4	1.6	2.4
2.138	3.2	2.4	2.4	2.4	2.4
2.14	4	1.6	2.4	2.4	3.2
2.142	4	1.6	2.4	2.4	2.4
2.144	4	1.6	1.6	2.4	3.2
2.146	4.8	1.6	1.6	2.4	2.4
2.148	3.2	2.4	2.4	2.4	2.4
2.15	3.2	1.6	2.4	2.4	2.4
2.152	4	2.4	2.4	3.2	1.6
2.154	4	1.6	1.6	2.4	2.4
2.156	4	2.4	2.4	2.4	2.4
2.158	3.2	1.6	2.4	2.4	3.2
2.16	4	1.6	2.4	1.6	2.4
2.162	3.2	2.4	2.4	1.6	2.4
2.164	3.2	2.4	2.4	2.4	2.4
2.166	4.8	1.6	2.4	2.4	2.4
2.168	3.2	2.4	1.6	2.4	2.4
2.17	3.2	2.4	2.4	2.4	2.4
2.172	4	1.6	3.2	2.4	3.2
2.174	4	2.4	1.6	2.4	3.2
2.176	4	2.4	1.6	3.2	1.6
2.178	4	1.6	1.6	2.4	3.2
2.18	3.2	2.4	1.6	1.6	2.4
2.182	4	2.4	2.4	2.4	1.6
2.184	4	1.6	1.6	2.4	2.4
2.186	3.2	2.4	2.4	2.4	2.4
2.188	4	2.4	2.4	2.4	2.4
2.19	4	2.4	0.8	2.4	2.4
2.192	4	2.4	0.8	2.4	2.4
2.194	3.2	1.6	2.4	2.4	2.4
2.196	4	1.6	1.6	2.4	2.4
2.198	3.2	1.6	1.6	2.4	3.2
2.2	3.2	1.6	1.6	2.4	3.2
2.202	4	1.6	2.4	2.4	3.2
2.204	3.2	1.6	2.4	1.6	3.2
2.206	4	0.8	1.6	3.2	2.4
2.208	4	2.4	2.4	2.4	2.4
2.21	4	0.8	1.6	2.4	2.4
2.212	3.2	2.4	2.4	2.4	3.2
2.214	4	2.4	2.4	1.6	2.4
2.216	3.2	2.4	2.4	2.4	2.4
2.218	3.2	2.4	2.4	2.4	2.4
2.22	4.8	2.4	2.4	2.4	3.2
2.222	4	2.4	1.6	1.6	3.2
2.224	4	2.4	2.4	1.6	2.4
2.226	3.2	2.4	2.4	2.4	1.6
2.228	3.2	2.4	1.6	3.2	1.6
2.23	4	2.4	2.4	1.6	2.4
2.232	4	2.4	1.6	2.4	3.2
2.234	4	3.2	3.2	2.4	2.4
2.236	4	2.4	2.4	2.4	2.4
2.238	4	2.4	2.4	3.2	1.6
2.24	4	1.6	2.4	2.4	2.4
2.242	4	1.6	2.4	2.4	2.4
2.244	4	2.4	2.4	2.4	3.2
2.246	4	2.4	2.4	2.4	0.8
2.248	4	1.6	1.6	1.6	1.6
2.25	3.2	1.6	2.4	3.2	2.4
2.252	3.2	1.6	1.6	2.4	2.4
2.254	4.8	2.4	2.4	2.4	3.2
2.256	3.2	2.4	1.6	1.6	2.4
2.258	3.2	2.4	2.4	2.4	2.4
2.26	3.2	1.6	2.4	2.4	2.4
2.262	4	1.6	1.6	2.4	2.4
2.264	4	1.6	1.6	2.4	3.2
2.266	3.2	2.4	2.4	2.4	2.4
2.268	3.2	3.2	2.4	2.4	3.2
2.27	4	1.6	2.4	2.4	2.4
2.272	3.2	2.4	1.6	2.4	3.2
2.274	4	2.4	2.4	1.6	2.4
2.276	4	2.4	2.4	2.4	2.4
2.278	3.2	2.4	2.4	2.4	3.2
2.28	3.2	1.6	1.6	2.4	2.4
2.282	4	2.4	3.2	1.6	3.2
2.284	4	3.2	1.6	1.6	2.4
2.286	4	2.4	2.4	2.4	2.4
2.288	4	2.4	2.4	2.4	2.4
2.29	3.2	2.4	1.6	3.2	2.4
2.292	3.2	2.4	2.4	2.4	2.4
2.294	3.2	2.4	1.6	2.4	2.4
2.296	4	2.4	1.6	2.4	2.4
2.298	4	2.4	2.4	2.4	2.4
2.3	3.2	2.4	2.4	2.4	2.4
2.302	3.2	1.6	2.4	3.2	2.4
2.304	3.2	2.4	2.4	1.6	2.4
2.306	4	2.4	2.4	2.4	2.4
2.308	4	1.6	1.6	1.6	2.4
2.31	4	1.6	2.4	3.2	1.6
2.312	3.2	2.4	2.4	2.4	1.6
2.314	3.2	0.8	2.4	2.4	2.4
2.316	4	1.6	2.4	2.4	2.4
2.318	3.2	1.6	1.6	2.4	2.4
2.32	4	2.4	3.2	3.2	3.2
2.322	4	2.4	3.2	2.4	2.4
2.324	4	1.6	3.2	2.4	2.4
2.326	4	1.6	2.4	1.6	3.2
2.328	3.2	2.4	2.4	2.4	2.4
2.33	4	3.2	2.4	2.4	2.4
2.332	4	1.6	2.4	2.4	2.4
2.334	4	2.4	1.6	2.4	2.4
2.336	3.2	1.6	1.6	2.4	1.6
2.338	3.2	2.4	2.4	3.2	2.4
2.34	4	2.4	2.4	1.6	2.4
2.342	4	3.2	2.4	3.2	2.4
2.344	3.2	2.4	3.2	1.6	2.4
2.346	4	2.4	1.6	2.4	2.4
2.348	4	2.4	2.4	2.4	2.4
2.35	4	1.6	2.4	2.4	3.2
2.352	4	3.2	2.4	1.6	3.2
2.354	4	1.6	3.2	2.4	2.4
2.356	4	2.4	2.4	1.6	2.4
2.358	4.8	2.4	2.4	2.4	2.4
2.36	3.2	1.6	1.6	2.4	3.2
2.362	4	1.6	1.6	2.4	1.6
2.364	4	1.6	0.8	2.4	2.4
2.366	3.2	2.4	3.2	2.4	3.2
2.368	3.2	2.4	1.6	1.6	3.2
2.37	3.2	2.4	2.4	2.4	3.2
2.372	4	3.2	1.6	2.4	2.4
2.374	4	2.4	3.2	3.2	2.4
2.376	4	1.6	2.4	20.8	2.4
2.378	3.2	2.4	2.4	20.8	2.4
2.38	4	2.4	2.4	22.4	2.4
2.382	4	2.4	1.6	21.6	2.4
2.384	3.2	2.4	2.4	22.4	1.6
2.386	4	2.4	2.4	23.2	3.2
2.388	3.2	2.4	2.4	21.6	2.4
2.39	2.4	1.6	1.6	21.6	2.4
2.392	4	1.6	2.4	22.4	1.6
2.394	4	2.4	2.4	22.4	2.4
2.396	4	1.6	2.4	22.4	3.2
2.398	3.2	2.4	2.4	22.4	2.4
2.4	4	1.6	2.4	22.4	2.4
2.402	4	2.4	0.8	21.6	2.4
2.404	3.2	1.6	2.4	22.4	2.4
2.406	4	2.4	2.4	21.6	2.4
2.408	4	2.4	2.4	21.6	2.4
2.41	3.2	1.6	2.4	22.4	2.4
2.412	4	2.4	2.4	22.4	2.4
2.414	3.2	2.4	2.4	21.6	3.2
2.416	4	2.4	2.4	22.4	2.4
2.418	4	2.4	2.4	22.4	2.4
2.42	4	1.6	2.4	21.6	3.2
2.422	4	1.6	2.4	22.4	2.4
2.424	4	2.4	2.4	21.6	2.4
2.426	4	2.4	1.6	22.4	2.4
2.428	4	3.2	3.2	22.4	2.4
2.43	3.2	2.4	2.4	21.6	2.4
2.432	3.2	2.4	3.2	22.4	2.4
2.434	4	0.8	2.4	22.4	2.4
2.436	4	2.4	1.6	22.4	2.4
2.438	4	2.4	0.8	21.6	2.4
2.44	4	2.4	2.4	21.6	1.6
2.442	3.2	0.8	2.4	22.4	3.2
2.444	4	1.6	2.4	22.4	2.4
2.446	3.2	1.6	1.6	21.6	2.4
2.448	4	2.4	2.4	22.4	2.4
2.45	4	2.4	1.6	22.4	2.4
2.452	3.2	2.4	2.4	21.6	2.4
2.454	3.2	1.6	0.8	22.4	2.4
2.456	4	2.4	1.6	22.4	1.6
2.458	4	1.6	2.4	22.4	1.6
2.46	4	1.6	2.4	21.6	1.6
2.462	3.2	2.4	2.4	21.6	3.2
2.464	4	1.6	2.4	22.4	2.4
2.466	4	2.4	2.4	21.6	2.4
2.468	3.2	1.6	2.4	21.6	3.2
2.47	4	2.4	1.6	22.4	3.2
2.472	4	2.4	1.6	22.4	2.4
2.474	4	2.4	2.4	21.6	2.4
2.476	4	2.4	1.6	22.4	2.4
2.478	4	3.2	2.4	22.4	3.2
2.48	4	0.8	2.4	22.4	3.2
2.482	3.2	2.4	2.4	22.4	1.6
2.484	4	2.4	2.4	21.6	3.2
2.486	4	1.6	2.4	22.4	3.2
2.488	3.2	2.4	1.6	20.8	3.2
2.49	4	1.6	2.4	21.6	2.4
2.492	4	1.6	2.4	21.6	2.4
2.494	4.8	2.4	2.4	21.6	2.4
2.496	4	2.4	2.4	21.6	2.4
2.498	3.2	2.4	2.4	21.6	2.4
2.5	4	2.4	2.4	21.6	3.2
2.502	3.2	2.4	2.4	22.4	2.4
2.504	4	2.4	2.4	22.4	1.6
2.506	4	1.6	2.4	20.8	2.4
2.508	4	2.4	3.2	22.4	2.4
2.51	3.2	1.6	21.6	21.6	3.2
2.512	4	2.4	22.4	20.8	3.2
2.514	4	2.4	21.6	21.6	2.4
2.516	3.2	2.4	21.6	21.6	2.4
2.518	4	1.6	21.6	21.6	2.4
2.52	20.8	2.4	22.4	20.8	3.2
2.522	22.4	2.4	20.8	22.4	2.4
2.524	22.4	1.6	20.8	21.6	2.4
2.526	21.6	2.4	22.4	20.8	3.2
2.528	22.4	2.4	20.8	21.6	2.4
2.53	21.6	2.4	20.8	22.4	2.4
2.532	20.8	1.6	21.6	21.6	3.2
2.534	21.6	2.4	21.6	21.6	2.4
2.536	21.6	2.4	20.8	20.8	2.4
2.538	21.6	2.4	20.8	21.6	2.4
2.54	21.6	2.4	21.6	22.4	3.2
2.542	20.8	2.4	21.6	21.6	2.4
2.544	21.6	1.6	21.6	22.4	2.4
2.546	20.8	1.6	22.4	21.6	2.4
2.548	22.4	2.4	21.6	22.4	2.4
2.55	21.6	3.2	21.6	21.6	2.4
2.552	20.8	20.8	21.6	21.6	2.4
2.554	21.6	21.6	22.4	22.4	2.4
2.556	20.8	21.6	22.4	23.2	19.2
2.558	21.6	21.6	22.4	22.4	20.8
2.56	20	21.6	21.6	22.4	21.6
2.562	20.8	21.6	22.4	21.6	20.8
2.564	20.8	21.6	21.6	20.8	20.8
2.566	20.8	20.8	21.6	21.6	22.4
2.568	20.8	21.6	21.6	22.4	21.6
2.57	20.8	21.6	21.6	21.6	21.6
2.572	21.6	20.8	20.8	21.6	20.8
2.574	20	20.8	22.4	22.4	21.6
2.576	20.8	21.6	21.6	22.4	21.6
2.578	20.8	22.4	20.8	21.6	23.2
2.58	20.8	21.6	21.6	21.6	21.6
2.582	21.6	21.6	22.4	20.8	21.6
2.584	20	21.6	21.6	21.6	21.6
2.586	20.8	20.8	21.6	20.8	21.6
2.588	20.8	21.6	22.4	22.4	20.8
2.59	21.6	20.8	22.4	21.6	20.8
2.592	21.6	20	20.8	21.6	21.6
2.594	20.8	20.8	21.6	20.8	21.6
2.596	20.8	20.8	21.6	22.4	20.8
2.598	21.6	20.8	21.6	21.6	21.6
2.6	20.8	21.6	21.6	20.8	21.6
2.602	21.6	21.6	21.6	20.8	21.6
2.604	20.8	20.8	21.6	21.6	22.4
2.606	20.8	21.6	21.6	22.4	20.8
2.608	20.8	20.8	22.4	21.6	22.4
2.61	20.8	21.6	20.8	21.6	22.4
2.612	20.8	20.8	21.6	20.8	20.8
2.614	20.8	21.6	21.6	20.8	22.4
2.616	20.8	20.8	21.6	21.6	20
2.618	20.8	20.8	21.6	21.6	22.4
2.62	20.8	20	20.8	21.6	21.6
2.622	20.8	20.8	20.8	21.6	21.6
2.624	20.8	20.8	21.6	23.2	21.6
2.626	20.8	20.8	22.4	22.4	20.8
2.628	20.8	20.8	21.6	20.8	22.4
2.63	20.8	21.6	21.6	21.6	22.4
2.632	20.8	19.2	21.6	21.6	22.4
2.634	20.8	20.8	20.8	20.8	20.8
2.636	21.6	20	21.6	21.6	21.6
2.638	20.8	20.8	21.6	22.4	20.8
2.64	21.6	20	20.8	20.8	21.6
2.642	21.6	20.8	21.6	21.6	22.4
2.644	21.6	20	21.6	22.4	22.4
2.646	20.8	20.8	20.8	22.4	21.6
2.648	20.8	20	21.6	22.4	21.6
2.65	21.6	20.8	21.6	21.6	21.6
2.652	20.8	21.6	22.4	21.6	21.6
2.654	21.6	20.8	20.8	21.6	22.4
2.656	20.8	20.8	21.6	21.6	22.4
2.658	20.8	20	21.6	22.4	22.4
2.66	20.8	21.6	20.8	21.6	21.6
2.662	20.8	19.2	21.6	22.4	22.4
2.664	21.6	20	21.6	22.4	22.4
2.666	20.8	20	20.8	22.4	21.6
2.668	20.8	20.8	21.6	22.4	20.8
2.67	21.6	20.8	20.8	20.8	22.4
2.672	20.8	20.8	20.8	21.6	21.6
2.674	21.6	20	21.6	22.4	20.8
2.676	21.6	20	20.8	21.6	22.4
2.678	21.6	20	20.8	21.6	22.4
2.68	20.8	20	20.8	21.6	21.6
2.682	20	20.8	22.4	21.6	22.4
2.684	22.4	20.8	21.6	21.6	22.4
2.686	20.8	19.2	20	21.6	22.4
2.688	20.8	20.8	21.6	22.4	21.6
2.69	20.8	20.8	20.8	21.6	20.8
2.692	20.8	20.8	21.6	20.8	21.6
2.694	20.8	21.6	21.6	20.8	22.4
2.696	22.4	20	21.6	21.6	20.8
2.698	21.6	20	20.8	21.6	22.4
2.7	22.4	20.8	21.6	21.6	22.4
2.702	21.6	20.8	20.8	22.4	22.4
2.704	21.6	20.8	22.4	21.6	21.6
2.706	20.8	20.8	20.8	21.6	22.4
2.708	21.6	20.8	20	20.8	20.8
2.71	21.6	20.8	21.6	21.6	21.6
2.712	20.8	21.6	20.8	22.4	21.6
2.714	21.6	20.8	21.6	20.8	22.4
2.716	21.6	20.8	21.6	21.6	21.6
2.718	21.6	20	21.6	22.4	20.8
2.72	21.6	20.8	20.8	21.6	21.6
2.722	20.8	20.8	21.6	21.6	20.8
2.724	21.6	21.6	20.8	22.4	20.8
2.726	20.8	21.6	21.6	22.4	21.6
2.728	20.8	20.8	21.6	22.4	21.6
2.73	21.6	20.8	21.6	21.6	21.6
2.732	20.8	20.8	22.4	22.4	20.8
2.734	21.6	20	21.6	20.8	21.6
2.736	20.8	21.6	21.6	21.6	21.6
2.738	21.6	21.6	20.8	22.4	22.4
2.74	21.6	20.8	22.4	22.4	20.8
2.742	20.8	20.8	21.6	22.4	22.4
2.744	20.8	21.6	21.6	21.6	21.6
2.746	20.8	20.8	20.8	21.6	21.6
2.748	20.8	20.8	21.6	21.6	21.6
2.75	21.6	21.6	21.6	21.6	21.6
2.752	21.6	20.8	22.4	21.6	22.4
2.754	20.8	20.8	20.8	21.6	20.8
2.756	21.6	20.8	22.4	21.6	21.6
2.758	20.8	20.8	21.6	21.6	21.6
2.76	20.8	21.6	20.8	21.6	21.6
2.762	20.8	20	21.6	20.8	20.8
2.764	21.6	20.8	22.4	20.8	21.6
2.766	21.6	20.8	21.6	20.8	20.8
2.768	21.6	20.8	22.4	22.4	22.4
2.77	21.6	22.4	22.4	20.8	20.8
2.772	20.8	20.8	21.6	21.6	21.6
2.774	21.6	21.6	20.8	21.6	21.6
2.776	21.6	20.8	21.6	22.4	21.6
2.778	20.8	20.8	21.6	21.6	21.6
2.78	21.6	20.8	22.4	20.8	20.8
2.782	21.6	21.6	20.8	21.6	20.8
2.784	22.4	20.8	20.8	22.4	20.8
2.786	20.8	20.8	22.4	21.6	20.8
2.788	21.6	20.8	22.4	21.6	21.6
2.79	21.6	22.4	22.4	20.8	21.6
2.792	20.8	21.6	21.6	21.6	20.8
2.794	20.8	21.6	21.6	20.8	20.8
2.796	21.6	20.8	20.8	21.6	22.4
2.798	21.6	21.6	20.8	21.6	20.8
2.8	20.8	21.6	21.6	20.8	21.6
2.802	21.6	21.6	21.6	20.8	20.8
2.804	20.8	20	21.6	20.8	21.6
2.806	21.6	21.6	22.4	22.4	20.8
2.808	20.8	20.8	21.6	21.6	20.8
2.81	20	21.6	21.6	20.8	20
2.812	21.6	22.4	21.6	21.6	20.8
2.814	21.6	20.8	22.4	21.6	20.8
2.816	20.8	21.6	21.6	22.4	20.8
2.818	21.6	21.6	21.6	21.6	20.8
2.82	21.6	20.8	21.6	20.8	21.6
2.822	21.6	21.6	21.6	21.6	21.6
2.824	21.6	21.6	21.6	22.4	21.6
2.826	21.6	20.8	21.6	21.6	21.6
2.828	22.4	20.8	22.4	20.8	21.6
2.83	21.6	20	21.6	20.8	22.4
2.832	20	20.8	21.6	21.6	22.4
2.834	20.8	20.8	22.4	22.4	22.4
2.836	21.6	20.8	21.6	21.6	20.8
2.838	21.6	20.8	21.6	20.8	20.8
2.84	21.6	20.8	21.6	20.8	21.6
2.842	21.6	20.8	21.6	21.6	21.6
2.844	21.6	21.6	20.8	22.4	21.6
2.846	21.6	20.8	22.4	21.6	21.6
2.848	22.4	21.6	20.8	21.6	20.8
2.85	21.6	21.6	22.4	20.8	20.8
2.852	21.6	20.8	22.4	21.6	20.8
2.854	20.8	20.8	22.4	21.6	21.6
2.856	20.8	20.8	20.8	21.6	20.8
2.858	22.4	20.8	20.8	20.8	20.8
2.86	20.8	20.8	21.6	19.2	21.6
2.862	21.6	20	22.4	12.8	21.6
2.864	21.6	20.8	22.4	9.6	20.8
2.866	21.6	20.8	22.4	5.6	20.8
2.868	22.4	21.6	22.4	7.2	20.8
2.87	21.6	20.8	22.4	8.8	21.6
2.872	21.6	21.6	21.6	9.6	20.8
2.874	20.8	20.8	22.4	8.8	20.8
2.876	20.8	21.6	20.8	3.2	20.8
2.878	21.6	20.8	21.6	2.4	21.6
2.88	21.6	20.8	20.8	1.6	20.8
2.882	22.4	20.8	22.4	2.4	20.8
2.884	20.8	20.8	22.4	1.6	21.6
2.886	20.8	21.6	21.6	2.4	20
2.888	21.6	20.8	21.6	1.6	21.6
2.89	22.4	21.6	21.6	2.4	20.8
2.892	22.4	22.4	21.6	2.4	20.8
2.894	22.4	21.6	22.4	2.4	21.6
2.896	21.6	21.6	21.6	1.6	20.8
2.898	22.4	21.6	21.6	2.4	20.8
2.9	22.4	20.8	21.6	2.4	20.8
2.902	21.6	21.6	21.6	2.4	22.4
2.904	21.6	22.4	21.6	2.4	20.8
2.906	20.8	21.6	21.6	2.4	20.8
2.908	20.8	21.6	21.6	2.4	20.8
2.91	21.6	21.6	21.6	2.4	21.6
2.912	22.4	21.6	21.6	2.4	20.8
2.914	21.6	20.8	21.6	1.6	21.6
2.916	22.4	21.6	22.4	3.2	20.8
2.918	21.6	21.6	21.6	3.2	21.6
2.92	20.8	21.6	20.8	1.6	21.6
2.922	22.4	20	20.8	2.4	21.6
2.924	22.4	20.8	21.6	1.6	21.6
2.926	22.4	21.6	21.6	2.4	21.6
2.928	21.6	20.8	20.8	2.4	20.8
2.93	21.6	20.8	21.6	2.4	20.8
2.932	22.4	20.8	21.6	0.8	21.6
2.934	21.6	21.6	20	2.4	21.6
2.936	21.6	20.8	21.6	2.4	21.6
2.938	21.6	21.6	21.6	2.4	20.8
2.94	22.4	20.8	20.8	2.4	21.6
2.942	20.8	21.6	22.4	1.6	21.6
2.944	20.8	21.6	20.8	2.4	21.6
2.946	22.4	21.6	21.6	1.6	21.6
2.948	21.6	20.8	21.6	2.4	20.8
2.95	21.6	20.8	20.8	1.6	20.8
2.952	21.6	20.8	21.6	1.6	20.8
2.954	22.4	20.8	20.8	2.4	21.6
2.956	22.4	20.8	21.6	2.4	22.4
2.958	21.6	20.8	20.8	2.4	21.6
2.96	20.8	20.8	20.8	1.6	20
2.962	21.6	20.8	21.6	2.4	20.8
2.964	21.6	20.8	21.6	2.4	20.8
2.966	21.6	20.8	21.6	2.4	21.6
2.968	22.4	21.6	20.8	2.4	21.6
2.97	23.2	21.6	20.8	2.4	21.6
2.972	20.8	21.6	20.8	1.6	20.8
2.974	21.6	20.8	20.8	2.4	21.6
2.976	21.6	20.8	20.8	2.4	20.8
2.978	21.6	21.6	21.6	1.6	21.6
2.98	22.4	20.8	16	1.6	20.8
2.982	21.6	20.8	12	2.4	20.8
2.984	3.2	21.6	13.6	2.4	20.8
2.986	6.4	20.8	2.4	2.4	21.6
2.988	4	20.8	2.4	2.4	20.8
2.99	4	20.8	1.6	2.4	20.8
2.992	4	21.6	2.4	2.4	20.8
2.994	3.2	21.6	2.4	2.4	20.8
2.996	4	20.8	2.4	2.4	21.6
2.998	3.2	21.6	3.2	3.2	20.8
3	4	20.8	1.6	2.4	21.6
3.002	6.4	20	2.4	2.4	20.8
3.004	4	21.6	2.4	2.4	21.6
3.006	4	22.4	2.4	1.6	20.8
3.008	3.2	20.8	1.6	1.6	21.6
3.01	4	21.6	2.4	1.6	20.8
3.012	3.2	21.6	2.4	2.4	20.8
3.014	4.8	20.8	1.6	2.4	3.2
3.016	4	20.8	2.4	1.6	2.4
3.018	3.2	20	2.4	2.4	2.4
3.02	4	20.8	2.4	2.4	2.4
3.022	3.2	20.8	1.6	2.4	2.4
3.024	4	20.8	3.2	2.4	2.4
3.026	3.2	20.8	1.6	1.6	2.4
3.028	3.2	20.8	2.4	2.4	3.2
3.03	4	20.8	2.4	2.4	2.4
3.032	4	20.8	2.4	2.4	2.4
3.034	3.2	21.6	2.4	3.2	2.4
3.036	4	2.4	2.4	2.4	2.4
3.038	3.2	2.4	2.4	2.4	2.4
3.04	4	2.4	2.4	2.4	2.4
3.042	3.2	2.4	2.4	1.6	3.2
3.044	3.2	1.6	1.6	2.4	2.4
3.046	4	4	2.4	2.4	2.4
3.048	3.2	2.4	1.6	2.4	3.2
3.05	3.2	1.6	2.4	1.6	1.6
3.052	4	2.4	1.6	2.4	2.4
3.054	4	2.4	2.4	2.4	2.4
3.056	4	2.4	2.4	2.4	2.4
3.058	4	2.4	2.4	2.4	2.4
3.06	3.2	2.4	3.2	2.4	2.4
3.062	3.2	1.6	2.4	2.4	3.2
3.064	4	2.4	2.4	2.4	2.4
3.066	4.8	2.4	2.4	2.4	2.4
3.068	3.2	2.4	2.4	2.4	3.2
3.07	4	2.4	2.4	2.4	2.4
3.072	3.2	2.4	2.4	2.4	2.4
3.074	4	1.6	2.4	2.4	2.4
3.076	4	2.4	2.4	3.2	2.4
3.078	3.2	2.4	2.4	2.4	2.4
3.08	4	0.8	2.4	2.4	2.4
3.082	3.2	1.6	2.4	2.4	1.6
3.084	4	0.8	1.6	2.4	2.4
3.086	4	2.4	2.4	2.4	3.2
3.088	4	2.4	2.4	2.4	2.4
3.09	4	2.4	1.6	2.4	2.4
3.092	3.2	2.4	1.6	1.6	3.2
3.094	4	1.6	2.4	2.4	2.4
3.096	4	2.4	2.4	1.6	2.4
3.098	4	2.4	1.6	2.4	2.4
3.1	4	3.2	2.4	2.4	2.4
3.102	4	2.4	2.4	2.4	2.4
3.104	3.2	3.2	2.4	2.4	1.6
3.106	4	2.4	2.4	1.6	2.4
3.108	3.2	2.4	1.6	3.2	1.6
3.11	4	1.6	1.6	1.6	2.4
3.112	4	1.6	1.6	2.4	1.6
3.114	4	1.6	2.4	1.6	2.4
3.116	3.2	2.4	2.4	1.6	2.4
3.118	4	2.4	1.6	2.4	2.4
3.12	3.2	3.2	0.8	1.6	2.4
3.122	4	1.6	2.4	2.4	2.4
3.124	4	2.4	2.4	2.4	2.4
3.126	3.2	2.4	2.4	2.4	3.2
3.128	4	1.6	1.6	1.6	2.4
3.13	4	1.6	1.6	3.2	3.2
3.132	4	1.6	1.6	2.4	2.4
3.134	4	3.2	2.4	2.4	2.4
3.136	4	2.4	2.4	2.4	2.4
3.138	4	2.4	1.6	2.4	2.4
3.14	4	1.6	2.4	3.2	2.4
3.142	3.2	2.4	2.4	2.4	2.4
3.144	4	1.6	2.4	2.4	2.4
3.146	4	3.2	2.4	2.4	2.4
3.148	4	2.4	2.4	1.6	2.4
3.15	4	1.6	3.2	2.4	1.6
3.152	4.8	2.4	2.4	3.2	3.2
3.154	4	2.4	1.6	2.4	3.2
3.156	4	2.4	3.2	1.6	2.4
3.158	4	2.4	1.6	3.2	3.2
3.16	2.4	2.4	2.4	2.4	3.2
3.162	4	2.4	2.4	2.4	2.4
3.164	4	2.4	2.4	1.6	3.2
3.166	4.8	2.4	1.6	3.2	2.4
3.168	3.2	2.4	2.4	2.4	2.4
3.17	3.2	2.4	1.6	2.4	3.2
3.172	4	3.2	2.4	2.4	2.4
3.174	2.4	2.4	2.4	3.2	2.4
3.176	4	1.6	2.4	1.6	2.4
3.178	4	2.4	1.6	2.4	3.2
3.18	3.2	1.6	1.6	2.4	2.4
3.182	3.2	2.4	2.4	1.6	2.4
3.184	3.2	2.4	1.6	2.4	3.2
3.186	4	1.6	2.4	2.4	2.4
3.188	4	2.4	2.4	2.4	2.4
3.19	4	1.6	1.6	3.2	2.4
3.192	4	2.4	2.4	3.2	2.4
3.194	4	2.4	1.6	2.4	2.4
3.196	4	2.4	2.4	2.4	2.4
3.198	3.2	2.4	2.4	1.6	3.2
3.2	4	1.6	2.4	2.4	2.4
3.202	4.8	2.4	2.4	2.4	2.4
3.204	4	2.4	1.6	2.4	2.4
3.206	3.2	1.6	2.4	2.4	2.4
3.208	3.2	1.6	2.4	2.4	2.4
3.21	4	2.4	2.4	2.4	2.4
3.212	4	1.6	2.4	2.4	2.4
3.214	4	1.6	2.4	1.6	2.4
3.216	3.2	2.4	1.6	1.6	2.4
3.218	4	1.6	2.4	2.4	2.4
3.22	4	1.6	2.4	2.4	3.2
3.222	4	1.6	1.6	2.4	2.4
3.224	4	1.6	1.6	2.4	2.4
3.226	4	2.4	1.6	1.6	2.4
3.228	4	2.4	1.6	2.4	2.4
3.23	4	2.4	2.4	1.6	2.4
3.232	3.2	2.4	1.6	2.4	3.2
3.234	3.2	1.6	2.4	2.4	1.6
3.236	4	2.4	1.6	2.4	2.4
3.238	4	2.4	1.6	2.4	2.4
3.24	4	2.4	1.6	1.6	2.4
3.242	2.4	3.2	0.8	2.4	3.2
3.244	3.2	2.4	2.4	2.4	2.4
3.246	3.2	2.4	2.4	2.4	2.4
3.248	3.2	2.4	2.4	2.4	2.4
3.25	4	2.4	1.6	2.4	2.4
3.252	3.2	2.4	1.6	1.6	2.4
3.254	4.8	1.6	2.4	2.4	2.4
3.256	4.8	2.4	2.4	3.2	2.4
3.258	3.2	2.4	2.4	2.4	2.4
3.26	4	1.6	3.2	2.4	3.2
3.262	3.2	2.4	1.6	2.4	2.4
3.264	4	1.6	3.2	2.4	3.2
3.266	4	2.4	2.4	3.2	2.4
3.268	4	1.6	2.4	2.4	3.2
3.27	3.2	2.4	1.6	1.6	2.4
3.272	3.2	2.4	2.4	2.4	3.2
3.274	4	2.4	2.4	2.4	2.4
3.276	4	2.4	2.4	2.4	3.2
3.278	4	2.4	2.4	2.4	2.4
3.28	4	1.6	3.2	2.4	2.4
3.282	3.2	2.4	2.4	3.2	2.4
3.284	4	2.4	2.4	0.8	2.4
3.286	3.2	2.4	2.4	2.4	2.4
3.288	3.2	1.6	2.4	1.6	3.2
3.29	4	2.4	0.8	1.6	2.4
3.292	4	2.4	2.4	2.4	2.4
3.294	4	2.4	2.4	2.4	2.4
3.296	3.2	2.4	2.4	2.4	3.2
3.298	4	1.6	2.4	1.6	2.4
3.3	4	3.2	2.4	1.6	2.4
3.302	3.2	2.4	2.4	1.6	2.4
3.304	3.2	2.4	2.4	3.2	2.4
3.306	4	2.4	1.6	2.4	3.2
3.308	3.2	2.4	2.4	1.6	1.6
3.31	4.8	1.6	2.4	2.4	2.4
3.312	3.2	2.4	2.4	3.2	2.4
3.314	4	2.4	2.4	1.6	2.4
3.316	4	1.6	2.4	2.4	2.4
3.318	3.2	2.4	2.4	2.4	2.4
3.32	4	2.4	0.8	2.4	1.6
3.322	4	2.4	2.4	2.4	2.4
3.324	4	2.4	2.4	0.8	2.4
3.326	3.2	2.4	2.4	3.2	2.4
3.328	3.2	2.4	3.2	2.4	1.6
3.33	4	2.4	1.6	2.4	2.4
3.332	4	2.4	2.4	1.6	2.4
3.334	4	2.4	2.4	1.6	2.4
3.336	3.2	2.4	1.6	2.4	2.4
3.338	4	2.4	1.6	2.4	2.4
3.34	4	2.4	2.4	2.4	2.4
3.342	3.2	2.4	1.6	2.4	2.4
3.344	4	2.4	2.4	2.4	1.6
3.346	4	2.4	2.4	2.4	2.4
3.348	3.2	2.4	1.6	2.4	2.4
3.35	4	2.4	1.6	2.4	2.4
3.352	4	2.4	1.6	1.6	2.4
3.354	4	2.4	2.4	2.4	2.4
3.356	4.8	2.4	2.4	3.2	2.4
3.358	4	2.4	2.4	2.4	2.4
3.36	4	2.4	2.4	2.4	3.2
3.362	4	1.6	2.4	3.2	3.2
3.364	4.8	2.4	2.4	2.4	2.4
3.366	3.2	1.6	2.4	1.6	2.4
3.368	4	2.4	2.4	2.4	2.4
3.37	3.2	1.6	2.4	2.4	1.6
3.372	3.2	2.4	1.6	3.2	2.4
3.374	4	1.6	2.4	2.4	2.4
3.376	4	1.6	1.6	2.4	2.4
3.378	4.8	2.4	1.6	2.4	3.2
3.38	3.2	1.6	0.8	1.6	3.2
3.382	4	1.6	2.4	2.4	2.4
3.384	3.2	1.6	1.6	2.4	3.2
3.386	3.2	2.4	2.4	1.6	1.6
3.388	4	1.6	1.6	3.2	2.4
3.39	4	2.4	2.4	2.4	2.4
3.392	4	1.6	2.4	2.4	3.2
3.394	4	1.6	1.6	1.6	2.4
3.396	4	2.4	2.4	3.2	3.2
3.398	4	2.4	1.6	1.6	1.6
3.4	4.8	2.4	2.4	2.4	2.4
3.402	4	1.6	2.4	3.2	3.2
3.404	4	2.4	0.8	3.2	2.4
3.406	3.2	1.6	2.4	2.4	2.4
3.408	4	2.4	2.4	2.4	2.4
3.41	4	1.6	2.4	3.2	2.4
3.412	4	1.6	2.4	2.4	2.4
3.414	4	1.6	1.6	2.4	1.6
3.416	2.4	2.4	1.6	2.4	3.2
3.418	4	2.4	1.6	2.4	2.4
3.42	4	1.6	1.6	2.4	1.6
3.422	4	1.6	1.6	1.6	2.4
3.424	4	2.4	2.4	1.6	2.4
3.426	3.2	1.6	1.6	2.4	2.4
3.428	4	2.4	2.4	1.6	2.4
3.43	4	2.4	1.6	2.4	3.2
3.432	4	2.4	2.4	2.4	2.4
3.434	4	2.4	2.4	3.2	2.4
3.436	4	2.4	2.4	2.4	2.4
3.438	3.2	2.4	3.2	2.4	1.6
3.44	3.2	2.4	2.4	2.4	2.4
3.442	3.2	2.4	2.4	2.4	2.4
3.444	4	1.6	2.4	3.2	4
3.446	3.2	2.4	1.6	2.4	2.4
3.448	4	2.4	2.4	2.4	2.4
3.45	4	2.4	1.6	0.8	3.2
3.452	4	1.6	3.2	2.4	2.4
3.454	4	1.6	2.4	2.4	2.4
3.456	4.8	1.6	1.6	2.4	3.2
3.458	2.4	2.4	1.6	2.4	3.2
3.46	4	3.2	2.4	2.4	2.4
3.462	3.2	1.6	1.6	1.6	2.4
3.464	4	2.4	2.4	1.6	2.4
3.466	4	1.6	2.4	2.4	3.2
3.468	3.2	2.4	1.6	2.4	2.4
3.47	4	2.4	2.4	2.4	2.4
3.472	4	2.4	2.4	2.4	1.6
3.474	4	2.4	2.4	2.4	2.4
3.476	4	1.6	1.6	2.4	2.4
3.478	4	1.6	1.6	2.4	2.4
3.48	3.2	2.4	2.4	3.2	2.4
3.482	4	1.6	2.4	2.4	2.4
3.484	3.2	2.4	2.4	3.2	2.4
3.486	4	2.4	2.4	1.6	1.6
3.488	4	2.4	1.6	3.2	2.4
3.49	4	0.8	2.4	1.6	2.4
3.492	3.2	1.6	0.8	1.6	3.2
3.494	4	2.4	1.6	2.4	2.4
3.496	4	2.4	2.4	2.4	3.2
3.498	4	2.4	1.6	1.6	1.6
3.5	4	2.4	1.6	2.4	3.2
3.502	3.2	1.6	2.4	2.4	2.4
3.504	4	2.4	2.4	2.4	1.6
3.506	3.2	2.4	1.6	2.4	2.4
3.508	4	2.4	1.6	3.2	2.4
3.51	4	2.4	2.4	2.4	1.6
3.512	4	2.4	2.4	2.4	3.2
3.514	4	1.6	2.4	2.4	2.4
3.516	4	1.6	2.4	2.4	3.2
3.518	3.2	2.4	1.6	2.4	2.4
3.52	4	2.4	0.8	2.4	2.4
3.522	3.2	1.6	2.4	2.4	2.4
3.524	4	3.2	2.4	2.4	3.2
3.526	4	1.6	2.4	2.4	2.4
3.528	4	2.4	2.4	2.4	2.4
3.53	4	2.4	1.6	1.6	2.4
3.532	3.2	1.6	2.4	2.4	3.2
3.534	3.2	1.6	3.2	2.4	3.2
3.536	4	3.2	2.4	1.6	2.4
3.538	4	3.2	2.4	2.4	3.2
3.54	4	2.4	2.4	1.6	2.4
3.542	4	1.6	1.6	2.4	3.2
3.544	3.2	1.6	2.4	1.6	2.4
3.546	4	2.4	2.4	2.4	2.4
3.548	3.2	2.4	2.4	2.4	2.4
3.55	3.2	1.6	1.6	2.4	2.4
3.552	4	2.4	2.4	2.4	1.6
3.554	4	1.6	1.6	2.4	2.4
3.556	4	2.4	3.2	1.6	2.4
3.558	4	2.4	1.6	1.6	3.2
3.56	3.2	2.4	1.6	1.6	1.6
3.562	4	2.4	2.4	2.4	3.2
3.564	4	2.4	2.4	2.4	2.4
3.566	4	2.4	3.2	2.4	2.4
3.568	4	1.6	1.6	0.8	2.4
3.57	4	2.4	2.4	2.4	2.4
3.572	4	2.4	1.6	1.6	3.2
3.574	4	1.6	1.6	2.4	3.2
3.576	4	2.4	2.4	2.4	2.4
3.578	4	2.4	2.4	3.2	3.2
3.58	4	1.6	1.6	1.6	2.4
3.582	3.2	1.6	1.6	3.2	2.4
3.584	4	2.4	3.2	1.6	2.4
3.586	4	2.4	2.4	2.4	3.2
3.588	4	1.6	2.4	2.4	3.2
3.59	3.2	1.6	2.4	2.4	2.4
3.592	3.2	2.4	1.6	2.4	3.2
3.594	4	2.4	2.4	2.4	2.4
3.596	3.2	2.4	2.4	2.4	1.6
3.598	4	2.4	3.2	2.4	2.4
3.6	3.2	2.4	2.4	3.2	3.2
3.602	4	2.4	2.4	2.4	2.4
3.604	3.2	2.4	0.8	2.4	3.2
3.606	4	2.4	2.4	3.2	1.6
3.608	4	1.6	2.4	2.4	2.4
3.61	4	3.2	1.6	2.4	1.6
3.612	3.2	1.6	1.6	2.4	3.2
3.614	3.2	2.4	2.4	2.4	3.2
3.616	3.2	2.4	2.4	2.4	2.4
3.618	4	2.4	2.4	2.4	2.4
3.62	4	2.4	3.2	2.4	2.4
3.622	4	1.6	1.6	1.6	2.4
3.624	3.2	1.6	2.4	2.4	2.4
3.626	3.2	2.4	1.6	2.4	2.4
3.628	3.2	0.8	2.4	2.4	2.4
3.63	3.2	1.6	2.4	2.4	2.4
3.632	4	2.4	2.4	2.4	2.4
3.634	4	2.4	1.6	1.6	1.6
3.636	4	2.4	2.4	2.4	3.2
3.638	4	2.4	2.4	2.4	2.4
3.64	4	1.6	2.4	2.4	2.4
3.642	4.8	2.4	1.6	1.6	2.4
3.644	4	2.4	2.4	2.4	2.4
3.646	4	1.6	2.4	2.4	2.4
3.648	3.2	2.4	2.4	2.4	3.2
3.65	3.2	3.2	2.4	2.4	3.2
3.652	4	1.6	2.4	1.6	3.2
3.654	3.2	1.6	2.4	2.4	3.2
3.656	4	2.4	1.6	2.4	1.6
3.658	4	2.4	2.4	3.2	4
3.66	3.2	2.4	2.4	1.6	2.4
3.662	4	0.8	2.4	3.2	2.4
3.664	4	2.4	2.4	2.4	1.6
3.666	4	2.4	2.4	2.4	2.4
3.668	4	2.4	2.4	2.4	2.4
3.67	3.2	1.6	2.4	1.6	2.4
3.672	4	1.6	2.4	2.4	1.6
3.674	3.2	2.4	2.4	1.6	2.4
3.676	3.2	1.6	2.4	2.4	3.2
3.678	4.8	2.4	2.4	1.6	3.2
3.68	4	3.2	2.4	2.4	1.6
3.682	3.2	2.4	2.4	2.4	2.4
3.684	3.2	3.2	2.4	2.4	2.4
3.686	3.2	3.2	2.4	2.4	3.2
3.688	4	2.4	2.4	2.4	2.4
3.69	3.2	2.4	2.4	2.4	1.6
3.692	3.2	3.2	3.2	2.4	2.4
3.694	3.2	2.4	2.4	2.4	3.2
3.696	4	2.4	2.4	2.4	3.2
3.698	3.2	3.2	2.4	3.2	2.4
3.7	3.2	1.6	1.6	2.4	3.2
3.702	3.2	2.4	1.6	2.4	2.4
3.704	3.2	1.6	3.2	2.4	2.4
3.706	4	1.6	2.4	1.6	3.2
3.708	4	2.4	2.4	2.4	2.4
3.71	4.8	2.4	1.6	2.4	2.4
3.712	4	2.4	2.4	2.4	2.4
3.714	3.2	2.4	2.4	2.4	2.4
3.716	4	2.4	2.4	2.4	2.4
3.718	3.2	2.4	2.4	2.4	3.2
3.72	2.4	2.4	2.4	2.4	2.4
3.722	4	2.4	3.2	2.4	1.6
3.724	3.2	0.8	2.4	2.4	3.2
3.726	4.8	2.4	2.4	2.4	2.4
3.728	4	2.4	2.4	0.8	1.6
3.73	3.2	2.4	2.4	2.4	2.4
3.732	4	1.6	1.6	2.4	1.6
3.734	4	2.4	1.6	2.4	2.4
3.736	4	3.2	2.4	3.2	3.2
3.738	3.2	2.4	0.8	2.4	2.4
3.74	3.2	2.4	2.4	2.4	3.2
3.742	3.2	3.2	2.4	2.4	2.4
3.744	4	2.4	2.4	2.4	3.2
3.746	4	2.4	2.4	2.4	3.2
3.748	3.2	0.8	2.4	2.4	2.4
3.75	4	2.4	2.4	2.4	2.4
3.752	3.2	1.6	2.4	2.4	2.4
3.754	4	2.4	3.2	2.4	2.4
3.756	4.8	2.4	2.4	2.4	1.6
3.758	4	1.6	2.4	2.4	1.6
3.76	4	2.4	2.4	2.4	3.2
3.762	4	2.4	1.6	2.4	2.4
3.764	4	2.4	2.4	3.2	2.4
3.766	4.8	2.4	2.4	2.4	2.4
3.768	4	1.6	1.6	2.4	2.4
3.77	4	1.6	2.4	1.6	2.4
3.772	3.2	1.6	2.4	2.4	2.4
3.774	4	2.4	2.4	0.8	1.6
3.776	4	1.6	2.4	3.2	3.2
3.778	3.2	2.4	2.4	2.4	2.4
3.78	4	2.4	2.4	2.4	2.4
3.782	4	1.6	2.4	2.4	1.6
3.784	3.2	2.4	1.6	2.4	2.4
3.786	4	2.4	2.4	1.6	2.4
3.788	4	2.4	1.6	1.6	2.4
3.79	3.2	1.6	2.4	1.6	2.4
3.792	3.2	3.2	3.2	2.4	3.2
3.794	4	1.6	1.6	2.4	2.4
3.796	4	2.4	1.6	2.4	2.4
3.798	4	2.4	1.6	2.4	2.4
3.8	4	2.4	1.6	2.4	2.4
3.802	3.2	2.4	2.4	2.4	2.4
3.804	3.2	3.2	2.4	0.8	3.2
3.806	4	2.4	2.4	2.4	2.4
3.808	3.2	2.4	2.4	2.4	1.6
3.81	4	2.4	2.4	2.4	1.6
3.812	4	1.6	2.4	2.4	1.6
3.814	3.2	2.4	1.6	2.4	3.2
3.816	4	2.4	2.4	2.4	1.6
3.818	3.2	1.6	2.4	2.4	2.4
3.82	4	2.4	2.4	2.4	3.2
3.822	4	1.6	1.6	2.4	3.2
3.824	4	2.4	2.4	2.4	2.4
3.826	4	1.6	1.6	1.6	2.4
3.828	4	1.6	1.6	2.4	2.4
3.83	4.8	1.6	3.2	2.4	3.2
3.832	4	2.4	0.8	2.4	2.4
3.834	4	2.4	2.4	3.2	2.4
3.836	3.2	2.4	2.4	1.6	2.4
3.838	4	2.4	1.6	2.4	2.4
3.84	4.8	1.6	1.6	2.4	2.4
3.842	4	2.4	2.4	1.6	1.6
3.844	4	2.4	2.4	2.4	3.2
3.846	3.2	2.4	1.6	2.4	3.2
3.848	3.2	1.6	2.4	2.4	1.6
3.85	4	2.4	2.4	1.6	2.4
3.852	4	1.6	2.4	2.4	2.4
3.854	4.8	2.4	3.2	2.4	3.2
3.856	3.2	2.4	2.4	2.4	2.4
3.858	4	2.4	3.2	2.4	2.4
3.86	4	2.4	1.6	2.4	2.4
3.862	4	1.6	1.6	2.4	2.4
3.864	4	2.4	1.6	3.2	3.2
3.866	4	2.4	2.4	2.4	2.4
3.868	4	1.6	2.4	2.4	3.2
3.87	4	1.6	1.6	2.4	1.6
3.872	4	2.4	2.4	1.6	2.4
3.874	4	2.4	1.6	3.2	2.4
3.876	3.2	2.4	1.6	2.4	2.4
3.878	4	1.6	2.4	1.6	3.2
3.88	4	1.6	3.2	2.4	2.4
3.882	4	2.4	1.6	1.6	2.4
3.884	4	2.4	1.6	2.4	2.4
3.886	4	2.4	1.6	2.4	2.4
3.888	4	2.4	2.4	2.4	3.2
3.89	3.2	2.4	2.4	2.4	2.4
3.892	4	2.4	2.4	3.2	2.4
3.894	3.2	2.4	2.4	3.2	2.4
3.896	3.2	1.6	1.6	3.2	1.6
3.898	4	1.6	2.4	1.6	2.4
3.9	4	2.4	1.6	2.4	2.4
3.902	3.2	2.4	1.6	2.4	2.4
3.904	3.2	1.6	2.4	2.4	1.6
3.906	4	2.4	2.4	1.6	2.4
3.908	3.2	2.4	2.4	2.4	3.2
3.91	4	3.2	2.4	2.4	2.4
3.912	4	2.4	2.4	2.4	2.4
3.914	4	2.4	1.6	2.4	1.6
3.916	4	2.4	2.4	1.6	2.4
3.918	3.2	2.4	2.4	2.4	2.4
3.92	4	1.6	3.2	1.6	2.4
3.922	4	1.6	1.6	1.6	2.4
3.924	4	1.6	2.4	3.2	3.2
3.926	3.2	2.4	2.4	2.4	3.2
3.928	3.2	2.4	1.6	2.4	2.4
3.93	3.2	2.4	1.6	2.4	2.4
3.932	3.2	1.6	2.4	2.4	3.2
3.934	4	2.4	2.4	2.4	3.2
3.936	4	1.6	2.4	1.6	1.6
3.938	4	2.4	2.4	3.2	3.2
3.94	4	2.4	3.2	1.6	2.4
3.942	3.2	2.4	1.6	1.6	2.4
3.944	4	2.4	2.4	2.4	3.2
3.946	4	1.6	2.4	2.4	3.2
3.948	4	2.4	2.4	2.4	1.6
3.95	4	2.4	1.6	3.2	1.6
3.952	4	1.6	2.4	1.6	2.4
3.954	4	2.4	3.2	2.4	2.4
3.956	4	1.6	2.4	2.4	2.4
3.958	4	1.6	2.4	1.6	1.6
3.96	3.2	2.4	1.6	2.4	3.2
3.962	4	2.4	2.4	2.4	2.4
3.964	4	2.4	2.4	1.6	2.4
3.966	4	1.6	2.4	2.4	3.2
3.968	4	2.4	2.4	2.4	3.2
3.97	4.8	2.4	2.4	2.4	2.4
3.972	4	2.4	2.4	1.6	2.4
3.974	3.2	2.4	2.4	0.8	2.4
3.976	4	2.4	2.4	2.4	2.4
3.978	4	1.6	1.6	2.4	2.4
3.98	4	1.6	1.6	2.4	2.4
3.982	4	1.6	1.6	2.4	3.2
3.984	3.2	2.4	1.6	2.4	2.4
3.986	3.2	2.4	1.6	1.6	3.2
3.988	3.2	2.4	3.2	2.4	2.4
3.99	4	2.4	2.4	2.4	2.4
3.992	4	2.4	2.4	2.4	2.4
3.994	3.2	2.4	1.6	2.4	2.4
3.996	3.2	1.6	2.4	2.4	1.6
3.998	4	2.4	2.4	2.4	2.4
4	4	1.6	1.6	2.4	2.4
4.002	4	2.4	0.8	1.6	2.4
4.004	4	2.4	2.4	3.2	2.4
4.006	4	1.6	2.4	2.4	2.4
4.008	4	2.4	2.4	2.4	2.4
4.01	4	2.4	2.4	2.4	4
4.012	3.2	1.6	2.4	2.4	3.2
4.014	4	2.4	3.2	2.4	3.2
4.016	4	2.4	2.4	2.4	3.2
4.018	4.8	1.6	2.4	2.4	2.4
4.02	4	2.4	2.4	2.4	2.4
4.022	3.2	2.4	2.4	2.4	2.4
4.024	4	1.6	1.6	2.4	2.4
4.026	4	2.4	1.6	2.4	2.4
4.028	4	2.4	1.6	3.2	2.4
4.03	3.2	1.6	2.4	2.4	2.4
4.032	4	1.6	1.6	2.4	2.4
4.034	4	1.6	2.4	1.6	3.2
4.036	4	2.4	2.4	2.4	2.4
4.038	4	0.8	1.6	2.4	3.2
4.04	4	2.4	2.4	2.4	2.4
4.042	3.2	2.4	2.4	2.4	2.4
4.044	4	2.4	2.4	1.6	3.2
4.046	4	1.6	1.6	0.8	2.4
4.048	4	2.4	2.4	2.4	2.4
4.05	3.2	2.4	2.4	2.4	3.2
4.052	4	2.4	1.6	2.4	4
4.054	3.2	2.4	2.4	0.8	1.6
4.056	3.2	2.4	2.4	2.4	2.4
4.058	3.2	2.4	3.2	2.4	3.2
4.06	4	2.4	2.4	2.4	2.4
4.062	4	2.4	2.4	3.2	3.2
4.064	4	2.4	2.4	2.4	3.2
4.066	4	1.6	2.4	1.6	3.2
4.068	4	2.4	2.4	2.4	2.4
4.07	4	1.6	2.4	1.6	3.2
4.072	4	2.4	1.6	2.4	3.2
4.074	3.2	2.4	2.4	1.6	3.2
4.076	4	1.6	2.4	2.4	1.6
4.078	4	3.2	2.4	2.4	2.4
4.08	4.8	1.6	2.4	2.4	3.2
4.082	4	1.6	2.4	2.4	2.4
4.084	4	2.4	2.4	2.4	1.6
4.086	4	2.4	1.6	3.2	1.6
4.088	3.2	1.6	2.4	1.6	2.4
4.09	4	1.6	2.4	3.2	3.2
4.092	4	2.4	2.4	2.4	2.4
4.094	4	2.4	2.4	2.4	1.6
4.096	4	2.4	2.4	1.6	2.4
4.098	4	2.4	1.6	2.4	1.6
4.1	4	2.4	1.6	1.6	3.2
4.102	4	3.2	2.4	3.2	1.6
4.104	4	1.6	1.6	2.4	3.2
4.106	3.2	2.4	0.8	2.4	3.2
4.108	4	2.4	2.4	2.4	2.4
4.11	4	2.4	1.6	2.4	2.4
4.112	4	2.4	2.4	2.4	2.4
4.114	3.2	1.6	2.4	1.6	1.6
4.116	3.2	1.6	1.6	2.4	3.2
4.118	3.2	2.4	2.4	2.4	3.2
4.12	4	0.8	2.4	2.4	3.2
4.122	3.2	2.4	2.4	2.4	2.4
4.124	4	2.4	1.6	2.4	2.4
4.126	4	3.2	2.4	1.6	3.2
4.128	4	3.2	3.2	2.4	2.4
4.13	4	2.4	2.4	1.6	2.4
4.132	3.2	2.4	2.4	2.4	2.4
4.134	4	2.4	2.4	2.4	2.4
4.136	4	2.4	2.4	2.4	1.6
4.138	4	2.4	2.4	2.4	2.4
4.14	4	2.4	3.2	2.4	2.4
4.142	3.2	2.4	2.4	2.4	2.4
4.144	4	2.4	3.2	2.4	2.4
4.146	4	1.6	2.4	2.4	2.4
4.148	4	1.6	2.4	2.4	2.4
4.15	3.2	2.4	1.6	2.4	1.6
4.152	4	1.6	2.4	2.4	2.4
4.154	4	2.4	2.4	2.4	2.4
4.156	4	2.4	2.4	2.4	2.4
4.158	4	1.6	1.6	2.4	2.4
4.16	4	2.4	2.4	2.4	3.2
4.162	3.2	0.8	1.6	2.4	2.4
4.164	4	1.6	1.6	2.4	3.2
4.166	4	3.2	2.4	2.4	2.4
4.168	4	2.4	3.2	2.4	2.4
4.17	3.2	2.4	1.6	2.4	2.4
4.172	3.2	1.6	2.4	2.4	2.4
4.174	4	1.6	2.4	2.4	2.4
4.176	4	1.6	2.4	3.2	3.2
4.178	4.8	1.6	2.4	2.4	1.6
4.18	3.2	2.4	2.4	2.4	2.4
4.182	4	3.2	1.6	1.6	2.4
4.184	4	1.6	2.4	2.4	2.4
4.186	4	1.6	1.6	2.4	2.4
4.188	4.8	2.4	2.4	1.6	2.4
4.19	4	2.4	3.2	2.4	2.4
4.192	4	2.4	2.4	2.4	3.2
4.194	3.2	2.4	3.2	3.2	2.4
4.196	4	2.4	2.4	3.2	2.4
4.198	4	2.4	2.4	2.4	2.4
4.2	3.2	2.4	2.4	2.4	2.4
4.202	4	2.4	3.2	2.4	2.4
4.204	4	2.4	2.4	2.4	2.4
4.206	4	2.4	2.4	2.4	2.4
4.208	3.2	2.4	2.4	2.4	2.4
4.21	4	2.4	2.4	2.4	2.4
4.212	4	2.4	2.4	2.4	1.6
4.214	4	2.4	2.4	2.4	2.4
4.216	4	2.4	2.4	2.4	1.6
4.218	4	2.4	2.4	2.4	3.2
4.22	4.8	2.4	1.6	2.4	3.2
4.222	4	1.6	2.4	2.4	3.2
4.224	3.2	2.4	2.4	2.4	2.4
4.226	4	2.4	2.4	1.6	2.4
4.228	3.2	2.4	1.6	2.4	3.2
4.23	4.8	2.4	2.4	2.4	3.2
4.232	3.2	2.4	1.6	1.6	3.2
4.234	4	2.4	1.6	1.6	2.4
4.236	4	1.6	2.4	2.4	2.4
4.238	3.2	3.2	2.4	2.4	1.6
4.24	4	1.6	2.4	3.2	3.2
4.242	4.8	0.8	1.6	2.4	1.6
4.244	3.2	2.4	2.4	2.4	3.2
4.246	4	2.4	2.4	2.4	2.4
4.248	4	2.4	2.4	1.6	2.4
4.25	4	2.4	1.6	2.4	2.4
4.252	4	2.4	2.4	2.4	2.4
4.254	3.2	0.8	2.4	1.6	2.4
4.256	4	2.4	1.6	2.4	2.4
4.258	3.2	3.2	3.2	2.4	3.2
4.26	4	3.2	3.2	2.4	2.4
4.262	4	0.8	1.6	1.6	3.2
4.264	4	2.4	2.4	2.4	2.4
4.266	3.2	1.6	3.2	2.4	3.2
4.268	4	2.4	2.4	2.4	1.6
4.27	3.2	2.4	2.4	3.2	2.4
4.272	3.2	1.6	1.6	2.4	2.4
4.274	4	1.6	2.4	3.2	2.4
4.276	3.2	1.6	2.4	2.4	2.4
4.278	4	2.4	2.4	2.4	3.2
4.28	4	0.8	2.4	2.4	2.4
4.282	4	2.4	1.6	2.4	3.2
4.284	4	1.6	2.4	2.4	3.2
4.286	3.2	3.2	1.6	2.4	2.4
4.288	4	1.6	2.4	2.4	3.2
4.29	4	2.4	2.4	3.2	2.4
4.292	3.2	2.4	1.6	2.4	0.8
4.294	4	2.4	1.6	2.4	2.4
4.296	4.8	1.6	2.4	2.4	2.4
4.298	3.2	2.4	2.4	2.4	1.6
4.3	3.2	2.4	2.4	3.2	2.4
4.302	4	2.4	2.4	2.4	2.4
4.304	4	2.4	1.6	2.4	2.4
4.306	4.8	2.4	3.2	2.4	2.4
4.308	4	1.6	2.4	2.4	1.6
4.31	4	2.4	1.6	2.4	2.4
4.312	3.2	2.4	2.4	3.2	2.4
4.314	4	2.4	2.4	2.4	3.2
4.316	4.8	2.4	1.6	1.6	2.4
4.318	4	1.6	2.4	2.4	2.4
4.32	4	2.4	2.4	3.2	2.4
4.322	4	2.4	2.4	1.6	2.4
4.324	3.2	2.4	1.6	2.4	3.2
4.326	4	2.4	3.2	1.6	2.4
4.328	4.8	1.6	2.4	2.4	2.4
4.33	2.4	2.4	2.4	1.6	2.4
4.332	4	2.4	2.4	2.4	2.4
4.334	3.2	2.4	3.2	3.2	2.4
4.336	4	2.4	3.2	2.4	2.4
4.338	4.8	2.4	3.2	2.4	3.2
4.34	3.2	2.4	2.4	2.4	1.6
4.342	4	2.4	2.4	2.4	2.4
4.344	3.2	2.4	2.4	2.4	3.2
4.346	3.2	2.4	2.4	2.4	2.4
4.348	3.2	2.4	2.4	2.4	2.4
4.35	3.2	2.4	0.8	3.2	3.2
4.352	4	2.4	1.6	2.4	2.4
4.354	4	2.4	0.8	2.4	2.4
4.356	4	1.6	2.4	1.6	2.4
4.358	4	2.4	2.4	2.4	1.6
4.36	4	2.4	1.6	2.4	2.4
4.362	3.2	2.4	2.4	2.4	3.2
4.364	3.2	2.4	1.6	1.6	3.2
4.366	4	2.4	2.4	2.4	2.4
4.368	4	2.4	2.4	1.6	2.4
4.37	3.2	2.4	1.6	2.4	2.4
4.372	4	2.4	2.4	1.6	3.2
4.374	4	2.4	2.4	1.6	2.4
4.376	3.2	2.4	1.6	2.4	3.2
4.378	3.2	1.6	2.4	2.4	2.4
4.38	4	2.4	2.4	3.2	2.4
4.382	3.2	2.4	1.6	2.4	2.4
4.384	3.2	2.4	3.2	2.4	2.4
4.386	4	3.2	2.4	2.4	3.2
4.388	4	2.4	2.4	3.2	2.4
4.39	4	1.6	1.6	2.4	2.4
4.392	3.2	0.8	2.4	2.4	2.4
4.394	4	0.8	3.2	2.4	2.4
4.396	3.2	2.4	1.6	3.2	3.2
4.398	4	2.4	1.6	2.4	1.6
4.4	4	2.4	2.4	1.6	3.2
4.402	4	2.4	2.4	2.4	2.4
4.404	4	2.4	2.4	2.4	1.6
4.406	3.2	2.4	2.4	2.4	2.4
4.408	4	2.4	2.4	1.6	2.4
4.41	4	1.6	1.6	2.4	2.4
4.412	4	2.4	1.6	3.2	0.8
4.414	4.8	2.4	2.4	2.4	2.4
4.416	3.2	2.4	3.2	3.2	2.4
4.418	3.2	2.4	2.4	2.4	2.4
4.42	3.2	2.4	2.4	1.6	3.2
4.422	4	3.2	2.4	2.4	1.6
4.424	4	2.4	1.6	2.4	3.2
4.426	3.2	1.6	1.6	2.4	2.4
4.428	4	1.6	2.4	2.4	2.4
4.43	4	2.4	2.4	2.4	3.2
4.432	4	1.6	1.6	2.4	2.4
4.434	4	2.4	2.4	1.6	2.4
4.436	3.2	2.4	2.4	2.4	2.4
4.438	4	1.6	3.2	2.4	2.4
4.44	3.2	1.6	2.4	1.6	2.4
4.442	4	3.2	1.6	1.6	1.6
4.444	3.2	2.4	3.2	3.2	2.4
4.446	4	2.4	2.4	1.6	2.4
4.448	3.2	2.4	2.4	1.6	1.6
4.45	3.2	2.4	2.4	2.4	3.2
4.452	4	1.6	1.6	2.4	2.4
4.454	4	2.4	1.6	2.4	2.4
4.456	4	2.4	2.4	2.4	3.2
4.458	4	2.4	2.4	3.2	2.4
4.46	4	1.6	2.4	3.2	2.4
4.462	4	1.6	2.4	2.4	2.4
4.464	3.2	2.4	2.4	2.4	2.4
4.466	3.2	2.4	1.6	1.6	3.2
4.468	4	2.4	2.4	2.4	2.4
4.47	4	2.4	2.4	2.4	2.4
4.472	4	1.6	1.6	1.6	2.4
4.474	3.2	2.4	1.6	3.2	2.4
4.476	3.2	2.4	2.4	3.2	3.2
4.478	3.2	2.4	2.4	2.4	3.2
4.48	4.8	1.6	0.8	2.4	3.2
4.482	4	2.4	2.4	2.4	1.6
4.484	3.2	2.4	2.4	2.4	2.4
4.486	4	2.4	2.4	1.6	2.4
4.488	3.2	2.4	1.6	2.4	3.2
4.49	3.2	2.4	3.2	1.6	2.4
4.492	3.2	1.6	2.4	2.4	2.4
4.494	3.2	1.6	1.6	2.4	2.4
4.496	4	2.4	2.4	2.4	1.6
4.498	4	2.4	3.2	3.2	2.4
4.5	4	2.4	1.6	1.6	3.2
4.502	3.2	2.4	2.4	2.4	2.4
4.504	3.2	3.2	1.6	1.6	2.4
4.506	4	3.2	2.4	1.6	2.4
4.508	3.2	2.4	2.4	2.4	2.4
4.51	4	2.4	2.4	2.4	2.4
4.512	4	2.4	2.4	2.4	2.4
4.514	3.2	1.6	1.6	2.4	3.2
4.516	3.2	3.2	1.6	2.4	2.4
4.518	3.2	1.6	2.4	2.4	2.4
4.52	4	2.4	2.4	1.6	2.4
4.522	3.2	2.4	2.4	2.4	2.4
4.524	4	2.4	1.6	1.6	2.4
4.526	4	1.6	2.4	1.6	2.4
4.528	3.2	2.4	1.6	2.4	2.4
4.53	3.2	2.4	1.6	2.4	3.2
4.532	4	3.2	2.4	2.4	2.4
4.534	4	1.6	2.4	1.6	3.2
4.536	4	1.6	1.6	1.6	3.2
4.538	3.2	2.4	2.4	3.2	2.4
4.54	3.2	3.2	2.4	2.4	2.4
4.542	4	2.4	1.6	2.4	3.2
4.544	4	2.4	2.4	2.4	2.4
4.546	4	1.6	2.4	2.4	3.2
4.548	4	2.4	1.6	2.4	2.4
4.55	4	2.4	2.4	2.4	3.2
4.552	3.2	2.4	1.6	2.4	3.2
4.554	4	2.4	2.4	2.4	2.4
4.556	4.8	2.4	2.4	3.2	2.4
4.558	4	1.6	3.2	2.4	2.4
4.56	4.8	2.4	1.6	2.4	2.4
4.562	4	2.4	2.4	1.6	2.4
4.564	3.2	2.4	3.2	2.4	2.4
4.566	4	2.4	2.4	2.4	2.4
4.568	4	2.4	2.4	3.2	3.2
4.57	3.2	2.4	2.4	2.4	2.4
4.572	4	3.2	2.4	2.4	2.4
4.574	4.8	2.4	2.4	2.4	2.4
4.576	4	2.4	2.4	1.6	2.4
4.578	4	1.6	2.4	2.4	1.6
4.58	4	2.4	2.4	2.4	3.2
4.582	4	2.4	2.4	3.2	1.6
4.584	4	2.4	2.4	2.4	2.4
4.586	3.2	2.4	2.4	0.8	2.4
4.588	4	2.4	1.6	3.2	2.4
4.59	4	0.8	2.4	2.4	2.4
4.592	4	2.4	2.4	1.6	3.2
4.594	4	2.4	1.6	1.6	2.4
4.596	4	2.4	2.4	1.6	2.4
4.598	4	0.8	2.4	2.4	1.6
4.6	4	0.8	2.4	2.4	1.6
4.602	4	0	2.4	2.4	3.2
4.604	4	1.6	1.6	2.4	3.2
4.606	4.8	2.4	2.4	2.4	2.4
4.608	3.2	2.4	1.6	2.4	-102.4
4.61	4	1.6	1.6	3.2	-102.4
4.612	4	2.4	2.4	3.2	-102.4
4.614	3.2	1.6	3.2	2.4	-102.4
4.616	3.2	2.4	2.4	2.4	-102.4
4.618	3.2	1.6	2.4	2.4	-102.4
4.62	4	2.4	1.6	2.4	-102.4
4.622	4	1.6	2.4	2.4	-102.4
4.624	4	2.4	-102.4	3.2	-102.4
4.626	4	1.6	-102.4	1.6	-102.4
4.628	3.2	1.6	-102.4	1.6	-102.4
4.63	4	1.6	-102.4	2.4	-102.4
4.632	4	2.4	-102.4	2.4	-102.4
4.634	4	3.2	-102.4	2.4	-102.4
4.636	4	2.4	-102.4	2.4	-102.4
4.638	4	1.6	-102.4	2.4	-102.4
4.64	4	1.6	-102.4	1.6	-102.4
4.642	4	0.8	-102.4	2.4	-102.4
4.644	3.2	2.4	-102.4	1.6	-102.4
4.646	4	1.6	-102.4	2.4	-102.4
4.648	3.2	2.4	-102.4	1.6	-102.4
4.65	4	2.4	-102.4	2.4	-102.4
4.652	3.2	2.4	-102.4	2.4	-102.4
4.654	4.8	2.4	-102.4	2.4	-102.4
4.656	4	1.6	-102.4	2.4	-102.4
4.658	3.2	2.4	-102.4	2.4	-102.4
4.66	4	1.6	-102.4	2.4	-102.4
4.662	3.2	1.6	-102.4	2.4	-102.4
4.664	3.2	3.2	-102.4	1.6	-102.4
4.666	4	2.4	-102.4	2.4	-102.4
4.668	3.2	2.4	-102.4	2.4	-102.4
4.67	3.2	1.6	-102.4	2.4	-102.4
4.672	4	1.6	-102.4	2.4	-102.4
4.674	3.2	2.4	-102.4	2.4	-102.4
4.676	3.2	2.4	-102.4	2.4	-102.4
4.678	4	2.4	-102.4	2.4	-102.4
4.68	4	2.4	-102.4	2.4	-102.4
4.682	3.2	3.2	-102.4	2.4	-102.4
4.684	4	2.4	-102.4	1.6	-102.4
4.686	4	2.4	-102.4	2.4	-102.4
4.688	3.2	2.4	-102.4	2.4	-102.4
4.69	3.2	2.4	-102.4	3.2	-102.4
4.692	4	1.6	-102.4	1.6	-102.4
4.694	4	2.4	-102.4	3.2	-102.4
4.696	4	2.4	-102.4	2.4	-102.4
4.698	4	2.4	-102.4	3.2	-102.4
4.7	3.2	1.6	-102.4	2.4	-102.4
4.702	4	2.4	-102.4	2.4	-102.4
4.704	4	2.4	-102.4	2.4	-102.4
4.706	4	2.4	-102.4	2.4	-102.4
4.708	3.2	2.4	-102.4	2.4	-102.4
4.71	4	2.4	-102.4	3.2	-102.4
4.712	4	2.4	-102.4	2.4	-102.4
4.714	4	2.4	-102.4	2.4	-102.4
4.716	4.8	2.4	-102.4	2.4	-102.4
4.718	4	2.4	-102.4	1.6	-102.4
4.72	4	2.4	-102.4	2.4	-102.4
4.722	3.2	2.4	-102.4	2.4	-102.4
4.724	3.2	2.4	-102.4	2.4	-102.4
4.726	4	1.6	-102.4	1.6	-102.4
4.728	4	2.4	-102.4	2.4	-102.4
4.73	4.8	1.6	-102.4	3.2	-102.4
4.732	3.2	1.6	-102.4	2.4	-102.4
4.734	4	2.4	-102.4	2.4	-102.4
4.736	4	1.6	-102.4	1.6	-102.4
4.738	4	1.6	-102.4	1.6	-102.4
4.74	4	2.4	-102.4	2.4	-102.4
4.742	3.2	1.6	-102.4	2.4	-102.4
4.744	3.2	2.4	-102.4	2.4	-102.4
4.746	3.2	2.4	-102.4	2.4	-102.4
4.748	4	2.4	-102.4	3.2	-102.4
4.75	4	2.4	-102.4	2.4	-102.4
4.752	3.2	2.4	-102.4	2.4	-102.4
4.754	3.2	1.6	-102.4	2.4	-102.4
4.756	3.2	2.4	-102.4	1.6	-102.4
4.758	3.2	2.4	-102.4	1.6	-102.4
4.76	4	1.6	-102.4	2.4	-102.4
4.762	3.2	1.6	-102.4	3.2	-102.4
4.764	4	3.2	-102.4	2.4	-102.4
4.766	3.2	2.4	-102.4	3.2	-102.4
4.768	3.2	2.4	-102.4	2.4	-102.4
4.77	4	1.6	-102.4	2.4	-102.4
4.772	4	1.6	-102.4	1.6	-102.4
4.774	4	2.4	-102.4	2.4	-102.4
4.776	4	2.4	-102.4	2.4	-102.4
4.778	4	2.4	-102.4	1.6	-102.4
4.78	3.2	2.4	-102.4	2.4	-102.4
4.782	4	2.4	-102.4	2.4	-102.4
4.784	3.2	1.6	-102.4	2.4	-102.4
4.786	4	1.6	-102.4	3.2	-102.4
4.788	4	2.4	-102.4	1.6	-102.4
4.79	4	2.4	-102.4	1.6	-102.4
4.792	4	2.4	-102.4	2.4	-102.4
4.794	4	2.4	-102.4	2.4	-102.4
4.796	4	2.4	-102.4	1.6	-102.4
4.798	4	1.6	-102.4	2.4	-102.4
4.8	3.2	2.4	-102.4	1.6	-102.4
4.802	4	2.4	-102.4	2.4	-102.4
4.804	4	2.4	-102.4	1.6	-102.4
4.806	4	2.4	-102.4	2.4	-102.4
4.808	3.2	2.4	-102.4	2.4	-102.4
4.81	4	2.4	-102.4	2.4	-102.4
4.812	4	3.2	-102.4	1.6	-102.4
4.814	4	0.8	-102.4	2.4	-102.4
4.816	3.2	2.4	-102.4	2.4	-102.4
4.818	4	2.4	-102.4	2.4	-102.4
4.82	4	0.8	-102.4	2.4	-102.4
4.822	4	2.4	-102.4	1.6	-102.4
4.824	4	3.2	-102.4	2.4	-102.4
4.826	4	2.4	-102.4	2.4	-102.4
4.828	4	0.8	-102.4	1.6	-102.4
4.83	3.2	3.2	-102.4	1.6	-102.4
4.832	3.2	2.4	-102.4	1.6	-102.4
4.834	4	2.4	-102.4	2.4	-102.4
4.836	4	1.6	-102.4	2.4	-102.4
4.838	4	2.4	-102.4	2.4	-102.4
4.84	4	1.6	-102.4	1.6	-102.4
4.842	4	2.4	-102.4	2.4	-102.4
4.844	4	1.6	-102.4	1.6	-102.4
4.846	4	1.6	-102.4	2.4	-102.4
4.848	4	2.4	-102.4	2.4	-102.4
4.85	4	2.4	-102.4	2.4	-102.4
4.852	4	1.6	-102.4	2.4	-102.4
4.854	4	2.4	-102.4	2.4	-102.4
4.856	4	1.6	-102.4	1.6	-102.4
4.858	4	2.4	-102.4	2.4	-102.4
4.86	4	3.2	-102.4	2.4	-102.4
4.862	3.2	3.2	-102.4	2.4	-102.4
4.864	3.2	1.6	-102.4	2.4	-102.4
4.866	4	2.4	-102.4	2.4	-102.4
4.868	4	2.4	-102.4	1.6	-102.4
4.87	4	1.6	-102.4	2.4	-102.4
4.872	3.2	2.4	-102.4	2.4	-102.4
4.874	4.8	1.6	-102.4	2.4	-102.4
4.876	3.2	2.4	-102.4	1.6	-102.4
4.878	4	2.4	-102.4	1.6	-102.4
4.88	4	2.4	-102.4	3.2	-102.4
4.882	3.2	2.4	-102.4	2.4	-102.4
4.884	4.8	1.6	-102.4	2.4	-102.4
4.886	4	2.4	-102.4	2.4	-102.4
4.888	4.8	2.4	-102.4	2.4	-102.4
4.89	4	2.4	-102.4	2.4	-102.4
4.892	4	2.4	-102.4	2.4	-102.4
4.894	4	2.4	-102.4	2.4	-102.4
4.896	4	1.6	-102.4	1.6	-102.4
4.898	4	2.4	-102.4	2.4	-102.4
4.9	3.2	2.4	-102.4	2.4	-102.4
4.902	3.2	2.4	-102.4	3.2	-102.4
4.904	4	1.6	-102.4	3.2	-102.4
4.906	4	1.6	-102.4	2.4	-102.4
4.908	4	1.6	-102.4	2.4	-102.4
4.91	4	2.4	-102.4	2.4	-102.4
4.912	3.2	2.4	-102.4	2.4	-102.4
4.914	4	1.6	-102.4	1.6	-102.4
4.916	4	2.4	-102.4	2.4	-102.4
4.918	3.2	0.8	-102.4	2.4	-102.4
4.92	4	1.6	-102.4	2.4	-102.4
4.922	4	1.6	-102.4	2.4	-102.4
4.924	3.2	2.4	-102.4	2.4	-102.4
4.926	4	1.6	-102.4	1.6	-102.4
4.928	4	2.4	-102.4	2.4	-102.4
4.93	4	2.4	-102.4	2.4	-102.4
4.932	3.2	1.6	-102.4	2.4	-102.4
4.934	4	2.4	-102.4	2.4	-102.4
4.936	4	1.6	-102.4	2.4	-102.4
4.938	4	2.4	-102.4	2.4	-102.4
4.94	4	2.4	-102.4	2.4	-102.4
4.942	3.2	2.4	-102.4	2.4	-102.4
4.944	3.2	2.4	-102.4	3.2	-102.4
4.946	4	2.4	-102.4	2.4	-102.4
4.948	4	2.4	-102.4	1.6	-102.4
4.95	4	2.4	-102.4	2.4	-102.4
4.952	4.8	2.4	-102.4	2.4	-102.4
4.954	4	2.4	-102.4	2.4	-102.4
4.956	4	2.4	-102.4	2.4	-102.4
4.958	4	2.4	-102.4	1.6	-102.4
4.96	4	1.6	-102.4	3.2	-102.4
4.962	4	1.6	-102.4	3.2	-102.4
4.964	3.2	2.4	-102.4	3.2	-102.4
4.966	4	1.6	-102.4	2.4	-102.4
4.968	3.2	2.4	-102.4	3.2	-102.4
4.97	4	2.4	-102.4	2.4	-102.4
4.972	4	1.6	-102.4	2.4	-102.4
4.974	4	1.6	-102.4	2.4	-102.4
4.976	4	2.4	-102.4	2.4	-102.4
4.978	4	2.4	-102.4	2.4	-102.4
4.98	4	2.4	-102.4	2.4	-102.4
4.982	4	2.4	-102.4	2.4	-102.4
4.984	3.2	2.4	-102.4	1.6	-102.4
4.986	3.2	2.4	-102.4	1.6	-102.4
4.988	4	1.6	-102.4	2.4	-102.4
4.99	4	2.4	-102.4	3.2	-102.4
4.992	3.2	1.6	-102.4	2.4	-102.4
4.994	4	2.4	-102.4	2.4	-102.4
4.996	4	0.8	-102.4	2.4	-102.4
4.998	3.2	1.6	-102.4	2.4	-102.4
