Time	1st	2nd	3rd	4th	5th
0	3.2	-102.4	3.2	-102.4	-102.4
0.002	4	-102.4	1.6	-102.4	-102.4
0.004	3.2	-102.4	3.2	-102.4	-102.4
0.006	4	-102.4	3.2	-102.4	-102.4
0.008	3.2	-102.4	2.4	-102.4	-102.4
0.01	3.2	-102.4	2.4	-102.4	-102.4
0.012	4	-102.4	2.4	-102.4	-102.4
0.014	3.2	-102.4	3.2	-102.4	-102.4
0.016	4.8	-102.4	4	-102.4	-102.4
0.018	3.2	-102.4	3.2	-102.4	-102.4
0.02	3.2	-102.4	2.4	-102.4	-102.4
0.022	3.2	-102.4	3.2	-102.4	-102.4
0.024	3.2	-102.4	3.2	-102.4	-102.4
0.026	4	-102.4	4	-102.4	-102.4
0.028	4	-102.4	2.4	-102.4	-102.4
0.03	3.2	-102.4	3.2	-102.4	-102.4
0.032	3.2	-102.4	3.2	-102.4	-102.4
0.034	3.2	-102.4	3.2	-102.4	-102.4
0.036	3.2	-102.4	3.2	-102.4	-102.4
0.038	4	-102.4	2.4	-102.4	-102.4
0.04	4	-102.4	2.4	-102.4	-102.4
0.042	3.2	-102.4	3.2	-102.4	-102.4
0.044	4	-102.4	3.2	-102.4	-102.4
0.046	4.8	-102.4	3.2	-102.4	-102.4
0.048	3.2	-102.4	4	-102.4	-102.4
0.05	3.2	-102.4	3.2	-102.4	-102.4
0.052	3.2	-102.4	2.4	-102.4	-102.4
0.054	4	-102.4	2.4	-102.4	-102.4
0.056	3.2	-102.4	3.2	-102.4	-102.4
0.058	3.2	-102.4	2.4	-102.4	-102.4
0.06	4	-102.4	3.2	-102.4	-102.4
0.062	4	-102.4	3.2	-102.4	-102.4
0.064	4	-102.4	3.2	-102.4	-102.4
0.066	3.2	-102.4	3.2	-102.4	-102.4
0.068	3.2	-102.4	3.2	-102.4	-102.4
0.07	3.2	-102.4	2.4	-102.4	1.6
0.072	3.2	-102.4	3.2	-102.4	3.2
0.074	3.2	-102.4	3.2	-102.4	3.2
0.076	3.2	-102.4	3.2	-102.4	3.2
0.078	3.2	-102.4	2.4	-102.4	3.2
0.08	4	-102.4	3.2	-102.4	2.4
0.082	4	-102.4	2.4	-102.4	3.2
0.084	4	-102.4	3.2	-102.4	2.4
0.086	3.2	-102.4	2.4	-102.4	2.4
0.088	4	-102.4	3.2	-102.4	2.4
0.09	4	-102.4	2.4	-102.4	3.2
0.092	4	-102.4	2.4	-102.4	3.2
0.094	3.2	-102.4	2.4	-102.4	3.2
0.096	3.2	-102.4	3.2	-102.4	2.4
0.098	3.2	-102.4	2.4	-102.4	3.2
0.1	4	-102.4	4	-102.4	4
0.102	3.2	-102.4	3.2	-102.4	4
0.104	3.2	-102.4	3.2	-102.4	3.2
0.106	4	-102.4	2.4	-102.4	3.2
0.108	3.2	-102.4	2.4	-102.4	2.4
0.11	4	-102.4	3.2	-102.4	3.2
0.112	4	-102.4	3.2	-102.4	2.4
0.114	3.2	-102.4	3.2	-102.4	3.2
0.116	2.4	-102.4	2.4	-102.4	2.4
0.118	3.2	-102.4	3.2	-102.4	3.2
0.12	3.2	-102.4	3.2	-102.4	2.4
0.122	4	-102.4	3.2	-102.4	3.2
0.124	4	-102.4	3.2	-102.4	3.2
0.126	4	-102.4	2.4	-102.4	4
0.128	3.2	-102.4	2.4	-102.4	3.2
0.13	4	-102.4	3.2	-102.4	3.2
0.132	4	-102.4	4	-102.4	3.2
0.134	3.2	-102.4	3.2	-102.4	3.2
0.136	4	-102.4	4	-102.4	2.4
0.138	3.2	-102.4	3.2	-102.4	3.2
0.14	4	-102.4	1.6	-102.4	1.6
0.142	4	-102.4	2.4	-102.4	3.2
0.144	4	-102.4	3.2	-102.4	2.4
0.146	4	-102.4	3.2	-102.4	3.2
0.148	3.2	-102.4	2.4	-102.4	2.4
0.15	3.2	-102.4	2.4	-102.4	3.2
0.152	4	-102.4	3.2	-102.4	2.4
0.154	4	-102.4	3.2	-102.4	3.2
0.156	4	-102.4	4	-102.4	2.4
0.158	4.8	-102.4	3.2	-102.4	2.4
0.16	3.2	-102.4	2.4	-102.4	3.2
0.162	3.2	-102.4	4	-102.4	2.4
0.164	3.2	-102.4	3.2	-102.4	3.2
0.166	4	-102.4	3.2	-102.4	2.4
0.168	3.2	-102.4	3.2	-102.4	3.2
0.17	3.2	-102.4	3.2	-102.4	2.4
0.172	2.4	-102.4	2.4	-102.4	3.2
0.174	3.2	-102.4	3.2	-102.4	2.4
0.176	3.2	-102.4	3.2	-102.4	3.2
0.178	4	-102.4	2.4	-102.4	2.4
0.18	4	-102.4	2.4	-102.4	3.2
0.182	4	-102.4	4	-102.4	3.2
0.184	4	-102.4	2.4	-102.4	2.4
0.186	3.2	-102.4	2.4	-102.4	3.2
0.188	4	-102.4	3.2	-102.4	2.4
0.19	4	-102.4	3.2	-102.4	3.2
0.192	3.2	-102.4	3.2	-102.4	3.2
0.194	3.2	-102.4	1.6	-102.4	2.4
0.196	3.2	-102.4	3.2	-102.4	3.2
0.198	3.2	-102.4	3.2	-102.4	3.2
0.2	4	-102.4	2.4	-102.4	4
0.202	4	-102.4	2.4	-102.4	2.4
0.204	3.2	-102.4	2.4	-102.4	3.2
0.206	3.2	-102.4	2.4	-102.4	3.2
0.208	3.2	-102.4	2.4	-102.4	2.4
0.21	4	-102.4	2.4	-102.4	3.2
0.212	4	-102.4	3.2	-102.4	3.2
0.214	3.2	-102.4	2.4	-102.4	3.2
0.216	4	-102.4	3.2	-102.4	2.4
0.218	3.2	-102.4	2.4	-102.4	1.6
0.22	3.2	-102.4	3.2	-102.4	3.2
0.222	4	-102.4	2.4	-102.4	3.2
0.224	3.2	-102.4	2.4	-102.4	2.4
0.226	3.2	-102.4	2.4	-102.4	3.2
0.228	2.4	-102.4	2.4	-102.4	2.4
0.23	4	-102.4	3.2	-102.4	2.4
0.232	4	-102.4	3.2	-102.4	2.4
0.234	4	-102.4	2.4	-102.4	2.4
0.236	3.2	-102.4	3.2	-102.4	2.4
0.238	4	-102.4	3.2	-102.4	2.4
0.24	3.2	-102.4	3.2	-102.4	2.4
0.242	3.2	-102.4	3.2	-102.4	3.2
0.244	4	-102.4	2.4	-102.4	3.2
0.246	4	-102.4	3.2	-102.4	3.2
0.248	3.2	-102.4	3.2	-102.4	3.2
0.25	2.4	-102.4	4	-102.4	3.2
0.252	4	-102.4	2.4	-102.4	3.2
0.254	3.2	-102.4	3.2	-102.4	3.2
0.256	4.8	-102.4	2.4	-102.4	2.4
0.258	3.2	-102.4	3.2	-102.4	2.4
0.26	3.2	-102.4	3.2	-102.4	3.2
0.262	3.2	-102.4	3.2	-102.4	2.4
0.264	3.2	-102.4	2.4	-102.4	3.2
0.266	3.2	-102.4	2.4	-102.4	2.4
0.268	3.2	-102.4	2.4	-102.4	2.4
0.27	3.2	-102.4	3.2	-102.4	4
0.272	4	-102.4	3.2	-102.4	2.4
0.274	4	-102.4	3.2	-102.4	3.2
0.276	4	-102.4	2.4	-102.4	3.2
0.278	2.4	-102.4	2.4	-102.4	3.2
0.28	4	-102.4	2.4	-102.4	3.2
0.282	4	-102.4	3.2	-102.4	2.4
0.284	4	-102.4	2.4	-102.4	3.2
0.286	4	-102.4	2.4	-102.4	2.4
0.288	3.2	-102.4	1.6	-102.4	3.2
0.29	3.2	-102.4	2.4	-102.4	3.2
0.292	3.2	-102.4	3.2	-102.4	2.4
0.294	4	-102.4	2.4	-102.4	2.4
0.296	4	-102.4	-102.4	-102.4	3.2
0.298	4	-102.4	-102.4	-102.4	3.2
0.3	3.2	-102.4	-102.4	-102.4	2.4
0.302	3.2	-102.4	-102.4	-102.4	3.2
0.304	4	-102.4	-102.4	-102.4	3.2
0.306	4.8	-102.4	-102.4	-102.4	2.4
0.308	4	-102.4	-102.4	-102.4	3.2
0.31	4	-102.4	-102.4	-102.4	2.4
0.312	4	-102.4	-102.4	-102.4	3.2
0.314	3.2	-102.4	-102.4	-102.4	2.4
0.316	4	-102.4	-102.4	-102.4	2.4
0.318	4	-102.4	-102.4	-102.4	2.4
0.32	4.8	-102.4	-102.4	-102.4	3.2
0.322	3.2	-102.4	-102.4	-102.4	3.2
0.324	3.2	-102.4	-102.4	-102.4	3.2
0.326	4	-102.4	-102.4	-102.4	3.2
0.328	4	-102.4	-102.4	-102.4	3.2
0.33	4	-102.4	-102.4	-102.4	3.2
0.332	3.2	-102.4	-102.4	-102.4	3.2
0.334	3.2	-102.4	-102.4	-102.4	2.4
0.336	4	-102.4	-102.4	-102.4	2.4
0.338	3.2	-102.4	-102.4	-102.4	3.2
0.34	4	-102.4	-102.4	-102.4	3.2
0.342	3.2	-102.4	-102.4	-102.4	2.4
0.344	2.4	-102.4	-102.4	-102.4	3.2
0.346	2.4	-102.4	-102.4	-102.4	3.2
0.348	3.2	-102.4	-102.4	-102.4	3.2
0.35	4	-102.4	-102.4	-102.4	2.4
0.352	3.2	-102.4	-102.4	-102.4	3.2
0.354	3.2	-102.4	-102.4	-102.4	2.4
0.356	3.2	-102.4	-102.4	3.2	3.2
0.358	3.2	-102.4	-102.4	3.2	3.2
0.36	4	-102.4	-102.4	3.2	3.2
0.362	4	-102.4	-102.4	2.4	2.4
0.364	4	-102.4	-102.4	2.4	3.2
0.366	3.2	-102.4	-102.4	3.2	3.2
0.368	3.2	-102.4	-102.4	2.4	2.4
0.37	4	-102.4	-102.4	3.2	3.2
0.372	3.2	-102.4	-102.4	2.4	3.2
0.374	3.2	-102.4	-102.4	3.2	3.2
0.376	4	-102.4	-102.4	3.2	3.2
0.378	3.2	-102.4	-102.4	2.4	3.2
0.38	2.4	-102.4	-102.4	3.2	2.4
0.382	4	-102.4	-102.4	2.4	2.4
0.384	4	-102.4	-102.4	2.4	3.2
0.386	3.2	4	-102.4	3.2	3.2
0.388	3.2	3.2	-102.4	2.4	3.2
0.39	4	4	-102.4	3.2	3.2
0.392	3.2	3.2	-102.4	2.4	3.2
0.394	4	3.2	-102.4	2.4	2.4
0.396	4	3.2	-102.4	2.4	3.2
0.398	3.2	3.2	-102.4	3.2	2.4
0.4	3.2	3.2	-102.4	4	3.2
0.402	3.2	4	-102.4	2.4	3.2
0.404	4	3.2	-102.4	2.4	3.2
0.406	3.2	2.4	-102.4	3.2	3.2
0.408	3.2	3.2	-102.4	3.2	3.2
0.41	3.2	3.2	-102.4	2.4	3.2
0.412	3.2	4	-102.4	3.2	2.4
0.414	3.2	4	-102.4	2.4	3.2
0.416	3.2	3.2	-102.4	1.6	2.4
0.418	3.2	3.2	-102.4	3.2	3.2
0.42	3.2	3.2	-102.4	3.2	4
0.422	3.2	3.2	-102.4	2.4	3.2
0.424	4	3.2	-102.4	3.2	3.2
0.426	3.2	4	-102.4	2.4	3.2
0.428	3.2	3.2	-102.4	2.4	3.2
0.43	3.2	4	-102.4	3.2	2.4
0.432	2.4	3.2	-102.4	3.2	3.2
0.434	3.2	3.2	-102.4	4	2.4
0.436	3.2	3.2	-102.4	2.4	3.2
0.438	-102.4	3.2	-102.4	2.4	3.2
0.44	-102.4	3.2	-102.4	2.4	3.2
0.442	-102.4	3.2	-102.4	3.2	3.2
0.444	-102.4	4	-102.4	3.2	2.4
0.446	-102.4	4	-102.4	3.2	3.2
0.448	-102.4	4	-102.4	3.2	2.4
0.45	-102.4	3.2	-102.4	3.2	3.2
0.452	-102.4	4	-102.4	2.4	2.4
0.454	-102.4	3.2	-102.4	2.4	2.4
0.456	-102.4	4	-102.4	3.2	3.2
0.458	-102.4	3.2	-102.4	2.4	2.4
0.46	-102.4	3.2	-102.4	2.4	3.2
0.462	-102.4	3.2	-102.4	2.4	2.4
0.464	-102.4	3.2	-102.4	3.2	3.2
0.466	-102.4	4.8	-102.4	3.2	2.4
0.468	-102.4	3.2	-102.4	2.4	2.4
0.47	-102.4	3.2	-102.4	3.2	3.2
0.472	-102.4	3.2	-102.4	2.4	3.2
0.474	-102.4	3.2	-102.4	3.2	2.4
0.476	-102.4	4	-102.4	2.4	2.4
0.478	-102.4	4	-102.4	3.2	4
0.48	-102.4	3.2	-102.4	2.4	3.2
0.482	-102.4	4	-102.4	2.4	2.4
0.484	-102.4	3.2	-102.4	3.2	2.4
0.486	-102.4	3.2	-102.4	3.2	3.2
0.488	-102.4	3.2	-102.4	2.4	2.4
0.49	-102.4	4	-102.4	2.4	3.2
0.492	-102.4	4	-102.4	3.2	3.2
0.494	-102.4	2.4	-102.4	3.2	3.2
0.496	-102.4	3.2	-102.4	3.2	3.2
0.498	-102.4	4	-102.4	3.2	2.4
0.5	-102.4	4	-102.4	3.2	2.4
0.502	-102.4	4	-102.4	3.2	3.2
0.504	-102.4	4	-102.4	3.2	3.2
0.506	-102.4	3.2	-102.4	3.2	3.2
0.508	-102.4	4	-102.4	2.4	3.2
0.51	-102.4	4	-102.4	3.2	3.2
0.512	-102.4	4	-102.4	2.4	3.2
0.514	-102.4	4	-102.4	2.4	3.2
0.516	-102.4	4	-102.4	3.2	2.4
0.518	-102.4	3.2	-102.4	1.6	2.4
0.52	-102.4	4	-102.4	3.2	4
0.522	-102.4	4	-102.4	4	3.2
0.524	-102.4	3.2	-102.4	3.2	4
0.526	-102.4	3.2	-102.4	3.2	3.2
0.528	-102.4	3.2	-102.4	3.2	2.4
0.53	-102.4	3.2	-102.4	2.4	3.2
0.532	-102.4	3.2	-102.4	2.4	3.2
0.534	-102.4	3.2	-102.4	2.4	3.2
0.536	-102.4	4	-102.4	2.4	2.4
0.538	-102.4	3.2	-102.4	2.4	2.4
0.54	-102.4	3.2	-102.4	2.4	3.2
0.542	-102.4	4	-102.4	3.2	2.4
0.544	-102.4	3.2	-102.4	3.2	2.4
0.546	-102.4	4	-102.4	2.4	2.4
0.548	-102.4	3.2	-102.4	3.2	2.4
0.55	-102.4	3.2	-102.4	2.4	2.4
0.552	-102.4	3.2	-102.4	2.4	3.2
0.554	-102.4	4	-102.4	3.2	3.2
0.556	-102.4	4	-102.4	3.2	2.4
0.558	-102.4	3.2	-102.4	3.2	2.4
0.56	-102.4	3.2	-102.4	3.2	3.2
0.562	-102.4	4	-102.4	2.4	3.2
0.564	-102.4	3.2	-102.4	3.2	3.2
0.566	-102.4	3.2	-102.4	2.4	3.2
0.568	-102.4	3.2	-102.4	3.2	2.4
0.57	-102.4	3.2	-102.4	3.2	3.2
0.572	-102.4	3.2	-102.4	3.2	3.2
0.574	-102.4	4	-102.4	3.2	2.4
0.576	-102.4	3.2	-102.4	3.2	3.2
0.578	-102.4	4	-102.4	3.2	2.4
0.58	-102.4	4	-102.4	3.2	3.2
0.582	-102.4	3.2	-102.4	3.2	3.2
0.584	-102.4	4	-102.4	2.4	3.2
0.586	-102.4	4	-102.4	2.4	4
0.588	-102.4	4	-102.4	3.2	2.4
0.59	-102.4	4	-102.4	3.2	3.2
0.592	-102.4	4	-102.4	2.4	3.2
0.594	-102.4	3.2	-102.4	3.2	3.2
0.596	-102.4	4	-102.4	2.4	2.4
0.598	-102.4	4	-102.4	2.4	3.2
0.6	-102.4	3.2	-102.4	4	3.2
0.602	-102.4	4	-102.4	2.4	4
0.604	-102.4	4	-102.4	3.2	3.2
0.606	-102.4	4	-102.4	2.4	2.4
0.608	-102.4	4	-102.4	2.4	2.4
0.61	-102.4	4	-102.4	2.4	2.4
0.612	-102.4	3.2	-102.4	3.2	3.2
0.614	-102.4	2.4	-102.4	2.4	3.2
0.616	-102.4	3.2	-102.4	3.2	3.2
0.618	-102.4	4	-102.4	4	2.4
0.62	-102.4	4	-102.4	2.4	3.2
0.622	-102.4	3.2	-102.4	3.2	2.4
0.624	-102.4	3.2	-102.4	3.2	3.2
0.626	-102.4	4	-102.4	2.4	3.2
0.628	-102.4	3.2	-102.4	2.4	2.4
0.63	-102.4	4	-102.4	3.2	3.2
0.632	-102.4	4.8	-102.4	3.2	2.4
0.634	-102.4	3.2	-102.4	2.4	2.4
0.636	-102.4	4	-102.4	3.2	2.4
0.638	-102.4	4.8	-102.4	2.4	2.4
0.64	-102.4	3.2	-102.4	3.2	3.2
0.642	-102.4	4.8	-102.4	3.2	3.2
0.644	-102.4	4	-102.4	2.4	3.2
0.646	-102.4	3.2	-102.4	3.2	2.4
0.648	-102.4	3.2	-102.4	3.2	3.2
0.65	-102.4	2.4	-102.4	3.2	3.2
0.652	-102.4	4	-102.4	3.2	3.2
0.654	-102.4	3.2	-102.4	2.4	4
0.656	-102.4	4.8	-102.4	2.4	3.2
0.658	-102.4	4	-102.4	3.2	3.2
0.66	-102.4	3.2	-102.4	2.4	3.2
0.662	-102.4	4	-102.4	3.2	4
0.664	-102.4	4	-102.4	3.2	2.4
0.666	-102.4	3.2	-102.4	2.4	2.4
0.668	-102.4	4	-102.4	3.2	3.2
0.67	-102.4	4	-102.4	3.2	3.2
0.672	-102.4	4	-102.4	2.4	3.2
0.674	-102.4	2.4	-102.4	2.4	4
0.676	-102.4	3.2	-102.4	2.4	2.4
0.678	-102.4	3.2	-102.4	3.2	2.4
0.68	-102.4	3.2	-102.4	4	3.2
0.682	-102.4	4	-102.4	3.2	3.2
0.684	-102.4	4	-102.4	3.2	3.2
0.686	-102.4	4	-102.4	2.4	3.2
0.688	-102.4	4	-102.4	2.4	3.2
0.69	-102.4	3.2	-102.4	2.4	3.2
0.692	-102.4	4	-102.4	3.2	3.2
0.694	-102.4	3.2	-102.4	2.4	2.4
0.696	-102.4	3.2	-102.4	1.6	3.2
0.698	-102.4	4	-102.4	3.2	3.2
0.7	-102.4	3.2	-102.4	3.2	3.2
0.702	-102.4	3.2	-102.4	2.4	3.2
0.704	-102.4	3.2	-102.4	2.4	4
0.706	-102.4	3.2	-102.4	3.2	2.4
0.708	-102.4	4	-102.4	2.4	3.2
0.71	-102.4	4	-102.4	2.4	3.2
0.712	-102.4	4	-102.4	2.4	2.4
0.714	-102.4	4	-102.4	2.4	3.2
0.716	-102.4	2.4	-102.4	3.2	3.2
0.718	-102.4	4	-102.4	3.2	2.4
0.72	-102.4	4	-102.4	2.4	2.4
0.722	-102.4	4	-102.4	4	3.2
0.724	-102.4	3.2	-102.4	3.2	3.2
0.726	-102.4	3.2	-102.4	2.4	3.2
0.728	-102.4	3.2	-102.4	3.2	3.2
0.73	-102.4	4	-102.4	2.4	2.4
0.732	-102.4	4	-102.4	2.4	3.2
0.734	-102.4	4	-102.4	2.4	2.4
0.736	-102.4	4	-102.4	3.2	4.8
0.738	-102.4	3.2	-102.4	2.4	2.4
0.74	-102.4	3.2	-102.4	3.2	2.4
0.742	-102.4	4	-102.4	3.2	3.2
0.744	-102.4	4	-102.4	2.4	3.2
0.746	-102.4	4	-102.4	3.2	3.2
0.748	-102.4	3.2	-102.4	2.4	3.2
0.75	-102.4	3.2	-102.4	3.2	3.2
0.752	-102.4	4	-102.4	2.4	3.2
0.754	-102.4	4	-102.4	3.2	3.2
0.756	-102.4	3.2	-102.4	3.2	3.2
0.758	-102.4	4	-102.4	3.2	3.2
0.76	-102.4	2.4	-102.4	3.2	2.4
0.762	-102.4	3.2	-102.4	3.2	3.2
0.764	-102.4	3.2	-102.4	3.2	2.4
0.766	-102.4	4	-102.4	3.2	2.4
0.768	-102.4	4	-102.4	3.2	2.4
0.77	-102.4	3.2	-102.4	2.4	3.2
0.772	-102.4	3.2	-102.4	2.4	3.2
0.774	-102.4	3.2	-102.4	3.2	2.4
0.776	-102.4	4	-102.4	2.4	3.2
0.778	-102.4	3.2	-102.4	3.2	2.4
0.78	-102.4	4	-102.4	2.4	4
0.782	-102.4	3.2	-102.4	2.4	2.4
0.784	-102.4	3.2	-102.4	2.4	2.4
0.786	-102.4	4	-102.4	3.2	4
0.788	-102.4	4	-102.4	3.2	3.2
0.79	-102.4	4	-102.4	3.2	2.4
0.792	-102.4	3.2	-102.4	3.2	2.4
0.794	-102.4	3.2	2.4	3.2	1.6
0.796	-102.4	4	2.4	2.4	1.6
0.798	-102.4	4	2.4	1.6	3.2
0.8	-102.4	3.2	2.4	3.2	3.2
0.802	-102.4	3.2	3.2	2.4	3.2
0.804	-102.4	3.2	3.2	2.4	2.4
0.806	-102.4	3.2	3.2	2.4	4
0.808	-102.4	4	3.2	3.2	3.2
0.81	-102.4	3.2	3.2	2.4	3.2
0.812	-102.4	3.2	3.2	2.4	3.2
0.814	-102.4	3.2	2.4	2.4	3.2
0.816	-102.4	3.2	2.4	3.2	3.2
0.818	-102.4	2.4	3.2	3.2	3.2
0.82	-102.4	2.4	3.2	2.4	3.2
0.822	-102.4	3.2	3.2	3.2	4
0.824	-102.4	3.2	1.6	2.4	2.4
0.826	-102.4	4	3.2	2.4	4
0.828	-102.4	3.2	2.4	2.4	4
0.83	-102.4	3.2	3.2	3.2	4
0.832	-102.4	4	3.2	3.2	2.4
0.834	-102.4	3.2	2.4	2.4	2.4
0.836	-102.4	3.2	3.2	3.2	4
0.838	-102.4	4	2.4	3.2	3.2
0.84	-102.4	3.2	3.2	3.2	3.2
0.842	-102.4	4	3.2	3.2	3.2
0.844	-102.4	4	3.2	2.4	2.4
0.846	-102.4	3.2	3.2	3.2	2.4
0.848	-102.4	3.2	1.6	3.2	3.2
0.85	-102.4	4	2.4	3.2	2.4
0.852	-102.4	3.2	3.2	3.2	3.2
0.854	-102.4	4	3.2	2.4	1.6
0.856	-102.4	3.2	3.2	2.4	2.4
0.858	-102.4	3.2	2.4	1.6	2.4
0.86	-102.4	2.4	2.4	3.2	3.2
0.862	-102.4	3.2	2.4	3.2	4
0.864	-102.4	4.8	4	3.2	2.4
0.866	-102.4	4	2.4	2.4	2.4
0.868	-102.4	3.2	3.2	3.2	3.2
0.87	-102.4	3.2	2.4	3.2	2.4
0.872	-102.4	4	3.2	3.2	3.2
0.874	-102.4	4	3.2	3.2	3.2
0.876	-102.4	4	3.2	3.2	2.4
0.878	-102.4	3.2	2.4	3.2	2.4
0.88	-102.4	3.2	3.2	2.4	2.4
0.882	-102.4	3.2	2.4	3.2	4
0.884	-102.4	3.2	2.4	3.2	3.2
0.886	-102.4	4	2.4	2.4	2.4
0.888	-102.4	3.2	2.4	3.2	3.2
0.89	-102.4	2.4	2.4	2.4	2.4
0.892	-102.4	4	3.2	3.2	2.4
0.894	-102.4	4	2.4	2.4	3.2
0.896	-102.4	3.2	2.4	3.2	2.4
0.898	-102.4	4	3.2	2.4	4
0.9	-102.4	3.2	2.4	3.2	3.2
0.902	-102.4	3.2	2.4	3.2	3.2
0.904	-102.4	3.2	2.4	2.4	2.4
0.906	-102.4	3.2	2.4	3.2	2.4
0.908	-102.4	3.2	3.2	3.2	4
0.91	-102.4	4	2.4	2.4	3.2
0.912	-102.4	3.2	2.4	4	3.2
0.914	-102.4	3.2	2.4	3.2	3.2
0.916	-102.4	3.2	1.6	3.2	2.4
0.918	-102.4	3.2	3.2	2.4	2.4
0.92	-102.4	3.2	2.4	2.4	3.2
0.922	-102.4	4	2.4	3.2	3.2
0.924	-102.4	3.2	4	2.4	3.2
0.926	-102.4	3.2	3.2	4	3.2
0.928	-102.4	4	3.2	2.4	2.4
0.93	-102.4	4	3.2	2.4	2.4
0.932	-102.4	3.2	2.4	3.2	3.2
0.934	-102.4	3.2	3.2	3.2	2.4
0.936	-102.4	2.4	2.4	3.2	3.2
0.938	4	4	3.2	2.4	2.4
0.94	3.2	4	3.2	2.4	2.4
0.942	3.2	4	2.4	3.2	3.2
0.944	3.2	3.2	2.4	3.2	3.2
0.946	3.2	3.2	3.2	2.4	3.2
0.948	4	4	3.2	3.2	3.2
0.95	4	4	2.4	2.4	3.2
0.952	2.4	3.2	3.2	2.4	3.2
0.954	3.2	4	3.2	3.2	3.2
0.956	3.2	3.2	2.4	3.2	4
0.958	4	3.2	3.2	1.6	3.2
0.96	4.8	3.2	3.2	2.4	3.2
0.962	3.2	4	3.2	3.2	4
0.964	3.2	3.2	2.4	2.4	4
0.966	3.2	4	3.2	2.4	3.2
0.968	4	3.2	3.2	3.2	2.4
0.97	3.2	3.2	2.4	2.4	4
0.972	4	3.2	2.4	2.4	3.2
0.974	4.8	3.2	1.6	2.4	3.2
0.976	3.2	3.2	3.2	3.2	3.2
0.978	3.2	4	3.2	3.2	2.4
0.98	3.2	3.2	3.2	3.2	3.2
0.982	4	3.2	2.4	2.4	3.2
0.984	3.2	4	2.4	3.2	3.2
0.986	3.2	3.2	2.4	3.2	2.4
0.988	3.2	3.2	3.2	3.2	2.4
0.99	3.2	3.2	3.2	3.2	3.2
0.992	4	4	3.2	3.2	3.2
0.994	4	4	2.4	3.2	3.2
0.996	3.2	4	3.2	2.4	4
0.998	3.2	3.2	3.2	3.2	3.2
1	4	3.2	3.2	3.2	3.2
1.002	4.8	3.2	3.2	3.2	3.2
1.004	4	3.2	2.4	4	3.2
1.006	3.2	4	2.4	2.4	4
1.008	3.2	4	3.2	3.2	2.4
1.01	3.2	4	3.2	2.4	2.4
1.012	3.2	3.2	2.4	3.2	2.4
1.014	4	4	2.4	2.4	3.2
1.016	3.2	4	3.2	2.4	4
1.018	3.2	3.2	3.2	3.2	3.2
1.02	3.2	4	3.2	2.4	3.2
1.022	4	3.2	4	2.4	2.4
1.024	3.2	3.2	3.2	3.2	2.4
1.026	3.2	4	3.2	2.4	3.2
1.028	4	3.2	3.2	2.4	4
1.03	3.2	3.2	3.2	3.2	2.4
1.032	3.2	3.2	2.4	2.4	2.4
1.034	3.2	3.2	2.4	3.2	3.2
1.036	4	3.2	3.2	2.4	2.4
1.038	4	4	2.4	3.2	3.2
1.04	3.2	4	3.2	3.2	4
1.042	3.2	4	2.4	2.4	3.2
1.044	4	3.2	2.4	3.2	3.2
1.046	3.2	3.2	2.4	3.2	3.2
1.048	4	4	2.4	1.6	3.2
1.05	3.2	3.2	2.4	3.2	2.4
1.052	4	4	2.4	2.4	2.4
1.054	3.2	3.2	2.4	3.2	3.2
1.056	4	4	3.2	3.2	3.2
1.058	3.2	3.2	3.2	2.4	3.2
1.06	3.2	3.2	3.2	2.4	2.4
1.062	3.2	4	3.2	3.2	3.2
1.064	3.2	2.4	2.4	3.2	3.2
1.066	4.8	4	2.4	3.2	3.2
1.068	4	4	2.4	2.4	3.2
1.07	4.8	3.2	3.2	3.2	3.2
1.072	4	3.2	3.2	3.2	2.4
1.074	4	4	3.2	2.4	2.4
1.076	3.2	4	3.2	3.2	3.2
1.078	4	3.2	2.4	2.4	3.2
1.08	4	4	3.2	2.4	2.4
1.082	4	4.8	3.2	2.4	3.2
1.084	3.2	3.2	3.2	3.2	3.2
1.086	4	3.2	3.2	3.2	3.2
1.088	3.2	3.2	2.4	3.2	4
1.09	3.2	3.2	3.2	2.4	2.4
1.092	3.2	3.2	2.4	2.4	2.4
1.094	3.2	4	2.4	2.4	3.2
1.096	3.2	4	3.2	3.2	3.2
1.098	3.2	3.2	2.4	2.4	4
1.1	4	3.2	2.4	2.4	2.4
1.102	4	1.6	3.2	2.4	3.2
1.104	3.2	3.2	3.2	3.2	3.2
1.106	3.2	4	3.2	3.2	3.2
1.108	3.2	3.2	2.4	3.2	3.2
1.11	3.2	3.2	2.4	2.4	3.2
1.112	4	4	2.4	3.2	3.2
1.114	4	4	2.4	3.2	3.2
1.116	3.2	4	3.2	3.2	3.2
1.118	4	4	3.2	3.2	3.2
1.12	4	3.2	3.2	2.4	3.2
1.122	3.2	4	2.4	3.2	2.4
1.124	4	4	2.4	2.4	3.2
1.126	3.2	3.2	3.2	3.2	3.2
1.128	3.2	4.8	2.4	2.4	3.2
1.13	3.2	4	3.2	3.2	2.4
1.132	3.2	3.2	2.4	2.4	2.4
1.134	3.2	3.2	2.4	2.4	2.4
1.136	4	4	3.2	2.4	3.2
1.138	3.2	4	3.2	3.2	3.2
1.14	3.2	3.2	3.2	2.4	3.2
1.142	3.2	4	3.2	2.4	3.2
1.144	3.2	2.4	3.2	3.2	2.4
1.146	4	3.2	2.4	2.4	2.4
1.148	4	3.2	3.2	2.4	3.2
1.15	2.4	4	3.2	3.2	3.2
1.152	3.2	3.2	3.2	3.2	3.2
1.154	4	3.2	3.2	2.4	3.2
1.156	4	4	2.4	2.4	3.2
1.158	3.2	3.2	2.4	3.2	3.2
1.16	3.2	4	2.4	3.2	3.2
1.162	3.2	4	2.4	3.2	3.2
1.164	4	4	3.2	2.4	3.2
1.166	3.2	4	3.2	2.4	3.2
1.168	5.6	3.2	3.2	2.4	3.2
1.17	3.2	4	3.2	2.4	4
1.172	3.2	4	3.2	3.2	4
1.174	3.2	4	3.2	2.4	2.4
1.176	3.2	3.2	2.4	3.2	3.2
1.178	4	3.2	3.2	1.6	3.2
1.18	3.2	3.2	3.2	3.2	3.2
1.182	3.2	2.4	2.4	3.2	3.2
1.184	3.2	4	3.2	2.4	3.2
1.186	4	3.2	3.2	2.4	3.2
1.188	4	3.2	3.2	3.2	2.4
1.19	4	4	3.2	3.2	3.2
1.192	4.8	2.4	3.2	3.2	3.2
1.194	3.2	4	3.2	2.4	3.2
1.196	4	4	2.4	3.2	3.2
1.198	3.2	4	2.4	2.4	2.4
1.2	3.2	4	3.2	3.2	3.2
1.202	4	2.4	2.4	3.2	3.2
1.204	4	3.2	4	3.2	3.2
1.206	3.2	3.2	3.2	2.4	2.4
1.208	3.2	4	2.4	2.4	3.2
1.21	3.2	4	3.2	2.4	3.2
1.212	3.2	3.2	2.4	2.4	3.2
1.214	4	3.2	2.4	2.4	3.2
1.216	3.2	4	3.2	3.2	2.4
1.218	3.2	4	1.6	3.2	3.2
1.22	4	3.2	2.4	2.4	2.4
1.222	3.2	4	2.4	2.4	3.2
1.224	4	3.2	3.2	3.2	3.2
1.226	4	4	2.4	3.2	3.2
1.228	3.2	4	3.2	2.4	1.6
1.23	3.2	3.2	3.2	3.2	3.2
1.232	4	2.4	3.2	2.4	3.2
1.234	3.2	3.2	3.2	2.4	3.2
1.236	3.2	4.8	2.4	3.2	2.4
1.238	3.2	3.2	2.4	2.4	2.4
1.24	3.2	3.2	3.2	2.4	3.2
1.242	4	3.2	2.4	3.2	2.4
1.244	3.2	4	4	4	4
1.246	4	3.2	2.4	3.2	3.2
1.248	3.2	3.2	2.4	2.4	2.4
1.25	3.2	3.2	3.2	3.2	2.4
1.252	3.2	3.2	3.2	2.4	2.4
1.254	3.2	2.4	2.4	4	3.2
1.256	3.2	2.4	3.2	3.2	3.2
1.258	3.2	3.2	3.2	3.2	3.2
1.26	3.2	4	3.2	3.2	3.2
1.262	4	3.2	3.2	2.4	3.2
1.264	4	4	3.2	3.2	3.2
1.266	4	4	2.4	3.2	3.2
1.268	3.2	3.2	2.4	3.2	2.4
1.27	4	4	3.2	3.2	2.4
1.272	3.2	3.2	2.4	2.4	2.4
1.274	3.2	3.2	2.4	4	3.2
1.276	4	3.2	2.4	3.2	2.4
1.278	3.2	4	3.2	2.4	2.4
1.28	4	4	4	3.2	3.2
1.282	3.2	4	2.4	2.4	3.2
1.284	3.2	2.4	3.2	2.4	3.2
1.286	3.2	3.2	2.4	3.2	3.2
1.288	4	3.2	3.2	2.4	3.2
1.29	3.2	4	2.4	3.2	2.4
1.292	4	3.2	4	3.2	2.4
1.294	2.4	3.2	2.4	3.2	3.2
1.296	3.2	3.2	2.4	3.2	3.2
1.298	4	3.2	2.4	3.2	2.4
1.3	3.2	4	3.2	2.4	2.4
1.302	3.2	4	2.4	3.2	2.4
1.304	3.2	3.2	3.2	2.4	3.2
1.306	4	3.2	1.6	3.2	2.4
1.308	4	4	3.2	1.6	3.2
1.31	4	4	2.4	2.4	3.2
1.312	4	3.2	3.2	2.4	2.4
1.314	3.2	4	3.2	3.2	3.2
1.316	3.2	4	2.4	2.4	2.4
1.318	4	2.4	2.4	3.2	2.4
1.32	3.2	4	2.4	3.2	3.2
1.322	3.2	3.2	2.4	3.2	2.4
1.324	3.2	3.2	3.2	2.4	2.4
1.326	3.2	3.2	3.2	3.2	3.2
1.328	3.2	3.2	3.2	3.2	4
1.33	4	3.2	2.4	3.2	3.2
1.332	4	4	2.4	3.2	2.4
1.334	3.2	3.2	2.4	2.4	2.4
1.336	4	4	2.4	2.4	3.2
1.338	4	4	3.2	2.4	4
1.34	3.2	4	3.2	3.2	3.2
1.342	4	4	2.4	3.2	3.2
1.344	3.2	3.2	3.2	2.4	3.2
1.346	4	4	1.6	2.4	3.2
1.348	3.2	3.2	3.2	2.4	3.2
1.35	4	4	3.2	2.4	2.4
1.352	3.2	3.2	3.2	2.4	2.4
1.354	4	4	3.2	3.2	1.6
1.356	4	4	1.6	2.4	2.4
1.358	3.2	4	3.2	3.2	3.2
1.36	4	4	2.4	3.2	4
1.362	4.8	4	3.2	2.4	2.4
1.364	4	3.2	2.4	3.2	2.4
1.366	3.2	3.2	2.4	2.4	3.2
1.368	3.2	3.2	3.2	3.2	3.2
1.37	3.2	4	1.6	3.2	4
1.372	3.2	3.2	3.2	3.2	3.2
1.374	3.2	4	3.2	2.4	2.4
1.376	3.2	3.2	3.2	2.4	2.4
1.378	3.2	4	3.2	3.2	3.2
1.38	3.2	4	3.2	3.2	4
1.382	4	4	2.4	3.2	2.4
1.384	4	4	3.2	2.4	3.2
1.386	4	4	3.2	2.4	2.4
1.388	4	3.2	4	2.4	3.2
1.39	3.2	4	3.2	3.2	2.4
1.392	3.2	4	2.4	2.4	4
1.394	3.2	3.2	3.2	2.4	3.2
1.396	4	4	3.2	2.4	2.4
1.398	3.2	2.4	3.2	3.2	3.2
1.4	4	4	3.2	3.2	4
1.402	4	3.2	2.4	3.2	3.2
1.404	4	2.4	3.2	2.4	3.2
1.406	4	3.2	2.4	3.2	3.2
1.408	3.2	3.2	2.4	2.4	2.4
1.41	3.2	4	3.2	3.2	3.2
1.412	3.2	4	3.2	3.2	3.2
1.414	3.2	3.2	3.2	3.2	2.4
1.416	4	4	3.2	3.2	2.4
1.418	3.2	4	3.2	3.2	2.4
1.42	3.2	4.8	3.2	2.4	3.2
1.422	3.2	3.2	2.4	3.2	2.4
1.424	2.4	4	2.4	2.4	4
1.426	4	4	3.2	3.2	2.4
1.428	4	4	4	2.4	3.2
1.43	3.2	4	2.4	3.2	2.4
1.432	3.2	3.2	2.4	2.4	3.2
1.434	4	4	2.4	3.2	4
1.436	4	3.2	2.4	3.2	2.4
1.438	4	3.2	3.2	2.4	2.4
1.44	3.2	2.4	3.2	2.4	3.2
1.442	2.4	2.4	2.4	3.2	3.2
1.444	3.2	4	3.2	3.2	3.2
1.446	4	4	1.6	3.2	3.2
1.448	3.2	3.2	2.4	1.6	3.2
1.45	3.2	3.2	2.4	3.2	3.2
1.452	3.2	4	3.2	2.4	3.2
1.454	3.2	3.2	2.4	3.2	3.2
1.456	3.2	4.8	3.2	2.4	2.4
1.458	4	4	3.2	2.4	3.2
1.46	4	4	2.4	2.4	3.2
1.462	3.2	3.2	3.2	2.4	1.6
1.464	3.2	4	3.2	3.2	3.2
1.466	4	3.2	3.2	3.2	3.2
1.468	4	3.2	3.2	2.4	3.2
1.47	4	4	3.2	2.4	3.2
1.472	3.2	3.2	3.2	3.2	2.4
1.474	3.2	4	3.2	3.2	3.2
1.476	3.2	4	3.2	2.4	2.4
1.478	3.2	3.2	3.2	2.4	4
1.48	4	4	3.2	3.2	3.2
1.482	3.2	3.2	3.2	3.2	4
1.484	3.2	3.2	3.2	3.2	3.2
1.486	4.8	4	3.2	4	3.2
1.488	3.2	4	3.2	2.4	3.2
1.49	3.2	3.2	2.4	2.4	3.2
1.492	3.2	2.4	3.2	2.4	2.4
1.494	4	3.2	2.4	2.4	4
1.496	3.2	2.4	3.2	2.4	3.2
1.498	4	3.2	3.2	2.4	3.2
1.5	4.8	4	2.4	2.4	3.2
1.502	4	3.2	3.2	3.2	2.4
1.504	3.2	4	3.2	2.4	3.2
1.506	4	2.4	3.2	3.2	3.2
1.508	3.2	4	2.4	3.2	2.4
1.51	4	4	2.4	2.4	3.2
1.512	3.2	3.2	3.2	3.2	3.2
1.514	4	3.2	3.2	2.4	2.4
1.516	3.2	3.2	3.2	1.6	3.2
1.518	3.2	4	3.2	3.2	3.2
1.52	3.2	3.2	2.4	2.4	3.2
1.522	4	4	3.2	2.4	3.2
1.524	3.2	4	2.4	2.4	2.4
1.526	3.2	4	3.2	3.2	3.2
1.528	3.2	3.2	3.2	3.2	3.2
1.53	4	3.2	2.4	3.2	2.4
1.532	4	4	3.2	2.4	3.2
1.534	3.2	4	2.4	2.4	3.2
1.536	3.2	4	3.2	4	2.4
1.538	3.2	3.2	4	2.4	2.4
1.54	3.2	3.2	0.8	3.2	4.8
1.542	3.2	3.2	3.2	3.2	2.4
1.544	4	4	2.4	3.2	2.4
1.546	4	3.2	3.2	2.4	3.2
1.548	3.2	3.2	3.2	3.2	3.2
1.55	3.2	3.2	3.2	4	2.4
1.552	4.8	4	2.4	3.2	3.2
1.554	4	3.2	2.4	3.2	4
1.556	4	3.2	2.4	2.4	2.4
1.558	3.2	3.2	3.2	3.2	3.2
1.56	3.2	3.2	3.2	3.2	3.2
1.562	4	3.2	3.2	3.2	3.2
1.564	3.2	4	2.4	3.2	2.4
1.566	4	4	3.2	3.2	3.2
1.568	3.2	4	3.2	3.2	3.2
1.57	3.2	3.2	2.4	3.2	3.2
1.572	2.4	3.2	4	3.2	2.4
1.574	4	4	3.2	2.4	4
1.576	3.2	3.2	2.4	4	3.2
1.578	3.2	3.2	2.4	2.4	1.6
1.58	3.2	4	2.4	2.4	3.2
1.582	3.2	4	4	4	3.2
1.584	3.2	3.2	3.2	2.4	2.4
1.586	3.2	3.2	3.2	3.2	2.4
1.588	4	4	2.4	3.2	3.2
1.59	4	4	3.2	3.2	3.2
1.592	3.2	2.4	3.2	4	3.2
1.594	3.2	2.4	3.2	3.2	3.2
1.596	4	3.2	3.2	4	2.4
1.598	3.2	4	2.4	4	3.2
1.6	2.4	4	3.2	3.2	3.2
1.602	3.2	3.2	3.2	2.4	3.2
1.604	4	3.2	3.2	2.4	2.4
1.606	4	4	3.2	3.2	3.2
1.608	4	3.2	3.2	2.4	3.2
1.61	4	4	3.2	3.2	3.2
1.612	4	4	2.4	2.4	3.2
1.614	3.2	3.2	2.4	3.2	2.4
1.616	3.2	2.4	2.4	3.2	3.2
1.618	3.2	3.2	3.2	3.2	3.2
1.62	4	3.2	3.2	3.2	3.2
1.622	3.2	4	2.4	2.4	3.2
1.624	4	4	3.2	3.2	2.4
1.626	4	4	3.2	2.4	2.4
1.628	4	3.2	2.4	2.4	3.2
1.63	3.2	3.2	2.4	2.4	3.2
1.632	4	3.2	2.4	2.4	2.4
1.634	3.2	4	2.4	2.4	4
1.636	3.2	3.2	3.2	3.2	2.4
1.638	3.2	4	2.4	3.2	2.4
1.64	4	3.2	2.4	3.2	1.6
1.642	3.2	3.2	2.4	2.4	3.2
1.644	3.2	4	2.4	3.2	3.2
1.646	3.2	3.2	3.2	2.4	3.2
1.648	3.2	3.2	2.4	3.2	3.2
1.65	3.2	3.2	3.2	4	3.2
1.652	4	3.2	3.2	3.2	2.4
1.654	3.2	3.2	3.2	3.2	3.2
1.656	4	4	3.2	3.2	3.2
1.658	3.2	3.2	2.4	3.2	2.4
1.66	4	3.2	2.4	3.2	3.2
1.662	4	3.2	2.4	2.4	3.2
1.664	4.8	3.2	2.4	3.2	4
1.666	3.2	3.2	3.2	2.4	2.4
1.668	2.4	3.2	3.2	2.4	3.2
1.67	3.2	4	4	3.2	2.4
1.672	3.2	3.2	1.6	3.2	3.2
1.674	3.2	3.2	3.2	4	3.2
1.676	3.2	3.2	3.2	2.4	2.4
1.678	4	3.2	3.2	3.2	3.2
1.68	3.2	4	2.4	2.4	2.4
1.682	3.2	3.2	1.6	3.2	3.2
1.684	4	3.2	3.2	3.2	2.4
1.686	4	4	3.2	3.2	3.2
1.688	3.2	4	2.4	3.2	3.2
1.69	3.2	4	2.4	3.2	2.4
1.692	4	3.2	3.2	2.4	3.2
1.694	4	3.2	2.4	2.4	3.2
1.696	3.2	3.2	3.2	3.2	2.4
1.698	3.2	3.2	2.4	3.2	3.2
1.7	4	4	2.4	3.2	3.2
1.702	4	4.8	2.4	3.2	3.2
1.704	4	4	2.4	3.2	2.4
1.706	3.2	3.2	3.2	2.4	2.4
1.708	4	4	3.2	2.4	3.2
1.71	2.4	3.2	2.4	3.2	3.2
1.712	3.2	3.2	3.2	2.4	1.6
1.714	4.8	4.8	3.2	3.2	4
1.716	4	4	2.4	2.4	3.2
1.718	3.2	2.4	2.4	2.4	2.4
1.72	2.4	4	3.2	2.4	3.2
1.722	3.2	4	3.2	2.4	2.4
1.724	4	3.2	2.4	2.4	3.2
1.726	4	4	2.4	3.2	3.2
1.728	3.2	4	3.2	4	3.2
1.73	4	3.2	3.2	2.4	2.4
1.732	3.2	2.4	3.2	2.4	2.4
1.734	3.2	4	2.4	3.2	3.2
1.736	3.2	4	4	2.4	3.2
1.738	4	4	3.2	3.2	3.2
1.74	3.2	4	4	3.2	3.2
1.742	3.2	3.2	3.2	3.2	3.2
1.744	3.2	3.2	2.4	3.2	2.4
1.746	3.2	3.2	2.4	3.2	3.2
1.748	4	3.2	3.2	3.2	2.4
1.75	4	3.2	2.4	3.2	3.2
1.752	3.2	3.2	2.4	3.2	3.2
1.754	3.2	4	2.4	3.2	2.4
1.756	3.2	3.2	3.2	2.4	2.4
1.758	4	2.4	3.2	3.2	2.4
1.76	3.2	4	2.4	2.4	3.2
1.762	3.2	4	3.2	2.4	3.2
1.764	3.2	4	4	3.2	3.2
1.766	3.2	3.2	2.4	3.2	2.4
1.768	4	3.2	2.4	2.4	3.2
1.77	4	2.4	3.2	3.2	3.2
1.772	3.2	3.2	1.6	2.4	4
1.774	4	4	3.2	4	3.2
1.776	3.2	3.2	3.2	4	1.6
1.778	3.2	3.2	2.4	3.2	2.4
1.78	3.2	4	3.2	3.2	3.2
1.782	4	3.2	3.2	4	2.4
1.784	3.2	3.2	3.2	3.2	2.4
1.786	3.2	4	3.2	3.2	2.4
1.788	3.2	2.4	4	3.2	2.4
1.79	4	4	2.4	2.4	2.4
1.792	4	2.4	3.2	3.2	2.4
1.794	2.4	3.2	2.4	3.2	3.2
1.796	4	4	3.2	3.2	2.4
1.798	3.2	2.4	2.4	2.4	3.2
1.8	3.2	3.2	2.4	3.2	3.2
1.802	3.2	3.2	4	2.4	3.2
1.804	3.2	4	2.4	3.2	3.2
1.806	3.2	4	2.4	3.2	3.2
1.808	4	3.2	3.2	4	3.2
1.81	3.2	4	2.4	3.2	3.2
1.812	3.2	2.4	2.4	2.4	3.2
1.814	3.2	3.2	2.4	3.2	3.2
1.816	4	4	3.2	3.2	3.2
1.818	3.2	3.2	3.2	3.2	3.2
1.82	3.2	4	2.4	3.2	3.2
1.822	4	3.2	2.4	2.4	3.2
1.824	3.2	3.2	2.4	2.4	3.2
1.826	3.2	4	2.4	2.4	3.2
1.828	3.2	3.2	3.2	2.4	3.2
1.83	3.2	3.2	3.2	3.2	2.4
1.832	3.2	3.2	3.2	2.4	3.2
1.834	4	3.2	2.4	2.4	2.4
1.836	4	3.2	2.4	3.2	3.2
1.838	3.2	3.2	3.2	2.4	3.2
1.84	3.2	4	3.2	3.2	2.4
1.842	3.2	3.2	3.2	3.2	3.2
1.844	3.2	3.2	3.2	2.4	3.2
1.846	4	2.4	2.4	3.2	3.2
1.848	4	3.2	3.2	3.2	3.2
1.85	3.2	4	3.2	3.2	3.2
1.852	3.2	4	3.2	3.2	3.2
1.854	4	4	2.4	2.4	3.2
1.856	3.2	3.2	3.2	3.2	3.2
1.858	4	4	3.2	3.2	2.4
1.86	3.2	4	3.2	2.4	2.4
1.862	4	3.2	2.4	3.2	3.2
1.864	4	4	3.2	2.4	2.4
1.866	3.2	3.2	3.2	2.4	2.4
1.868	4	3.2	3.2	3.2	2.4
1.87	4	3.2	2.4	2.4	3.2
1.872	3.2	4	2.4	2.4	3.2
1.874	2.4	4	2.4	3.2	3.2
1.876	4	3.2	2.4	3.2	3.2
1.878	3.2	4	2.4	2.4	3.2
1.88	3.2	4	2.4	3.2	2.4
1.882	4	3.2	3.2	2.4	3.2
1.884	3.2	3.2	2.4	2.4	3.2
1.886	3.2	3.2	3.2	3.2	3.2
1.888	4	4	2.4	2.4	4
1.89	3.2	3.2	3.2	2.4	2.4
1.892	4	4	3.2	3.2	3.2
1.894	4	3.2	2.4	3.2	3.2
1.896	4	3.2	3.2	2.4	4
1.898	4	4	3.2	3.2	3.2
1.9	4	4	3.2	3.2	2.4
1.902	3.2	3.2	3.2	2.4	2.4
1.904	4	4	3.2	3.2	3.2
1.906	3.2	3.2	2.4	2.4	3.2
1.908	4	4	2.4	3.2	3.2
1.91	4	2.4	3.2	2.4	3.2
1.912	3.2	3.2	2.4	3.2	3.2
1.914	3.2	2.4	3.2	3.2	3.2
1.916	4	4	2.4	3.2	4
1.918	3.2	3.2	3.2	2.4	2.4
1.92	3.2	3.2	3.2	3.2	3.2
1.922	3.2	3.2	3.2	3.2	3.2
1.924	4	3.2	2.4	2.4	3.2
1.926	3.2	4	2.4	2.4	4
1.928	3.2	4	3.2	3.2	3.2
1.93	4	3.2	0.8	2.4	3.2
1.932	4	3.2	2.4	2.4	2.4
1.934	3.2	4	2.4	1.6	3.2
1.936	4	4	2.4	2.4	3.2
1.938	3.2	3.2	2.4	3.2	3.2
1.94	4	4.8	3.2	3.2	2.4
1.942	3.2	3.2	2.4	3.2	2.4
1.944	3.2	3.2	3.2	3.2	3.2
1.946	3.2	3.2	3.2	2.4	3.2
1.948	3.2	3.2	2.4	3.2	2.4
1.95	2.4	4	3.2	3.2	2.4
1.952	4	4	2.4	3.2	3.2
1.954	4	3.2	3.2	3.2	2.4
1.956	3.2	3.2	3.2	3.2	3.2
1.958	3.2	4	2.4	2.4	3.2
1.96	4	3.2	3.2	3.2	3.2
1.962	3.2	4	1.6	4	3.2
1.964	3.2	4	2.4	3.2	2.4
1.966	4	3.2	2.4	3.2	3.2
1.968	4	3.2	2.4	2.4	3.2
1.97	3.2	4	2.4	3.2	2.4
1.972	4	3.2	2.4	2.4	2.4
1.974	4	3.2	3.2	3.2	2.4
1.976	3.2	3.2	3.2	3.2	3.2
1.978	4	2.4	3.2	2.4	3.2
1.98	4	3.2	2.4	2.4	2.4
1.982	3.2	4	2.4	1.6	3.2
1.984	3.2	3.2	4	3.2	3.2
1.986	3.2	4	3.2	2.4	2.4
1.988	3.2	3.2	3.2	2.4	3.2
1.99	3.2	4	3.2	1.6	3.2
1.992	4	4	2.4	3.2	3.2
1.994	3.2	4	2.4	2.4	2.4
1.996	4	3.2	2.4	2.4	3.2
1.998	3.2	3.2	3.2	2.4	3.2
2	3.2	4	3.2	2.4	3.2
2.002	3.2	4	2.4	3.2	2.4
2.004	4	3.2	3.2	3.2	2.4
2.006	3.2	2.4	2.4	3.2	3.2
2.008	3.2	2.4	3.2	3.2	2.4
2.01	4	3.2	3.2	3.2	3.2
2.012	3.2	3.2	3.2	3.2	3.2
2.014	3.2	4	2.4	3.2	4
2.016	3.2	4	2.4	3.2	2.4
2.018	3.2	3.2	3.2	3.2	3.2
2.02	3.2	3.2	2.4	3.2	3.2
2.022	4	4	1.6	2.4	2.4
2.024	3.2	4	3.2	3.2	3.2
2.026	3.2	4	3.2	2.4	3.2
2.028	3.2	3.2	3.2	3.2	3.2
2.03	4	3.2	3.2	2.4	3.2
2.032	3.2	3.2	3.2	2.4	3.2
2.034	3.2	4	3.2	2.4	4
2.036	4	4	3.2	3.2	2.4
2.038	3.2	3.2	3.2	3.2	3.2
2.04	3.2	3.2	3.2	2.4	3.2
2.042	4	3.2	2.4	2.4	3.2
2.044	3.2	3.2	2.4	2.4	3.2
2.046	4	3.2	2.4	3.2	2.4
2.048	3.2	3.2	2.4	3.2	3.2
2.05	4	4	3.2	3.2	2.4
2.052	3.2	4	3.2	3.2	2.4
2.054	2.4	3.2	3.2	4	3.2
2.056	3.2	4	2.4	3.2	2.4
2.058	4	3.2	3.2	3.2	3.2
2.06	3.2	3.2	3.2	4	2.4
2.062	3.2	3.2	2.4	3.2	2.4
2.064	3.2	2.4	3.2	2.4	3.2
2.066	3.2	3.2	2.4	2.4	3.2
2.068	3.2	4	3.2	3.2	3.2
2.07	3.2	4	3.2	3.2	2.4
2.072	4	3.2	2.4	3.2	2.4
2.074	3.2	4	3.2	2.4	4
2.076	3.2	4	3.2	3.2	3.2
2.078	3.2	3.2	3.2	2.4	3.2
2.08	3.2	4	2.4	2.4	3.2
2.082	4	3.2	3.2	3.2	3.2
2.084	3.2	4	3.2	3.2	3.2
2.086	3.2	3.2	3.2	3.2	3.2
2.088	3.2	4	3.2	3.2	3.2
2.09	3.2	4	2.4	3.2	3.2
2.092	3.2	3.2	3.2	4	3.2
2.094	3.2	3.2	2.4	2.4	3.2
2.096	3.2	4	3.2	2.4	3.2
2.098	3.2	4	3.2	2.4	2.4
2.1	3.2	4	3.2	3.2	2.4
2.102	4	3.2	2.4	2.4	2.4
2.104	3.2	3.2	3.2	3.2	4
2.106	4	3.2	3.2	2.4	3.2
2.108	4	4	2.4	1.6	3.2
2.11	4	4	2.4	3.2	3.2
2.112	3.2	4	3.2	3.2	3.2
2.114	4	3.2	3.2	3.2	2.4
2.116	3.2	3.2	3.2	2.4	3.2
2.118	2.4	4	3.2	3.2	2.4
2.12	4	3.2	2.4	2.4	3.2
2.122	4	3.2	3.2	3.2	3.2
2.124	3.2	4	2.4	3.2	3.2
2.126	3.2	3.2	2.4	1.6	2.4
2.128	3.2	3.2	2.4	2.4	3.2
2.13	4	3.2	3.2	3.2	3.2
2.132	3.2	3.2	3.2	3.2	2.4
2.134	4	4	3.2	3.2	3.2
2.136	4	4	3.2	2.4	2.4
2.138	3.2	3.2	2.4	2.4	3.2
2.14	4	3.2	3.2	3.2	2.4
2.142	3.2	3.2	2.4	3.2	3.2
2.144	4	3.2	2.4	2.4	3.2
2.146	3.2	4	3.2	2.4	2.4
2.148	3.2	3.2	2.4	3.2	4
2.15	3.2	4	3.2	3.2	2.4
2.152	4	3.2	3.2	3.2	2.4
2.154	4	4	3.2	2.4	2.4
2.156	4	4	3.2	3.2	3.2
2.158	3.2	4	3.2	3.2	3.2
2.16	4	3.2	3.2	3.2	3.2
2.162	3.2	3.2	2.4	2.4	2.4
2.164	3.2	4	3.2	3.2	3.2
2.166	4	4	3.2	3.2	3.2
2.168	3.2	4	3.2	3.2	2.4
2.17	4	4	3.2	2.4	3.2
2.172	2.4	4	3.2	3.2	2.4
2.174	3.2	3.2	3.2	2.4	3.2
2.176	4	3.2	2.4	3.2	3.2
2.178	4	3.2	2.4	3.2	3.2
2.18	3.2	3.2	3.2	3.2	3.2
2.182	3.2	3.2	2.4	3.2	4
2.184	3.2	3.2	2.4	2.4	2.4
2.186	3.2	4	3.2	4	3.2
2.188	4	3.2	2.4	3.2	2.4
2.19	4	4	4	1.6	3.2
2.192	3.2	3.2	2.4	3.2	3.2
2.194	3.2	3.2	3.2	3.2	2.4
2.196	4	4	2.4	3.2	2.4
2.198	4	3.2	3.2	2.4	3.2
2.2	4	4	4	3.2	3.2
2.202	3.2	3.2	2.4	4	2.4
2.204	3.2	3.2	3.2	3.2	2.4
2.206	3.2	3.2	3.2	3.2	3.2
2.208	4	4	2.4	3.2	3.2
2.21	3.2	2.4	2.4	3.2	4
2.212	4	3.2	3.2	2.4	3.2
2.214	2.4	4	2.4	3.2	3.2
2.216	4	3.2	3.2	3.2	3.2
2.218	4	3.2	2.4	2.4	3.2
2.22	4	4	3.2	2.4	2.4
2.222	4	4	3.2	3.2	4
2.224	3.2	4	2.4	4	3.2
2.226	4	4	3.2	3.2	3.2
2.228	4	3.2	3.2	2.4	3.2
2.23	4	3.2	1.6	3.2	3.2
2.232	3.2	3.2	3.2	3.2	3.2
2.234	4	3.2	3.2	3.2	2.4
2.236	4	3.2	2.4	3.2	3.2
2.238	4	3.2	3.2	3.2	2.4
2.24	4	3.2	2.4	2.4	1.6
2.242	4	3.2	3.2	1.6	4
2.244	4	3.2	1.6	3.2	4
2.246	4	3.2	3.2	2.4	2.4
2.248	4	4	3.2	3.2	4
2.25	3.2	3.2	3.2	4	2.4
2.252	4	3.2	3.2	3.2	3.2
2.254	4	4	2.4	2.4	3.2
2.256	4	3.2	2.4	3.2	4
2.258	4	4	3.2	3.2	3.2
2.26	3.2	3.2	2.4	3.2	2.4
2.262	4	4	3.2	3.2	2.4
2.264	4	4	3.2	3.2	3.2
2.266	3.2	3.2	3.2	2.4	2.4
2.268	4	4	2.4	3.2	4
2.27	4	3.2	2.4	2.4	2.4
2.272	3.2	3.2	2.4	4	2.4
2.274	4	4	2.4	3.2	3.2
2.276	3.2	3.2	3.2	2.4	3.2
2.278	3.2	4	2.4	2.4	3.2
2.28	3.2	4	2.4	3.2	2.4
2.282	4	3.2	2.4	3.2	3.2
2.284	2.4	3.2	2.4	2.4	2.4
2.286	4	3.2	3.2	2.4	2.4
2.288	3.2	3.2	2.4	2.4	2.4
2.29	3.2	4	2.4	3.2	3.2
2.292	4	4	2.4	3.2	3.2
2.294	3.2	4	2.4	3.2	3.2
2.296	4	2.4	3.2	3.2	3.2
2.298	4	3.2	2.4	2.4	2.4
2.3	3.2	3.2	2.4	3.2	2.4
2.302	3.2	3.2	2.4	3.2	3.2
2.304	3.2	3.2	3.2	3.2	3.2
2.306	4	3.2	3.2	2.4	3.2
2.308	4	4	2.4	2.4	4
2.31	3.2	3.2	2.4	3.2	3.2
2.312	3.2	4.8	2.4	3.2	3.2
2.314	4.8	3.2	3.2	3.2	1.6
2.316	4	3.2	3.2	3.2	3.2
2.318	2.4	2.4	2.4	3.2	3.2
2.32	3.2	4	3.2	2.4	3.2
2.322	4	4	2.4	3.2	3.2
2.324	4	4	3.2	3.2	2.4
2.326	4	4	3.2	3.2	2.4
2.328	3.2	2.4	2.4	2.4	3.2
2.33	4	3.2	3.2	2.4	3.2
2.332	4	3.2	3.2	3.2	2.4
2.334	4	3.2	3.2	3.2	2.4
2.336	3.2	4	2.4	3.2	3.2
2.338	3.2	3.2	2.4	2.4	3.2
2.34	3.2	4	2.4	2.4	2.4
2.342	4	3.2	3.2	4	2.4
2.344	4	3.2	3.2	3.2	2.4
2.346	3.2	4	2.4	4	3.2
2.348	4	2.4	3.2	3.2	3.2
2.35	4	3.2	3.2	2.4	3.2
2.352	4	4	17.6	2.4	2.4
2.354	3.2	4	18.4	3.2	3.2
2.356	3.2	3.2	18.4	3.2	3.2
2.358	3.2	3.2	17.6	3.2	3.2
2.36	3.2	3.2	18.4	2.4	3.2
2.362	3.2	4	18.4	3.2	3.2
2.364	3.2	3.2	17.6	3.2	2.4
2.366	3.2	4	17.6	4	2.4
2.368	2.4	4	18.4	2.4	3.2
2.37	4	3.2	17.6	2.4	3.2
2.372	4	3.2	17.6	3.2	3.2
2.374	3.2	3.2	18.4	3.2	2.4
2.376	3.2	4	16.8	2.4	2.4
2.378	4	4	19.2	3.2	3.2
2.38	3.2	4	18.4	2.4	3.2
2.382	3.2	3.2	17.6	2.4	3.2
2.384	4	3.2	17.6	2.4	3.2
2.386	3.2	3.2	18.4	3.2	3.2
2.388	3.2	4	19.2	1.6	3.2
2.39	3.2	3.2	17.6	3.2	2.4
2.392	4	4	18.4	2.4	3.2
2.394	3.2	3.2	17.6	3.2	4
2.396	4	3.2	17.6	2.4	3.2
2.398	3.2	3.2	17.6	3.2	3.2
2.4	4	4	18.4	3.2	3.2
2.402	3.2	3.2	16.8	0.8	3.2
2.404	3.2	3.2	17.6	3.2	3.2
2.406	3.2	4	16.8	2.4	2.4
2.408	4	3.2	17.6	3.2	2.4
2.41	3.2	3.2	17.6	3.2	2.4
2.412	4	3.2	18.4	3.2	3.2
2.414	3.2	4	17.6	2.4	3.2
2.416	4	4	17.6	3.2	3.2
2.418	4	4.8	18.4	3.2	3.2
2.42	3.2	3.2	17.6	3.2	2.4
2.422	3.2	3.2	17.6	2.4	3.2
2.424	3.2	3.2	17.6	3.2	3.2
2.426	4	4	17.6	2.4	3.2
2.428	4	4	17.6	3.2	3.2
2.43	4	3.2	19.2	2.4	3.2
2.432	3.2	3.2	17.6	3.2	2.4
2.434	4	4	17.6	2.4	3.2
2.436	3.2	4	17.6	2.4	3.2
2.438	3.2	4	18.4	3.2	3.2
2.44	4	3.2	17.6	3.2	2.4
2.442	3.2	3.2	18.4	2.4	3.2
2.444	4	3.2	17.6	2.4	3.2
2.446	2.4	3.2	16.8	2.4	3.2
2.448	3.2	4	16.8	3.2	3.2
2.45	4	2.4	17.6	2.4	3.2
2.452	3.2	3.2	17.6	3.2	2.4
2.454	3.2	3.2	18.4	3.2	3.2
2.456	3.2	4	17.6	3.2	3.2
2.458	4	3.2	17.6	3.2	2.4
2.46	3.2	2.4	17.6	3.2	2.4
2.462	3.2	4	17.6	3.2	3.2
2.464	3.2	3.2	17.6	2.4	3.2
2.466	3.2	4	18.4	2.4	3.2
2.468	4	3.2	18.4	2.4	3.2
2.47	3.2	4	18.4	2.4	2.4
2.472	3.2	3.2	18.4	2.4	3.2
2.474	3.2	4	17.6	2.4	3.2
2.476	4	4	18.4	3.2	3.2
2.478	4	3.2	17.6	2.4	3.2
2.48	4	3.2	16.8	2.4	3.2
2.482	4	3.2	17.6	3.2	2.4
2.484	3.2	3.2	16.8	2.4	2.4
2.486	3.2	4	19.2	3.2	2.4
2.488	3.2	3.2	16.8	2.4	3.2
2.49	3.2	3.2	18.4	2.4	2.4
2.492	4	3.2	17.6	2.4	3.2
2.494	4	3.2	18.4	2.4	4
2.496	3.2	3.2	17.6	2.4	3.2
2.498	4	3.2	18.4	2.4	4
2.5	4	3.2	17.6	2.4	2.4
2.502	3.2	4	17.6	3.2	2.4
2.504	3.2	3.2	17.6	2.4	1.6
2.506	4	4.8	17.6	2.4	3.2
2.508	3.2	3.2	19.2	2.4	2.4
2.51	3.2	2.4	17.6	2.4	2.4
2.512	3.2	3.2	17.6	2.4	3.2
2.514	4	3.2	18.4	3.2	3.2
2.516	3.2	4	17.6	3.2	4
2.518	3.2	3.2	17.6	2.4	3.2
2.52	4	3.2	17.6	3.2	2.4
2.522	4	4.8	16.8	3.2	3.2
2.524	4	3.2	17.6	3.2	1.6
2.526	3.2	3.2	18.4	2.4	3.2
2.528	3.2	3.2	17.6	3.2	3.2
2.53	3.2	4	16.8	2.4	3.2
2.532	4	3.2	17.6	18.4	2.4
2.534	4	17.6	17.6	18.4	2.4
2.536	17.6	19.2	18.4	18.4	3.2
2.538	19.2	18.4	17.6	18.4	3.2
2.54	19.2	18.4	17.6	18.4	2.4
2.542	18.4	17.6	16.8	18.4	2.4
2.544	19.2	18.4	17.6	17.6	2.4
2.546	18.4	18.4	16.8	17.6	17.6
2.548	18.4	18.4	17.6	19.2	17.6
2.55	17.6	19.2	18.4	18.4	17.6
2.552	18.4	18.4	17.6	18.4	17.6
2.554	18.4	17.6	18.4	18.4	17.6
2.556	19.2	18.4	16.8	18.4	17.6
2.558	17.6	18.4	17.6	17.6	18.4
2.56	17.6	18.4	17.6	17.6	17.6
2.562	19.2	17.6	17.6	19.2	18.4
2.564	19.2	17.6	17.6	18.4	16.8
2.566	18.4	17.6	16.8	19.2	18.4
2.568	18.4	17.6	17.6	17.6	17.6
2.57	18.4	17.6	17.6	19.2	17.6
2.572	18.4	18.4	17.6	18.4	16.8
2.574	17.6	17.6	17.6	17.6	16.8
2.576	18.4	19.2	17.6	19.2	17.6
2.578	17.6	17.6	18.4	17.6	16.8
2.58	18.4	18.4	17.6	17.6	17.6
2.582	18.4	17.6	17.6	18.4	16.8
2.584	18.4	18.4	17.6	19.2	16.8
2.586	18.4	17.6	17.6	17.6	17.6
2.588	18.4	18.4	17.6	18.4	16.8
2.59	18.4	17.6	17.6	17.6	16.8
2.592	16.8	19.2	17.6	18.4	17.6
2.594	18.4	17.6	17.6	18.4	16.8
2.596	19.2	16.8	18.4	17.6	16
2.598	17.6	17.6	18.4	17.6	17.6
2.6	19.2	18.4	17.6	18.4	16.8
2.602	17.6	19.2	19.2	18.4	16.8
2.604	18.4	18.4	18.4	19.2	16
2.606	17.6	18.4	16.8	18.4	16.8
2.608	19.2	17.6	16.8	17.6	16.8
2.61	18.4	18.4	17.6	18.4	16.8
2.612	17.6	18.4	18.4	16.8	16.8
2.614	18.4	16.8	18.4	17.6	16.8
2.616	17.6	18.4	17.6	18.4	16.8
2.618	18.4	17.6	17.6	17.6	16.8
2.62	18.4	16.8	18.4	17.6	17.6
2.622	18.4	17.6	17.6	16.8	16
2.624	16.8	17.6	17.6	19.2	16.8
2.626	17.6	17.6	18.4	18.4	16.8
2.628	19.2	17.6	17.6	18.4	16
2.63	18.4	17.6	17.6	17.6	16.8
2.632	18.4	17.6	19.2	17.6	16
2.634	17.6	16.8	17.6	18.4	16.8
2.636	17.6	17.6	17.6	18.4	16.8
2.638	18.4	16.8	17.6	18.4	16
2.64	17.6	16.8	17.6	16.8	16
2.642	19.2	16.8	18.4	17.6	16.8
2.644	16.8	19.2	17.6	17.6	16
2.646	18.4	17.6	17.6	18.4	16.8
2.648	17.6	17.6	16.8	17.6	16
2.65	17.6	16.8	18.4	17.6	16
2.652	18.4	18.4	17.6	18.4	16.8
2.654	17.6	19.2	18.4	18.4	16
2.656	17.6	18.4	18.4	18.4	16.8
2.658	17.6	17.6	17.6	18.4	16
2.66	16.8	16.8	18.4	18.4	16.8
2.662	18.4	17.6	17.6	17.6	16
2.664	17.6	17.6	18.4	18.4	16
2.666	18.4	17.6	17.6	18.4	16
2.668	17.6	17.6	17.6	19.2	16.8
2.67	17.6	17.6	18.4	18.4	16.8
2.672	18.4	17.6	16.8	18.4	16
2.674	17.6	17.6	18.4	17.6	16.8
2.676	18.4	18.4	18.4	18.4	16.8
2.678	18.4	18.4	17.6	19.2	16.8
2.68	18.4	16.8	18.4	17.6	16
2.682	18.4	17.6	16.8	16.8	16
2.684	17.6	17.6	18.4	16.8	16.8
2.686	18.4	18.4	18.4	17.6	16.8
2.688	18.4	17.6	17.6	17.6	16
2.69	17.6	18.4	18.4	16.8	16.8
2.692	18.4	18.4	17.6	18.4	16
2.694	18.4	18.4	17.6	17.6	16.8
2.696	18.4	17.6	18.4	18.4	16.8
2.698	18.4	18.4	17.6	17.6	16.8
2.7	17.6	18.4	17.6	19.2	16.8
2.702	17.6	17.6	17.6	16.8	16
2.704	19.2	17.6	18.4	16.8	16.8
2.706	18.4	17.6	18.4	17.6	17.6
2.708	16.8	17.6	18.4	17.6	16
2.71	17.6	18.4	18.4	17.6	16.8
2.712	17.6	16.8	17.6	17.6	16.8
2.714	19.2	18.4	18.4	17.6	16.8
2.716	19.2	18.4	17.6	18.4	16.8
2.718	17.6	18.4	18.4	17.6	16.8
2.72	19.2	18.4	16	16.8	16.8
2.722	18.4	18.4	16.8	19.2	16
2.724	17.6	18.4	18.4	17.6	16.8
2.726	18.4	16.8	19.2	17.6	16
2.728	18.4	16.8	18.4	18.4	16.8
2.73	18.4	18.4	18.4	19.2	16.8
2.732	17.6	17.6	18.4	18.4	16
2.734	19.2	16.8	19.2	16.8	16.8
2.736	18.4	17.6	18.4	18.4	16.8
2.738	17.6	16.8	17.6	16.8	16.8
2.74	17.6	18.4	18.4	18.4	17.6
2.742	17.6	17.6	17.6	17.6	16.8
2.744	18.4	17.6	18.4	18.4	17.6
2.746	18.4	17.6	17.6	18.4	16
2.748	18.4	17.6	19.2	17.6	16.8
2.75	19.2	19.2	17.6	18.4	16.8
2.752	17.6	18.4	18.4	18.4	16.8
2.754	19.2	17.6	17.6	17.6	16.8
2.756	18.4	17.6	17.6	17.6	16.8
2.758	19.2	18.4	19.2	18.4	16
2.76	19.2	17.6	18.4	18.4	16.8
2.762	17.6	16.8	17.6	18.4	16.8
2.764	18.4	17.6	18.4	16.8	16.8
2.766	18.4	17.6	18.4	18.4	16.8
2.768	19.2	16.8	19.2	17.6	16.8
2.77	18.4	18.4	17.6	17.6	16.8
2.772	18.4	17.6	16.8	18.4	17.6
2.774	18.4	18.4	17.6	19.2	16
2.776	18.4	19.2	18.4	17.6	16
2.778	19.2	17.6	16.8	17.6	16.8
2.78	19.2	18.4	19.2	18.4	16
2.782	18.4	17.6	17.6	18.4	16.8
2.784	19.2	18.4	17.6	18.4	16.8
2.786	17.6	18.4	17.6	18.4	16.8
2.788	18.4	18.4	19.2	17.6	16.8
2.79	18.4	17.6	19.2	19.2	16.8
2.792	18.4	17.6	18.4	17.6	16.8
2.794	18.4	17.6	19.2	17.6	16.8
2.796	17.6	18.4	19.2	18.4	16.8
2.798	19.2	17.6	18.4	16.8	16.8
2.8	18.4	17.6	18.4	19.2	16.8
2.802	18.4	17.6	17.6	17.6	16.8
2.804	19.2	18.4	17.6	19.2	16.8
2.806	18.4	19.2	18.4	17.6	16
2.808	19.2	17.6	17.6	18.4	17.6
2.81	18.4	17.6	19.2	18.4	16.8
2.812	18.4	17.6	17.6	17.6	16.8
2.814	18.4	17.6	17.6	17.6	16.8
2.816	17.6	17.6	17.6	18.4	16
2.818	19.2	18.4	17.6	18.4	16.8
2.82	19.2	19.2	18.4	17.6	16
2.822	18.4	17.6	17.6	18.4	16.8
2.824	19.2	17.6	18.4	18.4	16.8
2.826	18.4	17.6	17.6	18.4	16.8
2.828	17.6	18.4	17.6	19.2	16.8
2.83	18.4	18.4	18.4	19.2	16.8
2.832	18.4	17.6	17.6	18.4	16.8
2.834	18.4	18.4	18.4	18.4	16.8
2.836	18.4	16.8	18.4	17.6	16.8
2.838	18.4	17.6	17.6	17.6	17.6
2.84	18.4	18.4	17.6	19.2	16.8
2.842	19.2	18.4	18.4	17.6	16.8
2.844	18.4	17.6	17.6	18.4	16.8
2.846	18.4	17.6	17.6	17.6	16.8
2.848	18.4	18.4	2.4	17.6	16.8
2.85	18.4	17.6	3.2	17.6	16
2.852	18.4	18.4	3.2	18.4	16.8
2.854	18.4	17.6	2.4	17.6	16.8
2.856	17.6	18.4	2.4	18.4	16.8
2.858	18.4	17.6	3.2	18.4	16
2.86	19.2	18.4	3.2	17.6	16.8
2.862	18.4	18.4	3.2	18.4	16.8
2.864	19.2	18.4	2.4	19.2	16.8
2.866	18.4	18.4	3.2	16.8	17.6
2.868	19.2	17.6	2.4	16.8	16
2.87	17.6	16.8	2.4	18.4	16
2.872	18.4	18.4	3.2	17.6	16.8
2.874	19.2	18.4	2.4	19.2	16.8
2.876	18.4	19.2	3.2	18.4	17.6
2.878	18.4	16.8	3.2	18.4	16.8
2.88	18.4	17.6	2.4	18.4	16.8
2.882	18.4	19.2	3.2	17.6	16.8
2.884	19.2	16.8	2.4	18.4	16.8
2.886	18.4	16.8	3.2	17.6	16.8
2.888	18.4	17.6	3.2	18.4	16.8
2.89	18.4	17.6	3.2	18.4	16.8
2.892	17.6	18.4	3.2	18.4	16
2.894	19.2	18.4	3.2	17.6	17.6
2.896	19.2	18.4	2.4	18.4	17.6
2.898	18.4	16.8	2.4	18.4	17.6
2.9	18.4	19.2	3.2	18.4	16.8
2.902	18.4	18.4	2.4	18.4	16.8
2.904	18.4	17.6	2.4	18.4	16.8
2.906	19.2	19.2	3.2	17.6	16.8
2.908	18.4	18.4	3.2	18.4	16.8
2.91	18.4	18.4	3.2	17.6	16.8
2.912	17.6	17.6	2.4	17.6	16.8
2.914	18.4	18.4	2.4	17.6	16.8
2.916	18.4	18.4	4	18.4	16.8
2.918	19.2	17.6	3.2	18.4	16.8
2.92	18.4	17.6	2.4	18.4	16.8
2.922	18.4	18.4	3.2	18.4	16.8
2.924	18.4	18.4	2.4	18.4	16.8
2.926	19.2	18.4	3.2	18.4	16.8
2.928	18.4	18.4	2.4	19.2	16.8
2.93	17.6	17.6	3.2	17.6	16.8
2.932	18.4	17.6	2.4	18.4	16.8
2.934	17.6	17.6	2.4	17.6	16.8
2.936	18.4	18.4	2.4	18.4	16.8
2.938	18.4	17.6	2.4	19.2	16.8
2.94	18.4	19.2	3.2	19.2	16.8
2.942	18.4	18.4	3.2	18.4	16.8
2.944	19.2	18.4	3.2	19.2	16.8
2.946	19.2	18.4	2.4	18.4	16
2.948	18.4	19.2	3.2	18.4	16.8
2.95	18.4	18.4	3.2	18.4	16.8
2.952	18.4	19.2	3.2	17.6	16
2.954	18.4	17.6	3.2	17.6	16.8
2.956	19.2	18.4	2.4	18.4	16
2.958	18.4	17.6	2.4	18.4	16.8
2.96	18.4	18.4	2.4	19.2	17.6
2.962	18.4	18.4	3.2	18.4	16
2.964	18.4	17.6	2.4	17.6	16.8
2.966	19.2	17.6	2.4	17.6	16.8
2.968	18.4	18.4	2.4	17.6	16.8
2.97	16	19.2	3.2	16.8	17.6
2.972	4	19.2	2.4	18.4	16.8
2.974	3.2	17.6	3.2	18.4	16.8
2.976	3.2	18.4	3.2	18.4	16.8
2.978	4	17.6	2.4	17.6	16.8
2.98	4	18.4	3.2	16.8	16.8
2.982	3.2	17.6	3.2	16.8	16.8
2.984	4	17.6	2.4	18.4	16.8
2.986	3.2	16.8	3.2	17.6	16.8
2.988	4	18.4	3.2	16.8	16.8
2.99	4	19.2	3.2	17.6	16.8
2.992	3.2	19.2	3.2	18.4	16.8
2.994	3.2	17.6	3.2	17.6	16
2.996	3.2	17.6	2.4	17.6	16.8
2.998	4	17.6	2.4	17.6	16.8
3	4	19.2	3.2	19.2	16.8
3.002	4	18.4	2.4	17.6	16.8
3.004	4	17.6	3.2	19.2	16.8
3.006	4	17.6	3.2	17.6	16.8
3.008	4	18.4	2.4	16.8	17.6
3.01	3.2	17.6	3.2	17.6	16.8
3.012	3.2	18.4	4	3.2	17.6
3.014	2.4	18.4	3.2	2.4	17.6
3.016	3.2	17.6	3.2	3.2	16.8
3.018	4.8	18.4	3.2	2.4	17.6
3.02	3.2	18.4	2.4	2.4	16.8
3.022	3.2	18.4	1.6	3.2	16.8
3.024	4	18.4	2.4	2.4	17.6
3.026	4	18.4	2.4	3.2	16.8
3.028	4	9.6	2.4	3.2	17.6
3.03	4	3.2	2.4	3.2	16.8
3.032	4	4.8	3.2	2.4	16.8
3.034	2.4	4	3.2	2.4	16.8
3.036	4.8	4	3.2	3.2	17.6
3.038	3.2	3.2	3.2	3.2	17.6
3.04	3.2	4	2.4	3.2	16
3.042	3.2	4	2.4	3.2	16.8
3.044	4	3.2	3.2	1.6	16.8
3.046	3.2	4	2.4	3.2	16.8
3.048	3.2	3.2	3.2	3.2	16.8
3.05	4	3.2	3.2	2.4	16.8
3.052	3.2	3.2	2.4	2.4	16.8
3.054	3.2	4	3.2	2.4	16.8
3.056	3.2	4	3.2	3.2	16.8
3.058	3.2	4	3.2	3.2	16.8
3.06	3.2	3.2	3.2	2.4	16.8
3.062	3.2	4	3.2	1.6	17.6
3.064	2.4	2.4	3.2	2.4	16.8
3.066	3.2	3.2	3.2	4	17.6
3.068	3.2	4	3.2	3.2	16
3.07	3.2	3.2	2.4	4	16.8
3.072	4	4	2.4	3.2	16.8
3.074	4	4	3.2	2.4	16.8
3.076	4	4	2.4	2.4	18.4
3.078	4	4	4	4	16.8
3.08	4	3.2	2.4	2.4	16.8
3.082	3.2	3.2	4	3.2	16.8
3.084	4	4	3.2	4	16.8
3.086	3.2	3.2	3.2	2.4	16.8
3.088	4.8	3.2	3.2	1.6	12
3.09	4	4	2.4	3.2	3.2
3.092	4	4	2.4	3.2	2.4
3.094	4	3.2	3.2	2.4	3.2
3.096	3.2	3.2	2.4	2.4	3.2
3.098	3.2	3.2	3.2	3.2	3.2
3.1	3.2	4	1.6	2.4	3.2
3.102	4	3.2	3.2	2.4	3.2
3.104	4	3.2	3.2	3.2	3.2
3.106	4	3.2	3.2	3.2	3.2
3.108	4	4	3.2	4	3.2
3.11	4	3.2	3.2	3.2	3.2
3.112	4	4	3.2	2.4	3.2
3.114	4	3.2	2.4	3.2	3.2
3.116	4	4	3.2	4	3.2
3.118	4	4	2.4	3.2	3.2
3.12	3.2	3.2	3.2	2.4	3.2
3.122	3.2	4	3.2	3.2	2.4
3.124	4	3.2	3.2	3.2	2.4
3.126	3.2	3.2	2.4	2.4	3.2
3.128	4	3.2	3.2	4	4
3.13	4	4	2.4	2.4	2.4
3.132	4	4	2.4	3.2	4
3.134	4	3.2	4	2.4	2.4
3.136	4	4	3.2	2.4	3.2
3.138	4	3.2	2.4	3.2	2.4
3.14	4	4	3.2	2.4	3.2
3.142	4	4	3.2	3.2	2.4
3.144	4	3.2	2.4	3.2	3.2
3.146	3.2	4	3.2	2.4	2.4
3.148	3.2	4	2.4	3.2	2.4
3.15	4	4	3.2	3.2	2.4
3.152	4	3.2	4	3.2	3.2
3.154	3.2	4	3.2	2.4	3.2
3.156	3.2	3.2	3.2	3.2	2.4
3.158	3.2	4	2.4	4	4
3.16	4	3.2	4	2.4	2.4
3.162	3.2	3.2	2.4	3.2	2.4
3.164	3.2	4	2.4	3.2	3.2
3.166	4	4	3.2	4	2.4
3.168	4	4	3.2	4	3.2
3.17	3.2	3.2	3.2	2.4	2.4
3.172	3.2	3.2	2.4	2.4	3.2
3.174	4	2.4	3.2	3.2	3.2
3.176	3.2	3.2	3.2	3.2	3.2
3.178	3.2	4	2.4	2.4	2.4
3.18	4	3.2	2.4	3.2	2.4
3.182	3.2	4	3.2	3.2	3.2
3.184	4	3.2	3.2	3.2	4
3.186	4	4	3.2	2.4	2.4
3.188	3.2	4	2.4	2.4	3.2
3.19	4	4	2.4	3.2	3.2
3.192	4	4	2.4	3.2	3.2
3.194	4	3.2	3.2	2.4	3.2
3.196	4	4	3.2	3.2	3.2
3.198	3.2	4	3.2	3.2	3.2
3.2	3.2	3.2	2.4	3.2	3.2
3.202	2.4	4	4	3.2	2.4
3.204	2.4	3.2	3.2	2.4	2.4
3.206	4	3.2	3.2	2.4	3.2
3.208	4	3.2	2.4	3.2	3.2
3.21	3.2	2.4	2.4	3.2	2.4
3.212	3.2	3.2	4	3.2	3.2
3.214	4	3.2	3.2	2.4	3.2
3.216	3.2	3.2	3.2	3.2	4
3.218	4	4	3.2	2.4	3.2
3.22	3.2	4	3.2	3.2	3.2
3.222	3.2	4	3.2	3.2	3.2
3.224	3.2	3.2	3.2	3.2	3.2
3.226	3.2	4	2.4	3.2	4
3.228	4	4	1.6	3.2	2.4
3.23	4	4	3.2	3.2	3.2
3.232	2.4	3.2	3.2	3.2	3.2
3.234	3.2	3.2	3.2	2.4	3.2
3.236	3.2	4	2.4	3.2	3.2
3.238	4	3.2	3.2	2.4	3.2
3.24	4	3.2	2.4	2.4	3.2
3.242	3.2	4	3.2	2.4	2.4
3.244	4	3.2	3.2	3.2	2.4
3.246	3.2	3.2	2.4	3.2	2.4
3.248	3.2	4	2.4	2.4	3.2
3.25	3.2	4	2.4	3.2	4
3.252	4	4	4	3.2	3.2
3.254	2.4	3.2	2.4	3.2	2.4
3.256	4	3.2	3.2	3.2	3.2
3.258	4	3.2	2.4	3.2	3.2
3.26	4	3.2	3.2	2.4	2.4
3.262	3.2	3.2	3.2	2.4	2.4
3.264	3.2	4	3.2	3.2	3.2
3.266	3.2	4	2.4	3.2	3.2
3.268	3.2	2.4	3.2	3.2	3.2
3.27	4	3.2	3.2	4	4
3.272	4	4	2.4	3.2	3.2
3.274	3.2	3.2	3.2	3.2	3.2
3.276	3.2	3.2	2.4	2.4	2.4
3.278	3.2	4	3.2	3.2	4
3.28	4	3.2	3.2	3.2	3.2
3.282	4	4	3.2	3.2	3.2
3.284	3.2	4	2.4	3.2	2.4
3.286	3.2	3.2	2.4	2.4	2.4
3.288	4	4	2.4	2.4	3.2
3.29	3.2	3.2	3.2	3.2	3.2
3.292	4	3.2	2.4	2.4	1.6
3.294	3.2	4	2.4	3.2	2.4
3.296	2.4	3.2	4	1.6	3.2
3.298	3.2	3.2	3.2	2.4	3.2
3.3	1.6	4	3.2	2.4	3.2
3.302	4	4	3.2	3.2	3.2
3.304	4	4	1.6	3.2	3.2
3.306	3.2	4	2.4	2.4	3.2
3.308	4	3.2	3.2	2.4	2.4
3.31	3.2	4	2.4	2.4	3.2
3.312	3.2	3.2	2.4	2.4	3.2
3.314	3.2	4	4	3.2	3.2
3.316	4	3.2	2.4	3.2	3.2
3.318	3.2	3.2	3.2	3.2	2.4
3.32	2.4	3.2	3.2	3.2	3.2
3.322	2.4	3.2	2.4	3.2	3.2
3.324	4	3.2	2.4	3.2	3.2
3.326	3.2	3.2	2.4	3.2	3.2
3.328	4	3.2	3.2	2.4	3.2
3.33	3.2	4	2.4	3.2	2.4
3.332	3.2	3.2	2.4	2.4	4
3.334	4	3.2	4	3.2	2.4
3.336	4	2.4	2.4	3.2	2.4
3.338	4	3.2	3.2	3.2	3.2
3.34	4	4	2.4	3.2	2.4
3.342	2.4	4	2.4	3.2	3.2
3.344	3.2	4	2.4	2.4	3.2
3.346	3.2	3.2	3.2	3.2	2.4
3.348	3.2	3.2	2.4	3.2	2.4
3.35	3.2	4	2.4	2.4	2.4
3.352	4	4	2.4	3.2	2.4
3.354	3.2	4	3.2	3.2	3.2
3.356	4	3.2	3.2	3.2	3.2
3.358	3.2	3.2	2.4	2.4	3.2
3.36	3.2	3.2	3.2	3.2	1.6
3.362	3.2	3.2	2.4	2.4	3.2
3.364	3.2	4	3.2	3.2	3.2
3.366	3.2	4	3.2	2.4	3.2
3.368	3.2	3.2	4	2.4	3.2
3.37	4	4.8	3.2	3.2	4
3.372	4	4	3.2	2.4	2.4
3.374	4	4	2.4	2.4	3.2
3.376	3.2	4	2.4	3.2	3.2
3.378	4	3.2	3.2	3.2	3.2
3.38	3.2	3.2	3.2	2.4	2.4
3.382	4	4	3.2	3.2	2.4
3.384	3.2	4	3.2	2.4	3.2
3.386	4	4	4	3.2	3.2
3.388	1.6	4	3.2	3.2	3.2
3.39	4	2.4	2.4	2.4	2.4
3.392	3.2	4	3.2	2.4	2.4
3.394	3.2	4	3.2	3.2	3.2
3.396	3.2	3.2	2.4	3.2	2.4
3.398	3.2	4	4	2.4	4
3.4	3.2	3.2	4	3.2	2.4
3.402	4	3.2	2.4	3.2	2.4
3.404	3.2	3.2	2.4	3.2	3.2
3.406	3.2	4	2.4	3.2	3.2
3.408	3.2	4	2.4	2.4	3.2
3.41	3.2	2.4	2.4	3.2	3.2
3.412	3.2	3.2	3.2	2.4	2.4
3.414	3.2	3.2	2.4	4.8	2.4
3.416	3.2	3.2	3.2	2.4	2.4
3.418	3.2	4	3.2	3.2	3.2
3.42	4	3.2	3.2	4	4
3.422	3.2	3.2	2.4	2.4	3.2
3.424	3.2	3.2	2.4	2.4	2.4
3.426	3.2	4	2.4	3.2	2.4
3.428	3.2	4	2.4	4	3.2
3.43	3.2	4	3.2	3.2	2.4
3.432	4	3.2	3.2	3.2	4
3.434	4	3.2	2.4	3.2	3.2
3.436	4	3.2	3.2	2.4	3.2
3.438	2.4	4	3.2	3.2	3.2
3.44	4	4	3.2	3.2	4
3.442	4	4	0.8	3.2	2.4
3.444	4	3.2	3.2	2.4	3.2
3.446	4	3.2	2.4	3.2	3.2
3.448	3.2	4	3.2	3.2	3.2
3.45	3.2	2.4	3.2	3.2	3.2
3.452	3.2	4	2.4	2.4	4
3.454	4	4	3.2	2.4	3.2
3.456	4	4	3.2	2.4	2.4
3.458	3.2	4	3.2	2.4	3.2
3.46	3.2	3.2	2.4	2.4	3.2
3.462	3.2	4	2.4	3.2	4
3.464	3.2	4	2.4	3.2	3.2
3.466	3.2	3.2	2.4	4	2.4
3.468	3.2	3.2	3.2	3.2	3.2
3.47	3.2	3.2	3.2	1.6	4
3.472	4	4	3.2	3.2	3.2
3.474	2.4	2.4	3.2	2.4	4
3.476	2.4	3.2	2.4	4	3.2
3.478	4	3.2	2.4	3.2	3.2
3.48	3.2	3.2	2.4	2.4	2.4
3.482	3.2	4	3.2	3.2	3.2
3.484	3.2	3.2	2.4	3.2	2.4
3.486	4	4	3.2	2.4	3.2
3.488	4	3.2	1.6	2.4	3.2
3.49	3.2	3.2	2.4	3.2	2.4
3.492	3.2	3.2	2.4	3.2	3.2
3.494	3.2	3.2	3.2	2.4	3.2
3.496	4	3.2	2.4	3.2	3.2
3.498	4	3.2	3.2	2.4	3.2
3.5	3.2	4	2.4	2.4	3.2
3.502	3.2	3.2	2.4	2.4	3.2
3.504	3.2	3.2	2.4	2.4	3.2
3.506	3.2	3.2	3.2	2.4	3.2
3.508	4	3.2	3.2	3.2	4
3.51	3.2	3.2	3.2	3.2	3.2
3.512	3.2	3.2	3.2	2.4	2.4
3.514	4	3.2	3.2	2.4	3.2
3.516	3.2	4	2.4	3.2	3.2
3.518	4	3.2	2.4	3.2	4
3.52	3.2	3.2	2.4	2.4	2.4
3.522	3.2	3.2	3.2	2.4	4
3.524	3.2	4	3.2	3.2	2.4
3.526	4	4	3.2	2.4	2.4
3.528	3.2	3.2	3.2	2.4	3.2
3.53	3.2	4	2.4	3.2	3.2
3.532	2.4	3.2	2.4	3.2	3.2
3.534	4	4	3.2	2.4	3.2
3.536	3.2	4	3.2	2.4	2.4
3.538	3.2	4	2.4	2.4	3.2
3.54	3.2	3.2	2.4	3.2	3.2
3.542	3.2	3.2	2.4	2.4	3.2
3.544	3.2	3.2	2.4	3.2	2.4
3.546	4	3.2	3.2	3.2	3.2
3.548	3.2	4.8	3.2	3.2	3.2
3.55	4	4	3.2	3.2	3.2
3.552	3.2	4	3.2	4	2.4
3.554	3.2	2.4	3.2	3.2	4
3.556	4	3.2	2.4	2.4	3.2
3.558	4	4	3.2	3.2	3.2
3.56	3.2	2.4	2.4	3.2	3.2
3.562	4	4	2.4	3.2	2.4
3.564	3.2	3.2	3.2	2.4	2.4
3.566	4	3.2	3.2	3.2	4
3.568	3.2	3.2	2.4	3.2	2.4
3.57	4	3.2	3.2	3.2	3.2
3.572	4	4	3.2	3.2	3.2
3.574	3.2	3.2	3.2	3.2	2.4
3.576	4	3.2	3.2	2.4	3.2
3.578	3.2	4	2.4	2.4	2.4
3.58	4	4	2.4	3.2	4
3.582	4	4	2.4	3.2	3.2
3.584	3.2	4	4	3.2	3.2
3.586	4	3.2	3.2	2.4	3.2
3.588	4	4	3.2	3.2	3.2
3.59	4	4	2.4	2.4	3.2
3.592	4	3.2	2.4	2.4	2.4
3.594	4	3.2	2.4	2.4	3.2
3.596	4	4	3.2	3.2	3.2
3.598	3.2	4	3.2	3.2	3.2
3.6	3.2	3.2	2.4	2.4	2.4
3.602	3.2	2.4	3.2	3.2	2.4
3.604	3.2	4	2.4	3.2	2.4
3.606	3.2	3.2	2.4	2.4	3.2
3.608	3.2	2.4	2.4	2.4	3.2
3.61	4	2.4	2.4	3.2	3.2
3.612	3.2	4	3.2	3.2	3.2
3.614	3.2	4	1.6	4	1.6
3.616	3.2	4	3.2	2.4	3.2
3.618	2.4	4	3.2	3.2	3.2
3.62	3.2	3.2	2.4	2.4	4
3.622	3.2	4	3.2	2.4	2.4
3.624	4	4	3.2	3.2	2.4
3.626	3.2	3.2	3.2	2.4	3.2
3.628	3.2	3.2	2.4	2.4	2.4
3.63	4	3.2	3.2	2.4	3.2
3.632	4	3.2	3.2	3.2	3.2
3.634	4	4	2.4	3.2	4
3.636	3.2	3.2	3.2	3.2	2.4
3.638	3.2	4	2.4	3.2	2.4
3.64	3.2	4	2.4	3.2	3.2
3.642	4	4	3.2	3.2	2.4
3.644	2.4	4	2.4	2.4	4
3.646	4	4	2.4	3.2	3.2
3.648	3.2	4	3.2	3.2	3.2
3.65	4	4	2.4	2.4	2.4
3.652	4	4	2.4	3.2	3.2
3.654	3.2	3.2	2.4	3.2	3.2
3.656	4	3.2	3.2	3.2	2.4
3.658	3.2	4	2.4	2.4	3.2
3.66	3.2	3.2	3.2	2.4	3.2
3.662	4	4	2.4	2.4	2.4
3.664	4	3.2	2.4	3.2	3.2
3.666	4	4	2.4	3.2	3.2
3.668	3.2	3.2	2.4	3.2	2.4
3.67	3.2	4	3.2	3.2	3.2
3.672	4	3.2	2.4	3.2	3.2
3.674	4	3.2	2.4	2.4	4
3.676	3.2	3.2	3.2	3.2	3.2
3.678	4	3.2	3.2	3.2	3.2
3.68	3.2	2.4	4	2.4	2.4
3.682	4	4	2.4	3.2	2.4
3.684	3.2	3.2	3.2	2.4	2.4
3.686	3.2	3.2	2.4	2.4	3.2
3.688	4	4	3.2	3.2	3.2
3.69	3.2	4	3.2	3.2	4
3.692	4	2.4	3.2	2.4	3.2
3.694	4	4	3.2	3.2	3.2
3.696	4	3.2	3.2	2.4	3.2
3.698	4	3.2	2.4	3.2	3.2
3.7	4	4	3.2	3.2	3.2
3.702	3.2	4	3.2	2.4	3.2
3.704	4	4	3.2	3.2	3.2
3.706	1.6	4	3.2	2.4	3.2
3.708	4	3.2	3.2	3.2	3.2
3.71	3.2	3.2	2.4	4	3.2
3.712	3.2	2.4	3.2	2.4	4
3.714	3.2	4	3.2	3.2	1.6
3.716	4	3.2	3.2	2.4	3.2
3.718	4	4.8	2.4	2.4	2.4
3.72	3.2	3.2	2.4	2.4	3.2
3.722	4	3.2	2.4	2.4	3.2
3.724	3.2	4	2.4	3.2	3.2
3.726	4	4.8	3.2	2.4	2.4
3.728	3.2	4	3.2	2.4	3.2
3.73	4	4	3.2	3.2	2.4
3.732	3.2	3.2	2.4	3.2	3.2
3.734	3.2	4	2.4	2.4	3.2
3.736	3.2	3.2	3.2	2.4	2.4
3.738	3.2	3.2	3.2	3.2	3.2
3.74	3.2	3.2	3.2	2.4	3.2
3.742	4	4	3.2	3.2	3.2
3.744	4	3.2	2.4	3.2	3.2
3.746	4	3.2	3.2	3.2	3.2
3.748	2.4	4	3.2	3.2	3.2
3.75	5.6	4	3.2	3.2	3.2
3.752	3.2	2.4	2.4	3.2	2.4
3.754	3.2	4	2.4	2.4	3.2
3.756	4	4	2.4	2.4	3.2
3.758	4	3.2	3.2	3.2	3.2
3.76	4	4	3.2	2.4	2.4
3.762	4	2.4	3.2	3.2	3.2
3.764	3.2	4	3.2	2.4	2.4
3.766	3.2	4	3.2	3.2	3.2
3.768	4	4	3.2	3.2	4
3.77	4	4	2.4	4	3.2
3.772	3.2	4	3.2	3.2	3.2
3.774	4	3.2	2.4	2.4	4
3.776	4	3.2	2.4	2.4	3.2
3.778	2.4	3.2	3.2	2.4	3.2
3.78	3.2	4	3.2	2.4	3.2
3.782	4	3.2	4	3.2	2.4
3.784	4	3.2	3.2	2.4	3.2
3.786	3.2	3.2	3.2	2.4	3.2
3.788	4	3.2	2.4	4	3.2
3.79	4	4	2.4	3.2	3.2
3.792	3.2	4	3.2	3.2	2.4
3.794	4	4	3.2	2.4	3.2
3.796	3.2	3.2	4	2.4	3.2
3.798	3.2	3.2	2.4	3.2	4
3.8	4	4	3.2	3.2	3.2
3.802	4.8	3.2	3.2	3.2	2.4
3.804	4.8	4	2.4	2.4	3.2
3.806	3.2	3.2	2.4	3.2	3.2
3.808	4	4	3.2	3.2	3.2
3.81	3.2	3.2	2.4	2.4	3.2
3.812	4	3.2	3.2	3.2	3.2
3.814	3.2	3.2	3.2	3.2	3.2
3.816	3.2	4	2.4	2.4	3.2
3.818	3.2	4	2.4	3.2	3.2
3.82	3.2	4	3.2	2.4	2.4
3.822	4	4	3.2	4	2.4
3.824	4	4	3.2	3.2	2.4
3.826	3.2	3.2	3.2	3.2	3.2
3.828	4	3.2	3.2	2.4	3.2
3.83	4	3.2	3.2	3.2	3.2
3.832	4	3.2	2.4	4	2.4
3.834	3.2	4	2.4	2.4	3.2
3.836	3.2	4	2.4	3.2	2.4
3.838	3.2	4	2.4	2.4	3.2
3.84	4	3.2	2.4	2.4	3.2
3.842	4.8	4	3.2	3.2	2.4
3.844	4	4	3.2	3.2	2.4
3.846	4	3.2	3.2	2.4	3.2
3.848	3.2	3.2	2.4	2.4	4
3.85	3.2	4	2.4	3.2	3.2
3.852	3.2	4	2.4	2.4	2.4
3.854	4	4	2.4	3.2	3.2
3.856	3.2	3.2	4	3.2	2.4
3.858	4	3.2	3.2	2.4	3.2
3.86	3.2	3.2	3.2	3.2	3.2
3.862	4	4.8	2.4	2.4	3.2
3.864	3.2	3.2	3.2	3.2	3.2
3.866	4.8	3.2	3.2	2.4	3.2
3.868	3.2	4	2.4	3.2	2.4
3.87	3.2	3.2	2.4	2.4	1.6
3.872	4	4	3.2	2.4	3.2
3.874	4	4	2.4	4	3.2
3.876	4	3.2	3.2	3.2	2.4
3.878	3.2	3.2	3.2	3.2	2.4
3.88	3.2	3.2	2.4	2.4	2.4
3.882	4	3.2	2.4	2.4	3.2
3.884	4	4	3.2	3.2	3.2
3.886	3.2	3.2	3.2	2.4	2.4
3.888	3.2	3.2	3.2	2.4	3.2
3.89	3.2	3.2	2.4	3.2	3.2
3.892	4	4	2.4	2.4	2.4
3.894	2.4	3.2	3.2	2.4	3.2
3.896	3.2	3.2	3.2	3.2	3.2
3.898	3.2	4	3.2	2.4	3.2
3.9	3.2	4	2.4	3.2	2.4
3.902	4	3.2	3.2	2.4	3.2
3.904	3.2	3.2	3.2	3.2	3.2
3.906	4.8	4	2.4	3.2	3.2
3.908	2.4	3.2	2.4	3.2	2.4
3.91	2.4	4	2.4	3.2	2.4
3.912	3.2	3.2	1.6	3.2	3.2
3.914	4	3.2	3.2	3.2	3.2
3.916	4	2.4	3.2	3.2	3.2
3.918	3.2	3.2	3.2	3.2	2.4
3.92	3.2	4	3.2	2.4	3.2
3.922	3.2	3.2	3.2	2.4	2.4
3.924	4	3.2	2.4	3.2	2.4
3.926	4	3.2	2.4	3.2	3.2
3.928	3.2	4	3.2	4	2.4
3.93	3.2	3.2	4	2.4	4
3.932	3.2	4	3.2	2.4	3.2
3.934	3.2	4	3.2	2.4	3.2
3.936	4	3.2	2.4	3.2	3.2
3.938	3.2	4	3.2	3.2	3.2
3.94	3.2	3.2	3.2	3.2	3.2
3.942	3.2	3.2	3.2	2.4	3.2
3.944	4	4	3.2	3.2	3.2
3.946	3.2	4	2.4	3.2	3.2
3.948	4	4	4	4	2.4
3.95	3.2	3.2	3.2	2.4	3.2
3.952	3.2	3.2	3.2	3.2	3.2
3.954	3.2	4	2.4	3.2	3.2
3.956	4.8	4	2.4	2.4	3.2
3.958	3.2	4	2.4	3.2	3.2
3.96	3.2	2.4	3.2	2.4	3.2
3.962	4	3.2	2.4	3.2	2.4
3.964	3.2	3.2	2.4	3.2	3.2
3.966	4	3.2	2.4	3.2	3.2
3.968	3.2	4	1.6	3.2	2.4
3.97	4	4	3.2	4	3.2
3.972	3.2	4	2.4	3.2	4
3.974	3.2	4	3.2	2.4	3.2
3.976	4	4	2.4	2.4	2.4
3.978	4	4	2.4	3.2	2.4
3.98	3.2	4	2.4	3.2	2.4
3.982	4	3.2	2.4	3.2	3.2
3.984	3.2	3.2	3.2	2.4	4
3.986	3.2	3.2	2.4	3.2	4
3.988	3.2	4.8	2.4	3.2	3.2
3.99	3.2	3.2	2.4	3.2	3.2
3.992	3.2	3.2	3.2	2.4	2.4
3.994	3.2	3.2	3.2	3.2	3.2
3.996	4	3.2	2.4	3.2	3.2
3.998	4	4.8	2.4	3.2	2.4
4	4	2.4	1.6	3.2	2.4
4.002	3.2	3.2	2.4	2.4	3.2
4.004	4	3.2	3.2	2.4	3.2
4.006	3.2	4	3.2	2.4	2.4
4.008	4	3.2	2.4	2.4	3.2
4.01	4	3.2	2.4	2.4	3.2
4.012	3.2	4	2.4	3.2	3.2
4.014	3.2	3.2	3.2	2.4	2.4
4.016	4	4	2.4	2.4	3.2
4.018	4	4	2.4	3.2	3.2
4.02	4	4	2.4	2.4	2.4
4.022	4	3.2	3.2	3.2	3.2
4.024	4	4	3.2	3.2	3.2
4.026	3.2	3.2	3.2	3.2	4
4.028	3.2	3.2	3.2	3.2	4
4.03	4	3.2	2.4	2.4	3.2
4.032	4	4	2.4	2.4	2.4
4.034	3.2	3.2	3.2	2.4	3.2
4.036	3.2	3.2	3.2	2.4	4
4.038	3.2	3.2	3.2	3.2	3.2
4.04	3.2	3.2	2.4	3.2	3.2
4.042	4	4	3.2	2.4	2.4
4.044	4	3.2	3.2	3.2	3.2
4.046	3.2	4	3.2	2.4	2.4
4.048	3.2	3.2	3.2	3.2	3.2
4.05	4	3.2	2.4	3.2	2.4
4.052	4	4	3.2	2.4	2.4
4.054	3.2	4	2.4	2.4	2.4
4.056	3.2	4	2.4	2.4	3.2
4.058	3.2	3.2	3.2	3.2	2.4
4.06	4	3.2	3.2	2.4	4
4.062	3.2	4	4	2.4	3.2
4.064	4	3.2	3.2	2.4	3.2
4.066	3.2	4	2.4	2.4	2.4
4.068	3.2	4	4	2.4	3.2
4.07	3.2	3.2	3.2	2.4	3.2
4.072	3.2	3.2	2.4	3.2	3.2
4.074	4	4	2.4	3.2	3.2
4.076	3.2	4	2.4	3.2	3.2
4.078	3.2	4	3.2	3.2	3.2
4.08	3.2	3.2	3.2	2.4	2.4
4.082	3.2	4	3.2	3.2	3.2
4.084	4	3.2	2.4	2.4	3.2
4.086	4	3.2	2.4	3.2	4
4.088	3.2	4	3.2	2.4	4
4.09	4	3.2	3.2	3.2	2.4
4.092	4	3.2	3.2	3.2	3.2
4.094	3.2	4	2.4	3.2	3.2
4.096	4	3.2	2.4	2.4	4
4.098	3.2	4	2.4	2.4	3.2
4.1	4.8	3.2	3.2	3.2	3.2
4.102	3.2	4	3.2	2.4	3.2
4.104	3.2	3.2	2.4	3.2	2.4
4.106	3.2	4	2.4	2.4	3.2
4.108	3.2	4	3.2	3.2	2.4
4.11	3.2	3.2	3.2	3.2	4
4.112	3.2	3.2	3.2	2.4	2.4
4.114	3.2	4	3.2	4	3.2
4.116	4	3.2	2.4	4	3.2
4.118	3.2	3.2	2.4	2.4	3.2
4.12	4	4	3.2	3.2	2.4
4.122	2.4	3.2	2.4	3.2	2.4
4.124	3.2	4	3.2	2.4	3.2
4.126	2.4	3.2	3.2	3.2	3.2
4.128	4	3.2	3.2	3.2	3.2
4.13	3.2	4	3.2	3.2	3.2
4.132	3.2	3.2	2.4	3.2	3.2
4.134	3.2	3.2	2.4	2.4	3.2
4.136	4	3.2	3.2	3.2	3.2
4.138	4	3.2	2.4	2.4	3.2
4.14	4	3.2	3.2	3.2	3.2
4.142	3.2	3.2	2.4	3.2	2.4
4.144	4	4	3.2	2.4	3.2
4.146	4	4	2.4	3.2	3.2
4.148	4	3.2	3.2	2.4	3.2
4.15	4	3.2	3.2	2.4	3.2
4.152	3.2	3.2	3.2	2.4	2.4
4.154	3.2	4	3.2	2.4	1.6
4.156	3.2	4	2.4	3.2	3.2
4.158	4	4	2.4	3.2	2.4
4.16	4	3.2	3.2	3.2	3.2
4.162	3.2	4	3.2	2.4	2.4
4.164	4	4	4	3.2	4
4.166	4	3.2	3.2	2.4	2.4
4.168	3.2	4	3.2	3.2	3.2
4.17	3.2	3.2	2.4	2.4	3.2
4.172	4	4	3.2	2.4	3.2
4.174	3.2	4	2.4	2.4	3.2
4.176	4	3.2	2.4	2.4	3.2
4.178	4	3.2	3.2	2.4	2.4
4.18	4	4	3.2	3.2	3.2
4.182	4	3.2	3.2	2.4	2.4
4.184	3.2	3.2	3.2	3.2	2.4
4.186	3.2	4	3.2	3.2	3.2
4.188	4	3.2	1.6	2.4	4
4.19	3.2	3.2	2.4	3.2	2.4
4.192	2.4	3.2	3.2	3.2	3.2
4.194	4	4	2.4	1.6	4
4.196	3.2	4	1.6	2.4	3.2
4.198	3.2	4	3.2	3.2	2.4
4.2	4	3.2	3.2	2.4	2.4
4.202	3.2	3.2	4	2.4	3.2
4.204	4	4	2.4	3.2	3.2
4.206	3.2	4	1.6	3.2	3.2
4.208	4	3.2	2.4	2.4	3.2
4.21	4	4	1.6	2.4	3.2
4.212	3.2	3.2	2.4	3.2	2.4
4.214	4	4.8	2.4	2.4	3.2
4.216	3.2	4	3.2	3.2	3.2
4.218	4	3.2	2.4	2.4	2.4
4.22	3.2	4	3.2	3.2	2.4
4.222	4	4	2.4	3.2	3.2
4.224	3.2	4	3.2	2.4	3.2
4.226	4	3.2	3.2	2.4	2.4
4.228	3.2	4.8	2.4	3.2	3.2
4.23	4	3.2	2.4	2.4	4
4.232	3.2	3.2	2.4	2.4	3.2
4.234	4	3.2	3.2	2.4	3.2
4.236	4	3.2	2.4	3.2	2.4
4.238	3.2	3.2	2.4	3.2	3.2
4.24	4	4	2.4	2.4	3.2
4.242	4	4	2.4	2.4	3.2
4.244	3.2	4.8	3.2	3.2	2.4
4.246	3.2	4	3.2	2.4	3.2
4.248	3.2	3.2	2.4	3.2	4
4.25	4	4	3.2	2.4	2.4
4.252	4	3.2	3.2	3.2	3.2
4.254	3.2	3.2	3.2	2.4	2.4
4.256	3.2	4	3.2	3.2	3.2
4.258	3.2	3.2	3.2	3.2	2.4
4.26	3.2	4	2.4	3.2	2.4
4.262	4	3.2	2.4	3.2	3.2
4.264	3.2	3.2	3.2	2.4	3.2
4.266	3.2	4	3.2	3.2	2.4
4.268	3.2	3.2	3.2	3.2	3.2
4.27	3.2	4	2.4	3.2	3.2
4.272	4	4	2.4	2.4	3.2
4.274	4	2.4	3.2	3.2	3.2
4.276	3.2	3.2	3.2	3.2	2.4
4.278	3.2	3.2	3.2	3.2	3.2
4.28	4	4	3.2	2.4	3.2
4.282	1.6	3.2	2.4	2.4	2.4
4.284	3.2	3.2	2.4	4	2.4
4.286	3.2	3.2	3.2	3.2	3.2
4.288	3.2	4	2.4	2.4	3.2
4.29	3.2	4	4	3.2	3.2
4.292	4	3.2	3.2	2.4	3.2
4.294	3.2	3.2	3.2	3.2	2.4
4.296	3.2	3.2	3.2	3.2	3.2
4.298	3.2	3.2	3.2	3.2	4.8
4.3	4	3.2	3.2	3.2	3.2
4.302	3.2	3.2	3.2	2.4	3.2
4.304	3.2	3.2	3.2	2.4	3.2
4.306	3.2	3.2	3.2	3.2	4
4.308	3.2	3.2	3.2	3.2	2.4
4.31	4	3.2	3.2	3.2	3.2
4.312	3.2	4	3.2	2.4	3.2
4.314	3.2	4	2.4	2.4	2.4
4.316	4	3.2	3.2	2.4	2.4
4.318	3.2	3.2	2.4	2.4	3.2
4.32	4.8	3.2	3.2	2.4	3.2
4.322	4	3.2	2.4	2.4	3.2
4.324	3.2	3.2	3.2	3.2	2.4
4.326	3.2	4	3.2	3.2	2.4
4.328	3.2	3.2	2.4	2.4	2.4
4.33	4	4	3.2	2.4	3.2
4.332	4	3.2	3.2	2.4	3.2
4.334	3.2	4	2.4	3.2	2.4
4.336	4	4	3.2	2.4	3.2
4.338	3.2	4	2.4	3.2	2.4
4.34	3.2	4	2.4	3.2	3.2
4.342	3.2	4	2.4	2.4	3.2
4.344	4	3.2	2.4	3.2	3.2
4.346	3.2	4	2.4	3.2	2.4
4.348	4	3.2	3.2	3.2	3.2
4.35	4	4	2.4	2.4	3.2
4.352	3.2	2.4	3.2	2.4	3.2
4.354	4	3.2	2.4	2.4	3.2
4.356	3.2	3.2	3.2	3.2	3.2
4.358	4	3.2	3.2	3.2	2.4
4.36	4	3.2	2.4	2.4	2.4
4.362	3.2	4	2.4	2.4	3.2
4.364	4	3.2	3.2	3.2	3.2
4.366	3.2	3.2	3.2	2.4	3.2
4.368	4	4	3.2	4	4
4.37	3.2	4	2.4	2.4	3.2
4.372	4	3.2	2.4	3.2	3.2
4.374	4	4	3.2	2.4	3.2
4.376	3.2	4	3.2	3.2	4
4.378	4	4	2.4	3.2	3.2
4.38	4	4	2.4	2.4	3.2
4.382	3.2	2.4	2.4	3.2	3.2
4.384	4	2.4	3.2	2.4	2.4
4.386	3.2	4	2.4	2.4	4
4.388	3.2	4	3.2	3.2	3.2
4.39	2.4	3.2	3.2	1.6	3.2
4.392	4	3.2	2.4	3.2	3.2
4.394	3.2	4	3.2	2.4	2.4
4.396	3.2	4	3.2	3.2	3.2
4.398	3.2	3.2	2.4	3.2	3.2
4.4	3.2	4	3.2	3.2	3.2
4.402	3.2	4	3.2	3.2	3.2
4.404	4	4	2.4	2.4	3.2
4.406	4	3.2	2.4	3.2	3.2
4.408	3.2	3.2	3.2	3.2	3.2
4.41	4	4	3.2	3.2	2.4
4.412	4	3.2	2.4	3.2	3.2
4.414	4	3.2	3.2	2.4	3.2
4.416	3.2	3.2	3.2	4	3.2
4.418	4	4	3.2	3.2	2.4
4.42	4	4	3.2	3.2	3.2
4.422	3.2	4	2.4	3.2	2.4
4.424	4	4	2.4	2.4	4
4.426	4	4	2.4	2.4	3.2
4.428	3.2	3.2	3.2	3.2	3.2
4.43	3.2	3.2	3.2	3.2	3.2
4.432	3.2	3.2	2.4	2.4	3.2
4.434	3.2	3.2	3.2	3.2	3.2
4.436	4	4	3.2	2.4	3.2
4.438	3.2	4	2.4	2.4	2.4
4.44	2.4	4	3.2	3.2	3.2
4.442	3.2	3.2	3.2	3.2	3.2
4.444	3.2	4	2.4	2.4	2.4
4.446	3.2	3.2	2.4	2.4	2.4
4.448	4	3.2	3.2	3.2	3.2
4.45	3.2	4	2.4	3.2	3.2
4.452	4	4	3.2	3.2	3.2
4.454	4	4	2.4	3.2	3.2
4.456	4	4	2.4	3.2	3.2
4.458	4	3.2	1.6	4	3.2
4.46	4	2.4	2.4	3.2	3.2
4.462	3.2	3.2	3.2	3.2	3.2
4.464	4	3.2	3.2	3.2	2.4
4.466	3.2	4	3.2	3.2	2.4
4.468	4	3.2	2.4	2.4	3.2
4.47	3.2	4	3.2	2.4	2.4
4.472	2.4	3.2	3.2	4	2.4
4.474	3.2	3.2	2.4	2.4	4
4.476	4	4	2.4	3.2	3.2
4.478	4	4	3.2	2.4	3.2
4.48	3.2	3.2	3.2	2.4	4
4.482	4	4	4	4	3.2
4.484	3.2	3.2	3.2	3.2	3.2
4.486	3.2	4	2.4	3.2	3.2
4.488	4	3.2	3.2	2.4	3.2
4.49	4	3.2	2.4	3.2	4
4.492	3.2	3.2	3.2	3.2	4
4.494	3.2	3.2	3.2	3.2	3.2
4.496	4	4	2.4	3.2	3.2
4.498	4	4	2.4	2.4	2.4
4.5	4	4	3.2	2.4	2.4
4.502	4	3.2	3.2	3.2	3.2
4.504	3.2	4	4	3.2	4
4.506	3.2	4	3.2	2.4	2.4
4.508	4	3.2	2.4	2.4	3.2
4.51	4	4	3.2	4	1.6
4.512	3.2	3.2	3.2	3.2	3.2
4.514	4	4	2.4	3.2	3.2
4.516	3.2	4	2.4	2.4	3.2
4.518	4	3.2	3.2	3.2	3.2
4.52	4	4	3.2	3.2	3.2
4.522	4	3.2	1.6	3.2	3.2
4.524	3.2	3.2	2.4	3.2	3.2
4.526	4	4.8	3.2	2.4	2.4
4.528	3.2	3.2	2.4	2.4	4
4.53	3.2	4	3.2	2.4	3.2
4.532	4	3.2	2.4	3.2	2.4
4.534	3.2	3.2	3.2	3.2	3.2
4.536	4	3.2	3.2	2.4	3.2
4.538	3.2	4	2.4	2.4	2.4
4.54	3.2	4	2.4	3.2	3.2
4.542	4	4	3.2	3.2	3.2
4.544	3.2	4	3.2	3.2	3.2
4.546	4	4	2.4	3.2	4
4.548	3.2	3.2	2.4	2.4	3.2
4.55	4	3.2	2.4	2.4	2.4
4.552	4	4	3.2	3.2	2.4
4.554	4.8	3.2	3.2	2.4	2.4
4.556	3.2	3.2	3.2	3.2	3.2
4.558	4	3.2	2.4	2.4	3.2
4.56	4	3.2	3.2	3.2	2.4
4.562	4	4.8	0.8	3.2	3.2
4.564	3.2	3.2	3.2	2.4	2.4
4.566	3.2	4	3.2	4	3.2
4.568	3.2	3.2	3.2	2.4	3.2
4.57	3.2	4	2.4	3.2	3.2
4.572	4	3.2	2.4	2.4	3.2
4.574	4	4	3.2	3.2	-102.4
4.576	4	3.2	3.2	3.2	-102.4
4.578	3.2	3.2	2.4	2.4	-102.4
4.58	3.2	3.2	3.2	3.2	-102.4
4.582	4	3.2	3.2	3.2	-102.4
4.584	4	4	2.4	3.2	-102.4
4.586	4	3.2	2.4	2.4	-102.4
4.588	3.2	3.2	2.4	3.2	-102.4
4.59	3.2	3.2	3.2	2.4	-102.4
4.592	3.2	4	3.2	3.2	-102.4
4.594	4	3.2	3.2	2.4	-102.4
4.596	3.2	4	3.2	4	-102.4
4.598	3.2	3.2	2.4	3.2	-102.4
4.6	3.2	3.2	3.2	2.4	-102.4
4.602	4	3.2	3.2	3.2	-102.4
4.604	4	4	2.4	2.4	-102.4
4.606	3.2	4	3.2	2.4	-102.4
4.608	3.2	3.2	3.2	2.4	-102.4
4.61	3.2	3.2	3.2	2.4	-102.4
4.612	4	3.2	2.4	1.6	-102.4
4.614	3.2	3.2	2.4	3.2	-102.4
4.616	3.2	3.2	3.2	2.4	-102.4
4.618	4	3.2	3.2	2.4	-102.4
4.62	4	4	4	3.2	-102.4
4.622	4	3.2	2.4	2.4	-102.4
4.624	4	4	3.2	3.2	-102.4
4.626	4	3.2	2.4	2.4	-102.4
4.628	4	3.2	2.4	3.2	-102.4
4.63	4	4	3.2	3.2	-102.4
4.632	4	3.2	2.4	3.2	-102.4
4.634	3.2	2.4	2.4	3.2	-102.4
4.636	3.2	3.2	3.2	2.4	-102.4
4.638	3.2	4	3.2	3.2	-102.4
4.64	4	4	3.2	2.4	-102.4
4.642	4	3.2	2.4	2.4	-102.4
4.644	3.2	2.4	3.2	3.2	-102.4
4.646	4	4	3.2	2.4	-102.4
4.648	4	3.2	3.2	2.4	-102.4
4.65	3.2	3.2	2.4	3.2	-102.4
4.652	4	3.2	2.4	1.6	-102.4
4.654	4	3.2	2.4	3.2	-102.4
4.656	3.2	3.2	2.4	3.2	-102.4
4.658	3.2	3.2	3.2	3.2	-102.4
4.66	4	4	3.2	2.4	-102.4
4.662	4	4	3.2	2.4	-102.4
4.664	3.2	3.2	3.2	4	-102.4
4.666	3.2	3.2	2.4	3.2	-102.4
4.668	3.2	4	3.2	2.4	-102.4
4.67	3.2	3.2	3.2	2.4	-102.4
4.672	3.2	4.8	3.2	2.4	-102.4
4.674	2.4	3.2	3.2	3.2	-102.4
4.676	3.2	4	3.2	2.4	-102.4
4.678	3.2	3.2	3.2	4	-102.4
4.68	3.2	3.2	3.2	3.2	-102.4
4.682	4	4.8	4	1.6	-102.4
4.684	4	3.2	2.4	2.4	-102.4
4.686	3.2	4	2.4	3.2	-102.4
4.688	3.2	3.2	2.4	2.4	-102.4
4.69	4	3.2	2.4	3.2	-102.4
4.692	4	3.2	3.2	3.2	-102.4
4.694	4	3.2	2.4	3.2	-102.4
4.696	3.2	4	3.2	3.2	-102.4
4.698	4	3.2	2.4	2.4	-102.4
4.7	3.2	3.2	3.2	2.4	-102.4
4.702	4.8	4	3.2	4	-102.4
4.704	4	3.2	3.2	3.2	-102.4
4.706	3.2	4	3.2	3.2	-102.4
4.708	3.2	3.2	2.4	3.2	-102.4
4.71	4	4	2.4	4	-102.4
4.712	4	4	3.2	3.2	-102.4
4.714	4	4	2.4	2.4	-102.4
4.716	3.2	4	3.2	3.2	-102.4
4.718	3.2	4	2.4	3.2	-102.4
4.72	3.2	4	2.4	2.4	-102.4
4.722	4	3.2	3.2	2.4	-102.4
4.724	4	2.4	4	3.2	-102.4
4.726	2.4	4	3.2	2.4	-102.4
4.728	3.2	3.2	2.4	3.2	-102.4
4.73	4	4	2.4	3.2	-102.4
4.732	4	3.2	2.4	2.4	-102.4
4.734	4	3.2	3.2	3.2	-102.4
4.736	3.2	3.2	4	2.4	-102.4
4.738	3.2	4	3.2	3.2	-102.4
4.74	3.2	4	2.4	3.2	-102.4
4.742	3.2	4	2.4	3.2	-102.4
4.744	3.2	3.2	2.4	3.2	-102.4
4.746	4	3.2	2.4	2.4	-102.4
4.748	3.2	2.4	3.2	2.4	-102.4
4.75	3.2	3.2	3.2	2.4	-102.4
4.752	4	3.2	2.4	2.4	-102.4
4.754	3.2	4	1.6	3.2	-102.4
4.756	3.2	3.2	2.4	1.6	-102.4
4.758	3.2	4	3.2	3.2	-102.4
4.76	4	4	2.4	2.4	-102.4
4.762	3.2	4	3.2	1.6	-102.4
4.764	3.2	4	2.4	2.4	-102.4
4.766	4	3.2	3.2	2.4	-102.4
4.768	4	3.2	3.2	3.2	-102.4
4.77	3.2	3.2	2.4	3.2	-102.4
4.772	3.2	4	3.2	2.4	-102.4
4.774	3.2	4	2.4	3.2	-102.4
4.776	3.2	4	2.4	3.2	-102.4
4.778	3.2	4	3.2	2.4	-102.4
4.78	4	4	2.4	3.2	-102.4
4.782	4	3.2	2.4	3.2	-102.4
4.784	2.4	4	2.4	2.4	-102.4
4.786	4	3.2	3.2	3.2	-102.4
4.788	3.2	3.2	3.2	2.4	-102.4
4.79	3.2	3.2	2.4	2.4	-102.4
4.792	3.2	2.4	3.2	2.4	-102.4
4.794	3.2	3.2	3.2	2.4	-102.4
4.796	3.2	3.2	2.4	2.4	-102.4
4.798	3.2	3.2	1.6	3.2	-102.4
4.8	3.2	2.4	2.4	3.2	-102.4
4.802	3.2	3.2	3.2	3.2	-102.4
4.804	4	4	3.2	3.2	-102.4
4.806	3.2	3.2	2.4	2.4	-102.4
4.808	3.2	3.2	2.4	3.2	-102.4
4.81	4	3.2	3.2	3.2	-102.4
4.812	4	4	2.4	3.2	-102.4
4.814	3.2	3.2	3.2	2.4	-102.4
4.816	4	4	3.2	3.2	-102.4
4.818	4	4	3.2	2.4	-102.4
4.82	4	3.2	3.2	4	-102.4
4.822	4.8	3.2	3.2	3.2	-102.4
4.824	3.2	4	3.2	2.4	-102.4
4.826	4	4	2.4	3.2	-102.4
4.828	3.2	3.2	3.2	2.4	-102.4
4.83	3.2	3.2	3.2	3.2	-102.4
4.832	3.2	4	2.4	3.2	-102.4
4.834	4	3.2	3.2	3.2	-102.4
4.836	4	3.2	3.2	2.4	-102.4
4.838	3.2	4	3.2	2.4	-102.4
4.84	3.2	3.2	3.2	3.2	-102.4
4.842	4	3.2	3.2	3.2	-102.4
4.844	4	3.2	3.2	2.4	-102.4
4.846	3.2	4	3.2	2.4	-102.4
4.848	4	4	2.4	3.2	-102.4
4.85	3.2	3.2	1.6	2.4	-102.4
4.852	3.2	3.2	2.4	3.2	-102.4
4.854	4	3.2	2.4	3.2	-102.4
4.856	3.2	3.2	2.4	2.4	-102.4
4.858	4	3.2	3.2	4	-102.4
4.86	3.2	3.2	3.2	-102.4	-102.4
4.862	2.4	4	2.4	-102.4	-102.4
4.864	4	4	3.2	-102.4	-102.4
4.866	3.2	3.2	3.2	-102.4	-102.4
4.868	4	2.4	3.2	-102.4	-102.4
4.87	4	3.2	2.4	-102.4	-102.4
4.872	3.2	3.2	3.2	-102.4	-102.4
4.874	3.2	4	3.2	-102.4	-102.4
4.876	4	3.2	3.2	-102.4	-102.4
4.878	4	3.2	3.2	-102.4	-102.4
4.88	3.2	3.2	3.2	-102.4	-102.4
4.882	4	3.2	3.2	-102.4	-102.4
4.884	4	3.2	3.2	-102.4	-102.4
4.886	4	4	3.2	-102.4	-102.4
4.888	3.2	3.2	3.2	-102.4	-102.4
4.89	3.2	-102.4	3.2	-102.4	-102.4
4.892	2.4	-102.4	3.2	-102.4	-102.4
4.894	4	-102.4	3.2	-102.4	-102.4
4.896	3.2	-102.4	3.2	-102.4	-102.4
4.898	4	-102.4	2.4	-102.4	-102.4
4.9	4	-102.4	2.4	-102.4	-102.4
4.902	3.2	-102.4	2.4	-102.4	-102.4
4.904	3.2	-102.4	3.2	-102.4	-102.4
4.906	4	-102.4	2.4	-102.4	-102.4
4.908	3.2	-102.4	2.4	-102.4	-102.4
4.91	3.2	-102.4	4	-102.4	-102.4
4.912	4	-102.4	3.2	-102.4	-102.4
4.914	4	-102.4	2.4	-102.4	-102.4
4.916	3.2	-102.4	3.2	-102.4	-102.4
4.918	4	-102.4	3.2	-102.4	-102.4
4.92	4	-102.4	2.4	-102.4	-102.4
4.922	3.2	-102.4	2.4	-102.4	-102.4
4.924	4	-102.4	3.2	-102.4	-102.4
4.926	3.2	-102.4	3.2	-102.4	-102.4
4.928	3.2	-102.4	3.2	-102.4	-102.4
4.93	3.2	-102.4	2.4	-102.4	-102.4
4.932	3.2	-102.4	2.4	-102.4	-102.4
4.934	4	-102.4	3.2	-102.4	-102.4
4.936	3.2	-102.4	2.4	-102.4	-102.4
4.938	4	-102.4	2.4	-102.4	-102.4
4.94	3.2	-102.4	1.6	-102.4	-102.4
4.942	4.8	-102.4	3.2	-102.4	-102.4
4.944	3.2	-102.4	3.2	-102.4	-102.4
4.946	2.4	-102.4	2.4	-102.4	-102.4
4.948	3.2	-102.4	1.6	-102.4	-102.4
4.95	3.2	-102.4	3.2	-102.4	-102.4
4.952	3.2	-102.4	3.2	-102.4	-102.4
4.954	3.2	-102.4	2.4	-102.4	-102.4
4.956	3.2	-102.4	3.2	-102.4	-102.4
4.958	3.2	-102.4	1.6	-102.4	-102.4
4.96	3.2	-102.4	3.2	-102.4	-102.4
4.962	4	-102.4	3.2	-102.4	-102.4
4.964	4	-102.4	3.2	-102.4	-102.4
4.966	3.2	-102.4	3.2	-102.4	-102.4
4.968	3.2	-102.4	3.2	-102.4	-102.4
4.97	4	-102.4	4	-102.4	-102.4
4.972	3.2	-102.4	2.4	-102.4	-102.4
4.974	3.2	-102.4	3.2	-102.4	-102.4
4.976	4	-102.4	3.2	-102.4	-102.4
4.978	3.2	-102.4	3.2	-102.4	-102.4
4.98	3.2	-102.4	3.2	-102.4	-102.4
4.982	3.2	-102.4	3.2	-102.4	-102.4
4.984	4	-102.4	3.2	-102.4	-102.4
4.986	4	-102.4	2.4	-102.4	-102.4
4.988	3.2	-102.4	3.2	-102.4	-102.4
4.99	3.2	-102.4	3.2	-102.4	-102.4
4.992	3.2	-102.4	2.4	-102.4	-102.4
4.994	3.2	-102.4	2.4	-102.4	-102.4
4.996	4	-102.4	3.2	-102.4	-102.4
4.998	4	-102.4	3.2	-102.4	-102.4
