Time	1st	2nd	3rd	4th	5th
0	3.2	-102.4	-102.4	-102.4	-102.4
0.002	2.4	-102.4	-102.4	-102.4	-102.4
0.004	2.4	-102.4	-102.4	-102.4	-102.4
0.006	3.2	-102.4	-102.4	-102.4	-102.4
0.008	2.4	-102.4	-102.4	-102.4	-102.4
0.01	2.4	-102.4	-102.4	-102.4	-102.4
0.012	3.2	-102.4	-102.4	-102.4	-102.4
0.014	3.2	-102.4	-102.4	-102.4	-102.4
0.016	2.4	-102.4	-102.4	-102.4	-102.4
0.018	2.4	-102.4	-102.4	-102.4	-102.4
0.02	3.2	-102.4	-102.4	-102.4	-102.4
0.022	3.2	-102.4	-102.4	-102.4	-102.4
0.024	2.4	-102.4	-102.4	-102.4	-102.4
0.026	3.2	-102.4	-102.4	-102.4	-102.4
0.028	3.2	-102.4	-102.4	-102.4	-102.4
0.03	3.2	-102.4	-102.4	-102.4	-102.4
0.032	3.2	-102.4	-102.4	-102.4	-102.4
0.034	3.2	-102.4	-102.4	-102.4	-102.4
0.036	2.4	-102.4	-102.4	-102.4	-102.4
0.038	2.4	-102.4	-102.4	-102.4	-102.4
0.04	2.4	-102.4	-102.4	-102.4	-102.4
0.042	3.2	-102.4	-102.4	-102.4	-102.4
0.044	3.2	-102.4	-102.4	-102.4	-102.4
0.046	3.2	-102.4	-102.4	-102.4	-102.4
0.048	3.2	-102.4	-102.4	-102.4	-102.4
0.05	3.2	4	-102.4	-102.4	-102.4
0.052	2.4	4	-102.4	-102.4	-102.4
0.054	2.4	3.2	-102.4	-102.4	-102.4
0.056	2.4	4	-102.4	-102.4	-102.4
0.058	3.2	4.8	-102.4	-102.4	4
0.06	3.2	4.8	-102.4	-102.4	4
0.062	2.4	4	-102.4	-102.4	3.2
0.064	2.4	4	-102.4	-102.4	4
0.066	2.4	4	-102.4	-102.4	4
0.068	2.4	4.8	-102.4	-102.4	4
0.07	2.4	4.8	-102.4	-102.4	4
0.072	2.4	4	-102.4	-102.4	4
0.074	3.2	4	-102.4	-102.4	4.8
0.076	3.2	4	-102.4	-102.4	4
0.078	3.2	4	-102.4	-102.4	4
0.08	3.2	4.8	-102.4	-102.4	4
0.082	3.2	4	-102.4	-102.4	4
0.084	3.2	4	-102.4	-102.4	4.8
0.086	3.2	4	-102.4	-102.4	4
0.088	2.4	4	-102.4	-102.4	4
0.09	3.2	4	-102.4	-102.4	4
0.092	3.2	4	-102.4	-102.4	4
0.094	2.4	4	-102.4	-102.4	4
0.096	2.4	4	-102.4	-102.4	4
0.098	-102.4	3.2	-102.4	-102.4	4
0.1	-102.4	4.8	-102.4	-102.4	4
0.102	-102.4	4.8	-102.4	-102.4	4
0.104	-102.4	4.8	-102.4	-102.4	4
0.106	-102.4	4	-102.4	-102.4	4
0.108	-102.4	4.8	-102.4	-102.4	4
0.11	-102.4	4	-102.4	-102.4	4
0.112	-102.4	4	-102.4	-102.4	4
0.114	-102.4	4.8	-102.4	-102.4	4
0.116	-102.4	4.8	-102.4	-102.4	4
0.118	-102.4	4	-102.4	-102.4	4
0.12	-102.4	3.2	-102.4	-102.4	4
0.122	-102.4	5.6	-102.4	-102.4	4
0.124	-102.4	4	-102.4	-102.4	3.2
0.126	-102.4	4.8	-102.4	-102.4	4
0.128	-102.4	4	-102.4	-102.4	3.2
0.13	-102.4	4.8	-102.4	-102.4	3.2
0.132	-102.4	4.8	-102.4	-102.4	4
0.134	-102.4	4	-102.4	-102.4	4
0.136	-102.4	4	-102.4	-102.4	4
0.138	-102.4	4	-102.4	-102.4	4
0.14	-102.4	5.6	-102.4	-102.4	4
0.142	-102.4	4	-102.4	-102.4	4
0.144	-102.4	4	-102.4	-102.4	3.2
0.146	-102.4	4	-102.4	-102.4	4
0.148	-102.4	4.8	-102.4	-102.4	4.8
0.15	-102.4	4.8	-102.4	-102.4	4
0.152	-102.4	4.8	-102.4	-102.4	4
0.154	-102.4	4	-102.4	-102.4	4
0.156	-102.4	4.8	-102.4	-102.4	4
0.158	-102.4	4.8	-102.4	-102.4	4
0.16	-102.4	4	-102.4	-102.4	4
0.162	-102.4	4	-102.4	-102.4	4
0.164	-102.4	4	-102.4	-102.4	4
0.166	-102.4	4	-102.4	-102.4	4
0.168	-102.4	4.8	-102.4	-102.4	3.2
0.17	-102.4	4	-102.4	-102.4	4
0.172	-102.4	4.8	-102.4	-102.4	4
0.174	-102.4	4	-102.4	-102.4	4
0.176	-102.4	4.8	-102.4	-102.4	3.2
0.178	-102.4	4.8	-102.4	-102.4	4
0.18	-102.4	4.8	-102.4	-102.4	4
0.182	-102.4	4	-102.4	-102.4	4.8
0.184	-102.4	4	-102.4	-102.4	4
0.186	-102.4	4.8	-102.4	-102.4	4
0.188	-102.4	4	-102.4	-102.4	4
0.19	-102.4	4.8	-102.4	-102.4	4
0.192	-102.4	4	-102.4	-102.4	4
0.194	-102.4	4.8	-102.4	-102.4	4
0.196	-102.4	4	-102.4	-102.4	4
0.198	-102.4	4.8	-102.4	-102.4	4
0.2	-102.4	4	-102.4	-102.4	4
0.202	-102.4	4.8	-102.4	-102.4	4
0.204	-102.4	4.8	-102.4	-102.4	4
0.206	-102.4	4	-102.4	-102.4	4
0.208	-102.4	3.2	-102.4	-102.4	4
0.21	-102.4	4	-102.4	-102.4	4
0.212	-102.4	4.8	-102.4	-102.4	4
0.214	-102.4	4.8	-102.4	-102.4	4
0.216	-102.4	4	-102.4	-102.4	4
0.218	-102.4	4.8	-102.4	-102.4	4
0.22	-102.4	4	-102.4	-102.4	4
0.222	-102.4	4.8	-102.4	-102.4	4
0.224	-102.4	4	-102.4	-102.4	4
0.226	-102.4	4.8	-102.4	-102.4	3.2
0.228	-102.4	4	-102.4	-102.4	4
0.23	-102.4	4	-102.4	-102.4	3.2
0.232	-102.4	4	-102.4	-102.4	4
0.234	-102.4	4.8	-102.4	-102.4	4
0.236	-102.4	5.6	-102.4	-102.4	4
0.238	-102.4	4.8	-102.4	-102.4	4
0.24	-102.4	4.8	-102.4	-102.4	4
0.242	-102.4	4	-102.4	-102.4	4
0.244	-102.4	4	-102.4	-102.4	4
0.246	-102.4	4.8	-102.4	-102.4	4
0.248	-102.4	4.8	-102.4	-102.4	4
0.25	-102.4	4	-102.4	-102.4	3.2
0.252	-102.4	4	-102.4	-102.4	4
0.254	-102.4	4	-102.4	-102.4	3.2
0.256	-102.4	4	-102.4	-102.4	4
0.258	-102.4	4	-102.4	-102.4	4
0.26	-102.4	4	-102.4	-102.4	4
0.262	-102.4	4	-102.4	-102.4	4
0.264	-102.4	4	-102.4	-102.4	4
0.266	-102.4	4	-102.4	-102.4	4
0.268	-102.4	4.8	-102.4	-102.4	4
0.27	-102.4	4	-102.4	-102.4	4
0.272	-102.4	4	-102.4	-102.4	4
0.274	-102.4	4	-102.4	-102.4	4
0.276	-102.4	4.8	-102.4	-102.4	4
0.278	-102.4	4.8	-102.4	-102.4	4
0.28	-102.4	4.8	-102.4	-102.4	4
0.282	-102.4	4	-102.4	-102.4	4
0.284	-102.4	4.8	-102.4	-102.4	4
0.286	-102.4	4	-102.4	-102.4	4
0.288	-102.4	4	-102.4	-102.4	4
0.29	-102.4	4.8	-102.4	-102.4	3.2
0.292	-102.4	4	-102.4	-102.4	4
0.294	-102.4	4	-102.4	-102.4	4.8
0.296	-102.4	4	-102.4	-102.4	3.2
0.298	-102.4	4	-102.4	-102.4	4
0.3	-102.4	4.8	-102.4	-102.4	4
0.302	-102.4	4	-102.4	-102.4	4
0.304	-102.4	4	-102.4	-102.4	4
0.306	-102.4	4	-102.4	-102.4	4
0.308	-102.4	4	-102.4	-102.4	3.2
0.31	-102.4	4.8	-102.4	-102.4	3.2
0.312	-102.4	4.8	-102.4	-102.4	4
0.314	-102.4	4.8	-102.4	-102.4	4
0.316	-102.4	4	-102.4	-102.4	4
0.318	-102.4	4.8	-102.4	-102.4	4
0.32	-102.4	4.8	-102.4	-102.4	4
0.322	-102.4	4.8	-102.4	-102.4	4
0.324	-102.4	4	-102.4	-102.4	4
0.326	-102.4	4	-102.4	-102.4	4
0.328	-102.4	4.8	-102.4	-102.4	4
0.33	-102.4	4.8	-102.4	-102.4	4
0.332	-102.4	4.8	-102.4	-102.4	4
0.334	-102.4	4	-102.4	-102.4	4
0.336	-102.4	4.8	-102.4	-102.4	4
0.338	-102.4	4.8	-102.4	-102.4	5.6
0.34	-102.4	4.8	-102.4	-102.4	4
0.342	-102.4	4.8	-102.4	-102.4	4
0.344	-102.4	4	-102.4	-102.4	4
0.346	-102.4	4	-102.4	-102.4	4
0.348	-102.4	4.8	-102.4	-102.4	4
0.35	-102.4	4	-102.4	-102.4	4
0.352	-102.4	4	-102.4	-102.4	4
0.354	-102.4	4	-102.4	4	4
0.356	-102.4	4	-102.4	4	4
0.358	-102.4	4	-102.4	4.8	4
0.36	-102.4	4	-102.4	4	4
0.362	-102.4	4.8	-102.4	4.8	4
0.364	-102.4	4.8	-102.4	4	4
0.366	-102.4	4	-102.4	4.8	4
0.368	-102.4	4	-102.4	4.8	4.8
0.37	-102.4	4	-102.4	4	4
0.372	-102.4	4.8	-102.4	4.8	4
0.374	-102.4	4	-102.4	4	4
0.376	-102.4	4	-102.4	4.8	4
0.378	-102.4	4	-102.4	4	3.2
0.38	-102.4	4	-102.4	4	4
0.382	-102.4	4.8	-102.4	4	4
0.384	-102.4	4.8	-102.4	4.8	4.8
0.386	-102.4	4	-102.4	4.8	4
0.388	-102.4	4	-102.4	4	4
0.39	-102.4	4	-102.4	4.8	4
0.392	-102.4	4	-102.4	4.8	4
0.394	-102.4	4.8	-102.4	4	4
0.396	-102.4	4	-102.4	4.8	4
0.398	-102.4	4	-102.4	4	4
0.4	-102.4	4	-102.4	5.6	3.2
0.402	-102.4	4	-102.4	4	4
0.404	-102.4	4.8	-102.4	4.8	4.8
0.406	-102.4	4	-102.4	4	4
0.408	-102.4	4	-102.4	4.8	4
0.41	-102.4	4	-102.4	4.8	4
0.412	-102.4	4	-102.4	4	4
0.414	-102.4	4.8	-102.4	4	4
0.416	-102.4	4.8	-102.4	4	4
0.418	-102.4	4	-102.4	4	4
0.42	-102.4	4.8	-102.4	4	4
0.422	-102.4	4	-102.4	4	3.2
0.424	-102.4	4	-102.4	4.8	4
0.426	-102.4	4	-102.4	4.8	4
0.428	-102.4	4	-102.4	4	4
0.43	-102.4	4.8	-102.4	4	4.8
0.432	-102.4	4.8	-102.4	4.8	3.2
0.434	-102.4	4.8	-102.4	4	4
0.436	-102.4	4.8	-102.4	4	4
0.438	-102.4	4.8	-102.4	4	4
0.44	-102.4	4	-102.4	4.8	4
0.442	-102.4	4	-102.4	4.8	4
0.444	-102.4	4	-102.4	4	4
0.446	-102.4	4	-102.4	4.8	4
0.448	-102.4	5.6	-102.4	4	4
0.45	-102.4	4	-102.4	4.8	4
0.452	-102.4	4	-102.4	3.2	4
0.454	-102.4	4	-102.4	4	4
0.456	-102.4	4.8	-102.4	4	4
0.458	-102.4	4.8	-102.4	4	4
0.46	-102.4	4.8	-102.4	4	3.2
0.462	-102.4	4	-102.4	4	3.2
0.464	-102.4	4	-102.4	4	4
0.466	-102.4	4	-102.4	4	4
0.468	-102.4	4.8	-102.4	4	3.2
0.47	-102.4	4.8	-102.4	4.8	4
0.472	-102.4	4.8	-102.4	4	4.8
0.474	-102.4	4.8	-102.4	4.8	4
0.476	-102.4	4.8	-102.4	4	4
0.478	-102.4	4.8	-102.4	4	4
0.48	-102.4	3.2	-102.4	4	3.2
0.482	-102.4	4.8	-102.4	4	3.2
0.484	-102.4	4	-102.4	4.8	4
0.486	-102.4	4	-102.4	4	4
0.488	-102.4	4.8	-102.4	4	4
0.49	-102.4	4.8	-102.4	4	4
0.492	-102.4	4	-102.4	4	4
0.494	-102.4	4	-102.4	4.8	4
0.496	-102.4	4	4	4.8	4
0.498	-102.4	4	4.8	4	3.2
0.5	-102.4	4	4.8	4	4
0.502	-102.4	4.8	4	4.8	4
0.504	-102.4	4	4	4	4
0.506	-102.4	4	3.2	4	4
0.508	-102.4	4.8	4	4	4
0.51	-102.4	4.8	4	4	4
0.512	-102.4	4.8	4	4	4
0.514	-102.4	4	4	4	4
0.516	-102.4	4.8	4	4	4
0.518	-102.4	4.8	4	4	4
0.52	-102.4	4.8	4	4	4
0.522	-102.4	4.8	4	4	4
0.524	-102.4	4	4.8	4.8	4
0.526	-102.4	4	4	4.8	4
0.528	-102.4	4	4	4	4
0.53	-102.4	4	4	4.8	4
0.532	-102.4	4	4	4	4
0.534	-102.4	4	4	4	4
0.536	-102.4	4	4	4.8	4
0.538	-102.4	4	4	4	3.2
0.54	-102.4	4	4	4.8	4
0.542	-102.4	4	4	4	4
0.544	-102.4	4	4.8	4.8	4
0.546	-102.4	4	4	4	4
0.548	-102.4	4	4.8	4	4
0.55	-102.4	4	4.8	4	3.2
0.552	-102.4	4	4	4.8	4.8
0.554	-102.4	4.8	4.8	4	4
0.556	-102.4	4	4.8	4.8	3.2
0.558	-102.4	4.8	4	4	3.2
0.56	-102.4	4	4	4	4
0.562	-102.4	4	4	4	4
0.564	-102.4	4	4	3.2	4
0.566	-102.4	4	4.8	4	4
0.568	-102.4	4	4	4	4
0.57	-102.4	4	4	4	4
0.572	-102.4	4.8	4	4	4
0.574	-102.4	4.8	4	4	3.2
0.576	-102.4	4	3.2	4.8	3.2
0.578	-102.4	4	4.8	4.8	4
0.58	-102.4	4	4	4.8	4
0.582	-102.4	4	4	4	4
0.584	-102.4	4	4	4	4
0.586	-102.4	4	4.8	4	4
0.588	-102.4	4	4	5.6	4
0.59	-102.4	4.8	4.8	4	4
0.592	-102.4	3.2	3.2	4	4
0.594	-102.4	4.8	4.8	4.8	4
0.596	2.4	4	4	4	4
0.598	2.4	4	4	4	4
0.6	2.4	4	4	4.8	3.2
0.602	3.2	4.8	4.8	4	4
0.604	3.2	4	4	4.8	4
0.606	3.2	4.8	4	4	4
0.608	3.2	4.8	4	4	4
0.61	3.2	4.8	4	4	4
0.612	3.2	4.8	4	4	4
0.614	3.2	4	4	4	4
0.616	3.2	4	4	4	4.8
0.618	3.2	4	4	4	4
0.62	3.2	4	4	4	4
0.622	2.4	4	4	4.8	4
0.624	2.4	4	4	4	3.2
0.626	3.2	4	4	4	4.8
0.628	3.2	4	4.8	4	3.2
0.63	2.4	4.8	4.8	4	4
0.632	3.2	4.8	4	4.8	4
0.634	3.2	4.8	3.2	4	4.8
0.636	3.2	4.8	4.8	4	4
0.638	3.2	3.2	4.8	4	4
0.64	3.2	4	4.8	4	3.2
0.642	3.2	4	4.8	4	4
0.644	3.2	4	4	3.2	4.8
0.646	2.4	4	4.8	4	4
0.648	3.2	3.2	4	4	3.2
0.65	3.2	4	4	4	4
0.652	2.4	4	4.8	4	4
0.654	2.4	4.8	4	4.8	4
0.656	3.2	3.2	4	4	4
0.658	3.2	4	4	4	4
0.66	2.4	4	4	4	3.2
0.662	3.2	4	4.8	4	4
0.664	2.4	4	4	4	4
0.666	3.2	4	4	4	4
0.668	3.2	4	4	4	4
0.67	2.4	4.8	4.8	4	4
0.672	3.2	4.8	5.6	4	4
0.674	2.4	4	4	4.8	4
0.676	2.4	4	4	4	4
0.678	2.4	4	4.8	4	4
0.68	2.4	4.8	4	4	3.2
0.682	2.4	4	4	4.8	4
0.684	2.4	4	4	4.8	4
0.686	3.2	4	4.8	4	4
0.688	2.4	4	4	4	4
0.69	3.2	4.8	4	4	4
0.692	3.2	4	4	4	4.8
0.694	1.6	4	4	4	4
0.696	3.2	4	4	4	4
0.698	2.4	4	4	4	3.2
0.7	3.2	4	4.8	5.6	4
0.702	2.4	4	4	4	4
0.704	4	4.8	4	4.8	4
0.706	3.2	4	4.8	4.8	4
0.708	2.4	4	4	4.8	4
0.71	2.4	4	4	4	4
0.712	3.2	4	4	4	4
0.714	2.4	4	4	4	4
0.716	2.4	4	4.8	4	4
0.718	3.2	4	4	3.2	4
0.72	2.4	4.8	4	4	4
0.722	2.4	4	4.8	4.8	4
0.724	2.4	4.8	4.8	4.8	4
0.726	3.2	4	4	4	4
0.728	3.2	4.8	4	4	4
0.73	2.4	4.8	4	4	4
0.732	2.4	4.8	4	4.8	4
0.734	2.4	4.8	4	4.8	3.2
0.736	2.4	4.8	4.8	4	3.2
0.738	2.4	4	4	4.8	4
0.74	2.4	4	4	4.8	4
0.742	3.2	4	4	4	4
0.744	3.2	4.8	4	4	4
0.746	2.4	4	4	4	4
0.748	2.4	4	4	4	4
0.75	2.4	4	4	4	4
0.752	3.2	4	3.2	4	4
0.754	3.2	4	4	4	4
0.756	3.2	5.6	4.8	4.8	3.2
0.758	2.4	4	4	4	4
0.76	2.4	4	4	4.8	3.2
0.762	2.4	4	4	4.8	4
0.764	2.4	4	4	4.8	4
0.766	2.4	4.8	4	4	4
0.768	2.4	4	4	4	4
0.77	3.2	4	4	4.8	4
0.772	2.4	3.2	4	3.2	4
0.774	3.2	4.8	4	4	4
0.776	2.4	4.8	4	4	3.2
0.778	2.4	4	4.8	4	4
0.78	2.4	4	4	4	3.2
0.782	3.2	4	4	4	4.8
0.784	3.2	4.8	4	4.8	3.2
0.786	2.4	4	4	4	4
0.788	3.2	4.8	4	4	4
0.79	2.4	4	4	4.8	4
0.792	2.4	4	4	4	4
0.794	2.4	4	4	4.8	4.8
0.796	2.4	4	4.8	4	4
0.798	3.2	4.8	4.8	4.8	4
0.8	2.4	4.8	4	4	4
0.802	2.4	4	4	4.8	4.8
0.804	3.2	4.8	4	4	3.2
0.806	3.2	4	3.2	4	4
0.808	2.4	5.6	4	4	4
0.81	2.4	4	4	4	3.2
0.812	3.2	4.8	4	4	4
0.814	2.4	4	4	4	4
0.816	3.2	4.8	4	4	4
0.818	2.4	4.8	5.6	4.8	4
0.82	3.2	3.2	4.8	4	4
0.822	1.6	4	4	4.8	4
0.824	1.6	4.8	4	4	4
0.826	3.2	4	4	4	4
0.828	3.2	4	4	4	4
0.83	3.2	4	4	4	4.8
0.832	4	4	4	4	4
0.834	2.4	4	4	3.2	4
0.836	3.2	4	4	4.8	4
0.838	2.4	4	4	4	4
0.84	2.4	4	4.8	4	4
0.842	2.4	4	4	4	4
0.844	2.4	4	4	4	4
0.846	2.4	4.8	4	4	4
0.848	2.4	4.8	4	4	3.2
0.85	3.2	4	4	4	4
0.852	3.2	4	4	4	4
0.854	2.4	4	4.8	4.8	4
0.856	3.2	4	4	4	4
0.858	2.4	4.8	4	4	3.2
0.86	3.2	4	4	4	4
0.862	2.4	4	4.8	5.6	4
0.864	3.2	4	4.8	4	4
0.866	2.4	4	4	4	4.8
0.868	3.2	4	4	4	4
0.87	2.4	4	4	4.8	4
0.872	3.2	3.2	4	4	4
0.874	2.4	4.8	4	4	4
0.876	2.4	4	4.8	4	3.2
0.878	2.4	4	4	4.8	4
0.88	3.2	4.8	4	4	4
0.882	3.2	4	4.8	4	4
0.884	3.2	4	4	4	4
0.886	3.2	4	3.2	4	4
0.888	3.2	4.8	4	4	4.8
0.89	2.4	4	4	3.2	4.8
0.892	0.8	4	4	4.8	4
0.894	3.2	4	4	4	4
0.896	3.2	4.8	4	4	4
0.898	2.4	4	4	4	4
0.9	3.2	4.8	4	4	3.2
0.902	3.2	4	4.8	4.8	4
0.904	3.2	4	4.8	4	4
0.906	4	4	4	4	4
0.908	3.2	4	4	4	4
0.91	3.2	4.8	4	4	4
0.912	2.4	4.8	4.8	4	4
0.914	2.4	4.8	4	4	4
0.916	2.4	4.8	4	4	4
0.918	3.2	3.2	4.8	4.8	4
0.92	2.4	4.8	4	4	4
0.922	2.4	4.8	4	4	4
0.924	2.4	4	4.8	4	4
0.926	2.4	4.8	4	4	4
0.928	3.2	4.8	4	4	4.8
0.93	2.4	4	4	4.8	4
0.932	2.4	5.6	4	4.8	3.2
0.934	2.4	4.8	4.8	4	4
0.936	3.2	4.8	4	4	3.2
0.938	2.4	4.8	4	4.8	4
0.94	2.4	4	4	4	4.8
0.942	2.4	4.8	4	4	3.2
0.944	2.4	4	4	4	4.8
0.946	3.2	4	4	4.8	4
0.948	3.2	4.8	4	4	4
0.95	3.2	4	4	4	4
0.952	2.4	4	4	4	4
0.954	2.4	4	4	4.8	4
0.956	2.4	5.6	3.2	4	4
0.958	3.2	4	4	4	4
0.96	3.2	4	4	4	3.2
0.962	3.2	4	4.8	4	4.8
0.964	3.2	3.2	4	4.8	4
0.966	3.2	4.8	4	4	4
0.968	2.4	4	4.8	4	4.8
0.97	3.2	5.6	4	4	4
0.972	3.2	4.8	4	4	4
0.974	3.2	4	4	4	4
0.976	2.4	3.2	4	4	4
0.978	2.4	5.6	4	4	3.2
0.98	2.4	4.8	4	4.8	4
0.982	3.2	4	4.8	4	3.2
0.984	2.4	4	4	4.8	4
0.986	3.2	4	4	4.8	4
0.988	4	4	4	4.8	4.8
0.99	4	4.8	4	4	4.8
0.992	3.2	4.8	4.8	4	4
0.994	2.4	4	4.8	4	4
0.996	2.4	4	4	4.8	4
0.998	3.2	4.8	4.8	4.8	4
1	4	4	4	4	4
1.002	3.2	5.6	4	4	4
1.004	2.4	4.8	4.8	4	4
1.006	2.4	4.8	4	4	4
1.008	1.6	4	4	4	4
1.01	3.2	4	4	4	3.2
1.012	3.2	4.8	4	3.2	4
1.014	2.4	4.8	4	4	4.8
1.016	2.4	4	4.8	5.6	4
1.018	2.4	4.8	4	4	4
1.02	3.2	4	4	4	3.2
1.022	3.2	4.8	4	4.8	4
1.024	3.2	4	4	4	4.8
1.026	2.4	4	4.8	4	4
1.028	3.2	4	4	4	4
1.03	2.4	4	4	4	4
1.032	3.2	4.8	4	4	3.2
1.034	2.4	4	4.8	4.8	4
1.036	4	3.2	4	4	4
1.038	2.4	4	4	4.8	4
1.04	2.4	4	4	4	4
1.042	2.4	4	4	4	4
1.044	2.4	4	4	4	4
1.046	2.4	4	4.8	4.8	4
1.048	2.4	4	4	4.8	4
1.05	3.2	4.8	4.8	4	4
1.052	2.4	4	4	4	4.8
1.054	1.6	4	4	4	3.2
1.056	2.4	3.2	4	4.8	4
1.058	2.4	4	4.8	4	4
1.06	2.4	4.8	4	4	4
1.062	1.6	4	4	4	3.2
1.064	3.2	4.8	4	4	4
1.066	2.4	4	4	5.6	4
1.068	3.2	5.6	4	4	4
1.07	2.4	4	4.8	4	4
1.072	2.4	5.6	4.8	4	4
1.074	2.4	4.8	4	4.8	4
1.076	3.2	4	4	4.8	4
1.078	2.4	4	4.8	4	4
1.08	2.4	4	4	4	4
1.082	2.4	4.8	4	4.8	4.8
1.084	2.4	4.8	4	3.2	4
1.086	3.2	4	4	4	3.2
1.088	2.4	4	4	4.8	4
1.09	2.4	4	4	4.8	4
1.092	2.4	4	4	4	4
1.094	2.4	4.8	4	4	4
1.096	2.4	4	4.8	4	4
1.098	3.2	4	4.8	4	4
1.1	2.4	4	4.8	4	4
1.102	4	4	4	4	4
1.104	2.4	4.8	4	4	4
1.106	2.4	4.8	4	4	4
1.108	2.4	4.8	4.8	4	4
1.11	2.4	4.8	4	4	4
1.112	3.2	4	4	4.8	4
1.114	3.2	4	4	4	4
1.116	2.4	4	4	4	4
1.118	2.4	4	4	4	3.2
1.12	3.2	4	4	4.8	4
1.122	2.4	4	4	4	4
1.124	2.4	4	4	4	4
1.126	2.4	4.8	4	4	4
1.128	2.4	4.8	4.8	4.8	4
1.13	2.4	4	4	4	4
1.132	2.4	4.8	4	4	4
1.134	2.4	4	4	4	4
1.136	2.4	4	4	4	4.8
1.138	3.2	4	4.8	4	4
1.14	2.4	4	4	4	4
1.142	3.2	4	4.8	4	4
1.144	2.4	4	4.8	4.8	4
1.146	2.4	4.8	4	4	4
1.148	1.6	4.8	4	4.8	3.2
1.15	3.2	4.8	4.8	4.8	3.2
1.152	2.4	4	4	4	4
1.154	2.4	4.8	4	4	3.2
1.156	2.4	3.2	4	4	4
1.158	2.4	3.2	4	5.6	4
1.16	2.4	4	4	4	4
1.162	0.8	3.2	4	4.8	4
1.164	3.2	4	4	4	4
1.166	2.4	4.8	4	4	4
1.168	3.2	4.8	4	4	4
1.17	2.4	4	4	4	4
1.172	2.4	4	4	4	4
1.174	2.4	4	4	4	4
1.176	3.2	4.8	4	4	4
1.178	2.4	4.8	4.8	4.8	4
1.18	2.4	4	4.8	4	3.2
1.182	2.4	4	4	4	4
1.184	2.4	4	4	4	4
1.186	2.4	3.2	4.8	4	4
1.188	3.2	5.6	4.8	4	4.8
1.19	2.4	4.8	4.8	4.8	4
1.192	3.2	4.8	4	4	3.2
1.194	2.4	4	4	4.8	4.8
1.196	2.4	4	3.2	4.8	4
1.198	2.4	4.8	4.8	4	4
1.2	2.4	4	4	4	4
1.202	1.6	4.8	4.8	4	2.4
1.204	3.2	4	4	4.8	4.8
1.206	2.4	4	4	4	4
1.208	2.4	4.8	4	4	4
1.21	2.4	4	4	4	4
1.212	2.4	4	4.8	4	3.2
1.214	3.2	4.8	4	4	3.2
1.216	2.4	4	3.2	4	4
1.218	2.4	4	4	4	3.2
1.22	2.4	4	4.8	4	3.2
1.222	3.2	4	4.8	4	4.8
1.224	2.4	4	4	4	4.8
1.226	3.2	4	4.8	4	4
1.228	3.2	4	4.8	4	4
1.23	2.4	4.8	4	4	4
1.232	2.4	4	4	4	3.2
1.234	2.4	4	4	4	4
1.236	2.4	3.2	4	4	4
1.238	2.4	4.8	4	4.8	4
1.24	3.2	4	4	4	4
1.242	2.4	4	5.6	4	4
1.244	3.2	4.8	4	4	4
1.246	3.2	4	4	4	4
1.248	2.4	4	4	4	4.8
1.25	2.4	4.8	3.2	3.2	4
1.252	3.2	4	4	4	4
1.254	3.2	4	4.8	4.8	3.2
1.256	2.4	4.8	4	4	4
1.258	2.4	4.8	4	4	4
1.26	2.4	4.8	4.8	4	4
1.262	1.6	4	4	4	4
1.264	3.2	4.8	4	4	4
1.266	2.4	4.8	4	4.8	4
1.268	2.4	4.8	4	4	4
1.27	2.4	4	4	4.8	4
1.272	2.4	4.8	4	4	3.2
1.274	3.2	4	4	4.8	4
1.276	3.2	3.2	4	4	4
1.278	2.4	4	4	4	4.8
1.28	2.4	4	4	4	3.2
1.282	2.4	4.8	4	4	4
1.284	2.4	4	4.8	4	4
1.286	2.4	4	4	4	4
1.288	3.2	4.8	4	4	4
1.29	2.4	4	4.8	5.6	4
1.292	2.4	4.8	4	4	4
1.294	2.4	4	4.8	4	3.2
1.296	2.4	4	4	4	4
1.298	3.2	4	4	4.8	4
1.3	2.4	4	4	4	4
1.302	3.2	4	4	4.8	4
1.304	3.2	4	4.8	4.8	3.2
1.306	1.6	4	5.6	4	4
1.308	2.4	4	4	4	4
1.31	2.4	4.8	4	4	4
1.312	2.4	4	4	4	4
1.314	2.4	4	4.8	4	4
1.316	2.4	4	4	4	4
1.318	2.4	4.8	4	4	3.2
1.32	2.4	4	4.8	4.8	4
1.322	3.2	4.8	5.6	4	4
1.324	2.4	4.8	4.8	4	4.8
1.326	2.4	4.8	4.8	4	4
1.328	2.4	4.8	4	4	4
1.33	3.2	4.8	4	4	3.2
1.332	3.2	4	4	4.8	4
1.334	2.4	4	4	4	4
1.336	3.2	4	4	4	4
1.338	2.4	4	4	4	4
1.34	3.2	4	4	4	4
1.342	2.4	4	4.8	4.8	4
1.344	2.4	4.8	4	4	4
1.346	2.4	4	4	4.8	4.8
1.348	2.4	3.2	4	4	4
1.35	3.2	4.8	4	4	3.2
1.352	2.4	4	4	4	4
1.354	3.2	4.8	4.8	4.8	4.8
1.356	2.4	4	4	4	4
1.358	2.4	4	4	4.8	4.8
1.36	3.2	4	4	4	3.2
1.362	3.2	4	4	4.8	4
1.364	2.4	4	4.8	4.8	4
1.366	2.4	4	4	4	4.8
1.368	3.2	4	4	4	2.4
1.37	2.4	4	4.8	4	4
1.372	2.4	4.8	4	4	4.8
1.374	3.2	4	4.8	4.8	4
1.376	3.2	4	4	4	4
1.378	2.4	4	4	4	4
1.38	2.4	4	4	4	2.4
1.382	2.4	4	4	4.8	4
1.384	4	4	4.8	4	4
1.386	2.4	4	4	4	4
1.388	3.2	4	4	4	4
1.39	3.2	4	4	4	4
1.392	3.2	4.8	4	4	4
1.394	2.4	4	4.8	4	3.2
1.396	2.4	4.8	4	4	3.2
1.398	3.2	4	4	4	4
1.4	3.2	4	4	4.8	4
1.402	3.2	4	4	3.2	3.2
1.404	2.4	4	4	4	4
1.406	3.2	4	4	4.8	4
1.408	2.4	4	4	4	4
1.41	3.2	4	4	4	4
1.412	2.4	4	4.8	4	3.2
1.414	2.4	4	4.8	3.2	4
1.416	2.4	4	4	4	3.2
1.418	2.4	4	4	4	3.2
1.42	2.4	4	4	4	4
1.422	3.2	4.8	4.8	4	4
1.424	2.4	4	4	4.8	4
1.426	2.4	4	4.8	4	4
1.428	2.4	4	4.8	4	4
1.43	2.4	4	4	4	4
1.432	3.2	4	4	2.4	4
1.434	2.4	4.8	4	4	4
1.436	2.4	4	4.8	4	4
1.438	3.2	4.8	4	4.8	4
1.44	2.4	4	4	4	4
1.442	3.2	4.8	4	4	4
1.444	2.4	4	4.8	4	4
1.446	2.4	4	4.8	4	4
1.448	2.4	4	4	4	4
1.45	1.6	4	4.8	4.8	4
1.452	2.4	4	4	4	4
1.454	3.2	4.8	4.8	4.8	4.8
1.456	3.2	4	4	4	4
1.458	3.2	4	4	4.8	4
1.46	1.6	4	4	4	3.2
1.462	3.2	4.8	4	4	4
1.464	4	4	4.8	4	4
1.466	2.4	4.8	4.8	4	4
1.468	2.4	4.8	4	4	3.2
1.47	2.4	4	4.8	4	4.8
1.472	2.4	4	4	4	4
1.474	2.4	4	4	4	4
1.476	3.2	4.8	4	4	3.2
1.478	2.4	4	4.8	4	4
1.48	2.4	4	4	4	4
1.482	3.2	4.8	4	4	4
1.484	2.4	4.8	4	4	4
1.486	2.4	4.8	4.8	4	4
1.488	3.2	4	4	4	4
1.49	3.2	4	4	4	4
1.492	2.4	3.2	4	4.8	4
1.494	2.4	4	4.8	4	4
1.496	2.4	4.8	4	4	4
1.498	2.4	4	4	4	4
1.5	2.4	4.8	4	4.8	4
1.502	3.2	4	3.2	4	4
1.504	3.2	4	4	4.8	4
1.506	2.4	4.8	4	4	4
1.508	3.2	4	4	4	4
1.51	2.4	4	4	4	4
1.512	2.4	4	4	4	4
1.514	3.2	4	4.8	4	4.8
1.516	2.4	4.8	4.8	4	3.2
1.518	2.4	4	4	4	3.2
1.52	2.4	4	4	4	4
1.522	2.4	4	4	4	4.8
1.524	3.2	4.8	4.8	4	4
1.526	2.4	4	4	4	4.8
1.528	3.2	4	4.8	3.2	4
1.53	3.2	4	4	4	4.8
1.532	2.4	4	4	4	4
1.534	2.4	4	4	4.8	4
1.536	3.2	4.8	4	4.8	4
1.538	2.4	4	4	4	4
1.54	3.2	3.2	4	4	4
1.542	2.4	4	4	4	4
1.544	2.4	4	4	4	4
1.546	3.2	4	4	4	4
1.548	1.6	5.6	4	4.8	4
1.55	2.4	4	5.6	4	4
1.552	3.2	4	4	4	4
1.554	2.4	4	4	4.8	4.8
1.556	3.2	4	4	4	4
1.558	2.4	4	4	4	3.2
1.56	2.4	4	4.8	4	4
1.562	2.4	4	4	4	4
1.564	3.2	4	4	4	4
1.566	2.4	4	4.8	4	3.2
1.568	4	4.8	4	4	4.8
1.57	2.4	4.8	4.8	4	4
1.572	3.2	4	4.8	4	4
1.574	2.4	4.8	4	4.8	4
1.576	2.4	4	4	4	3.2
1.578	3.2	4.8	4	4	4
1.58	2.4	4	4	4.8	4
1.582	3.2	4	4	4.8	4
1.584	2.4	4	4	4	4
1.586	2.4	4	4	4	4
1.588	3.2	4	4	3.2	4
1.59	3.2	4	4.8	4	4
1.592	3.2	4	4.8	4.8	3.2
1.594	2.4	4	4	4.8	4
1.596	3.2	4	4	4	4
1.598	2.4	4	4	4	3.2
1.6	3.2	4	4	4	3.2
1.602	2.4	4	4.8	4	4
1.604	2.4	4	4	4	4
1.606	1.6	4.8	4	4.8	4
1.608	2.4	4	4	4	4
1.61	2.4	4	4.8	4	4
1.612	2.4	4	4	4	4
1.614	2.4	4.8	4.8	4	4
1.616	2.4	4.8	4.8	4	4
1.618	2.4	4.8	4	4	4
1.62	2.4	4	4.8	4.8	4
1.622	2.4	4	4.8	4	4
1.624	2.4	4	4	4	4
1.626	2.4	4	4.8	4	4
1.628	2.4	4	4	3.2	4
1.63	2.4	4.8	4	4	4
1.632	3.2	4	4	4	3.2
1.634	2.4	3.2	4.8	4	4
1.636	3.2	4	4	3.2	4
1.638	1.6	4	4	4	4.8
1.64	2.4	4	4.8	4	4
1.642	1.6	4	4	4	4
1.644	3.2	4	4	4	4
1.646	2.4	3.2	4	4	4
1.648	3.2	4	4	4	4
1.65	2.4	4.8	4	4	4
1.652	2.4	4	4.8	4	3.2
1.654	2.4	3.2	4	4	4
1.656	3.2	4	4	4	4
1.658	2.4	4.8	4	4	4
1.66	2.4	4	4	4.8	4
1.662	2.4	4	4.8	4	4
1.664	2.4	4	4.8	4	4
1.666	3.2	4	4	4	4.8
1.668	2.4	4	4	4.8	4
1.67	3.2	4	4.8	4	4
1.672	2.4	4.8	4.8	4.8	3.2
1.674	2.4	4	4	4	4
1.676	2.4	4	4	4	4
1.678	3.2	4.8	4	4	4
1.68	2.4	4	4	4.8	3.2
1.682	2.4	4	4	4	4
1.684	3.2	4	4	4	4
1.686	3.2	4	4	4	4
1.688	2.4	4	4	4	4
1.69	2.4	4	4	4.8	4
1.692	3.2	4.8	4.8	4.8	4
1.694	2.4	4	4	3.2	3.2
1.696	2.4	4	4	4.8	3.2
1.698	2.4	4	4	4	3.2
1.7	2.4	4	4	4	3.2
1.702	3.2	4.8	4.8	4	4.8
1.704	2.4	4	4.8	4	4
1.706	3.2	4	4	4	4
1.708	3.2	4.8	4.8	4	4
1.71	3.2	4.8	4	4	4
1.712	3.2	4	4	4	4
1.714	2.4	4.8	4	4.8	4
1.716	2.4	4	4	4	4
1.718	2.4	4	4.8	4	4
1.72	3.2	4	4.8	4.8	4
1.722	2.4	4.8	4	4.8	4
1.724	2.4	4	4	4	4
1.726	1.6	4	4	4.8	4
1.728	2.4	4.8	4	4	4
1.73	3.2	4.8	4	4	4
1.732	2.4	4	4.8	4	3.2
1.734	3.2	4.8	4	4	4
1.736	3.2	4	4	4	4
1.738	2.4	4	3.2	4	4
1.74	2.4	4	4	3.2	4
1.742	2.4	4	4	4.8	3.2
1.744	3.2	4.8	4	4.8	3.2
1.746	2.4	4.8	4.8	4	4
1.748	2.4	4	4	4	3.2
1.75	3.2	4.8	4	4	4
1.752	2.4	4	4	4	4
1.754	3.2	4	4.8	4.8	4
1.756	2.4	4.8	4	4.8	4
1.758	2.4	4	4	4	4.8
1.76	2.4	4	4.8	3.2	4
1.762	2.4	26.4	24	4	3.2
1.764	2.4	25.6	24.8	4	4
1.766	2.4	26.4	25.6	4	3.2
1.768	2.4	25.6	24.8	4	4
1.77	2.4	26.4	24	4	4.8
1.772	2.4	26.4	24.8	4	5.6
1.774	2.4	26.4	25.6	4	4
1.776	2.4	25.6	25.6	4	4
1.778	2.4	26.4	24.8	4	3.2
1.78	3.2	26.4	24.8	4	4
1.782	2.4	26.4	24.8	4	4
1.784	3.2	26.4	24.8	4	4
1.786	2.4	26.4	25.6	4	4
1.788	3.2	26.4	24.8	4	4
1.79	2.4	26.4	24.8	4	4
1.792	2.4	26.4	24.8	3.2	4
1.794	3.2	26.4	24.8	4	4
1.796	2.4	26.4	24.8	4.8	4
1.798	2.4	26.4	24.8	4	4
1.8	3.2	26.4	24.8	4	4
1.802	2.4	27.2	24.8	4	4
1.804	2.4	27.2	24.8	4.8	4
1.806	2.4	27.2	24.8	4.8	3.2
1.808	3.2	26.4	24.8	4	4
1.81	2.4	26.4	24	3.2	3.2
1.812	2.4	26.4	24	4	4
1.814	3.2	26.4	24	4	4
1.816	2.4	27.2	24.8	4	4
1.818	3.2	26.4	24.8	4	4
1.82	3.2	26.4	24	3.2	4
1.822	2.4	26.4	24.8	4	4
1.824	2.4	26.4	24	4.8	4.8
1.826	2.4	26.4	24.8	4.8	4
1.828	3.2	26.4	24	4	4
1.83	3.2	26.4	24	4	4
1.832	2.4	26.4	24	4	4
1.834	3.2	26.4	24	4	3.2
1.836	2.4	26.4	24.8	4	4
1.838	3.2	26.4	24.8	4	4
1.84	2.4	26.4	24	4	4
1.842	2.4	26.4	24	4	3.2
1.844	2.4	27.2	24	4	4
1.846	2.4	26.4	24.8	4	4
1.848	2.4	26.4	24	4	4
1.85	3.2	26.4	24	4	3.2
1.852	4	26.4	24	4	4
1.854	3.2	26.4	24	4.8	4
1.856	2.4	27.2	24.8	5.6	4
1.858	2.4	27.2	24.8	4	4
1.86	2.4	26.4	24	4	4
1.862	2.4	26.4	24.8	4	4
1.864	2.4	26.4	24.8	4	4
1.866	2.4	27.2	24.8	4.8	4
1.868	2.4	26.4	24	4	4
1.87	2.4	26.4	24.8	4	4
1.872	3.2	27.2	24.8	4	4
1.874	3.2	26.4	24	4	3.2
1.876	3.2	27.2	24	4.8	5.6
1.878	3.2	25.6	25.6	4	4
1.88	2.4	27.2	25.6	4.8	4
1.882	3.2	26.4	24.8	3.2	4
1.884	3.2	27.2	25.6	4	22.4
1.886	2.4	25.6	24.8	3.2	24
1.888	2.4	26.4	25.6	4.8	24.8
1.89	2.4	26.4	24.8	4	24.8
1.892	3.2	26.4	24.8	4	23.2
1.894	3.2	27.2	24.8	4	24
1.896	3.2	27.2	25.6	4	24.8
1.898	2.4	27.2	25.6	4	24
1.9	3.2	26.4	24.8	4.8	24.8
1.902	3.2	27.2	24.8	4	24.8
1.904	2.4	26.4	25.6	4	24
1.906	2.4	27.2	24.8	4	24.8
1.908	2.4	27.2	25.6	4	24
1.91	3.2	27.2	25.6	4	24.8
1.912	2.4	26.4	24.8	4.8	25.6
1.914	3.2	26.4	25.6	4	24
1.916	3.2	26.4	25.6	3.2	24
1.918	2.4	27.2	25.6	4	24.8
1.92	2.4	27.2	25.6	4	24.8
1.922	2.4	27.2	24.8	4.8	24.8
1.924	2.4	26.4	24.8	4	24
1.926	2.4	27.2	25.6	4	24
1.928	2.4	26.4	24.8	4	24
1.93	1.6	27.2	25.6	4	24.8
1.932	2.4	26.4	24.8	4	25.6
1.934	2.4	27.2	24.8	4	24.8
1.936	2.4	27.2	24.8	4	25.6
1.938	2.4	26.4	25.6	4	25.6
1.94	2.4	26.4	25.6	4.8	24.8
1.942	2.4	26.4	24.8	4	24.8
1.944	2.4	26.4	24.8	4	24.8
1.946	2.4	26.4	24.8	4	24.8
1.948	3.2	26.4	24.8	4	24.8
1.95	2.4	27.2	24.8	4	24.8
1.952	2.4	26.4	24.8	4.8	24
1.954	2.4	26.4	24.8	4	24.8
1.956	2.4	26.4	24.8	4.8	24
1.958	2.4	27.2	25.6	4.8	24.8
1.96	3.2	27.2	25.6	4.8	24.8
1.962	3.2	26.4	24.8	4	24
1.964	2.4	26.4	24	4	25.6
1.966	2.4	25.6	24.8	4	25.6
1.968	2.4	26.4	24.8	4.8	24
1.97	2.4	26.4	25.6	4	25.6
1.972	3.2	26.4	24.8	4	24.8
1.974	3.2	26.4	24.8	4	24.8
1.976	3.2	26.4	24.8	4	25.6
1.978	2.4	27.2	24.8	4	25.6
1.98	3.2	26.4	25.6	4	24.8
1.982	3.2	27.2	24.8	4.8	24.8
1.984	3.2	26.4	24	4	24.8
1.986	2.4	26.4	24.8	4	25.6
1.988	2.4	26.4	24.8	4	25.6
1.99	1.6	27.2	24.8	4	26.4
1.992	2.4	26.4	24.8	4	25.6
1.994	2.4	26.4	24.8	4	26.4
1.996	3.2	26.4	24.8	4	26.4
1.998	3.2	26.4	24.8	4	25.6
2	2.4	26.4	24.8	4	25.6
2.002	2.4	26.4	24.8	4.8	25.6
2.004	2.4	26.4	24.8	4	24.8
2.006	3.2	26.4	24	4.8	25.6
2.008	3.2	26.4	25.6	4.8	25.6
2.01	3.2	28	24.8	4	25.6
2.012	3.2	26.4	25.6	4	25.6
2.014	3.2	26.4	24.8	4	24
2.016	2.4	26.4	24.8	4.8	24.8
2.018	2.4	26.4	24	4.8	27.2
2.02	2.4	26.4	25.6	4	25.6
2.022	2.4	26.4	24.8	4	25.6
2.024	3.2	26.4	25.6	4	25.6
2.026	2.4	26.4	24.8	4	25.6
2.028	2.4	26.4	25.6	4	25.6
2.03	2.4	26.4	24.8	4	26.4
2.032	2.4	25.6	25.6	4	25.6
2.034	3.2	26.4	24.8	4	26.4
2.036	2.4	26.4	24	4	25.6
2.038	2.4	26.4	24.8	4	25.6
2.04	3.2	27.2	24.8	4.8	25.6
2.042	3.2	27.2	25.6	4	25.6
2.044	2.4	27.2	24.8	4.8	25.6
2.046	2.4	26.4	25.6	4	25.6
2.048	2.4	25.6	24.8	4	25.6
2.05	2.4	27.2	24.8	4	25.6
2.052	2.4	27.2	24.8	4	26.4
2.054	20	26.4	25.6	4	26.4
2.056	21.6	26.4	25.6	4	26.4
2.058	20.8	26.4	24.8	4	25.6
2.06	20	26.4	24.8	4	26.4
2.062	20.8	26.4	25.6	4	26.4
2.064	20.8	26.4	25.6	4.8	26.4
2.066	20.8	26.4	25.6	4	26.4
2.068	21.6	25.6	24.8	4	25.6
2.07	20	26.4	25.6	4	25.6
2.072	20.8	26.4	25.6	4	26.4
2.074	20	26.4	25.6	4	26.4
2.076	20.8	27.2	25.6	4	26.4
2.078	21.6	26.4	24.8	25.6	26.4
2.08	21.6	27.2	25.6	24.8	26.4
2.082	20.8	27.2	25.6	24.8	25.6
2.084	20	27.2	24.8	24.8	25.6
2.086	20.8	26.4	24.8	26.4	26.4
2.088	20.8	26.4	24.8	25.6	25.6
2.09	20.8	25.6	25.6	26.4	26.4
2.092	20.8	26.4	25.6	26.4	25.6
2.094	20.8	26.4	24.8	25.6	25.6
2.096	20	26.4	24.8	25.6	25.6
2.098	20	26.4	24.8	25.6	26.4
2.1	20.8	27.2	24.8	26.4	25.6
2.102	20.8	27.2	25.6	26.4	25.6
2.104	20	26.4	24.8	26.4	26.4
2.106	21.6	27.2	24.8	25.6	25.6
2.108	20.8	27.2	24.8	25.6	26.4
2.11	20.8	26.4	25.6	26.4	26.4
2.112	20.8	25.6	25.6	26.4	25.6
2.114	20	25.6	25.6	26.4	24.8
2.116	20	26.4	25.6	25.6	25.6
2.118	20.8	26.4	24.8	25.6	25.6
2.12	20.8	27.2	24.8	25.6	25.6
2.122	20	26.4	24.8	26.4	25.6
2.124	20	26.4	25.6	25.6	24.8
2.126	20	27.2	25.6	25.6	24.8
2.128	20	26.4	24.8	25.6	25.6
2.13	20.8	26.4	24.8	25.6	24.8
2.132	20.8	26.4	25.6	26.4	25.6
2.134	20.8	26.4	24.8	25.6	24.8
2.136	20.8	26.4	24.8	25.6	24.8
2.138	20.8	27.2	24.8	26.4	24.8
2.14	20.8	27.2	24.8	25.6	25.6
2.142	20.8	26.4	25.6	25.6	26.4
2.144	20	27.2	25.6	26.4	24.8
2.146	20.8	27.2	24.8	25.6	24.8
2.148	20	26.4	24.8	26.4	25.6
2.15	20	25.6	24.8	26.4	24.8
2.152	20.8	26.4	24	25.6	25.6
2.154	20.8	25.6	24.8	26.4	24.8
2.156	20.8	27.2	25.6	26.4	24.8
2.158	21.6	26.4	24.8	26.4	24.8
2.16	20.8	26.4	25.6	24.8	24
2.162	20	26.4	25.6	26.4	25.6
2.164	20.8	26.4	25.6	25.6	25.6
2.166	20.8	26.4	24.8	25.6	25.6
2.168	20	26.4	24	25.6	25.6
2.17	20.8	27.2	24.8	26.4	24.8
2.172	20.8	25.6	25.6	26.4	24.8
2.174	20.8	27.2	25.6	26.4	24.8
2.176	20.8	26.4	24.8	24.8	24.8
2.178	20.8	26.4	24	25.6	24.8
2.18	20	26.4	24.8	25.6	25.6
2.182	20.8	26.4	24.8	26.4	24.8
2.184	20.8	26.4	24.8	25.6	25.6
2.186	20.8	26.4	25.6	25.6	25.6
2.188	20.8	26.4	24.8	25.6	25.6
2.19	20.8	27.2	24.8	26.4	24.8
2.192	21.6	26.4	24.8	26.4	24.8
2.194	20.8	26.4	24.8	26.4	26.4
2.196	20.8	26.4	24.8	25.6	25.6
2.198	20.8	26.4	25.6	25.6	25.6
2.2	20.8	26.4	24.8	25.6	24.8
2.202	21.6	26.4	24.8	26.4	26.4
2.204	20.8	26.4	24.8	25.6	25.6
2.206	20.8	26.4	24.8	26.4	25.6
2.208	20.8	26.4	24	25.6	25.6
2.21	20.8	26.4	25.6	25.6	25.6
2.212	20.8	25.6	24.8	25.6	25.6
2.214	20.8	27.2	24.8	26.4	25.6
2.216	21.6	26.4	24.8	26.4	25.6
2.218	20.8	27.2	24.8	26.4	25.6
2.22	20.8	26.4	24.8	26.4	26.4
2.222	21.6	26.4	24.8	27.2	24.8
2.224	21.6	26.4	25.6	27.2	26.4
2.226	21.6	26.4	24.8	26.4	25.6
2.228	20.8	26.4	24.8	26.4	25.6
2.23	20.8	26.4	24.8	26.4	25.6
2.232	21.6	26.4	24.8	26.4	25.6
2.234	20.8	26.4	24.8	26.4	26.4
2.236	21.6	26.4	24.8	26.4	25.6
2.238	21.6	26.4	24.8	26.4	25.6
2.24	20.8	24.8	24.8	27.2	26.4
2.242	20.8	25.6	25.6	27.2	25.6
2.244	20.8	27.2	24.8	26.4	25.6
2.246	21.6	26.4	24.8	26.4	25.6
2.248	21.6	25.6	25.6	26.4	24.8
2.25	20.8	26.4	25.6	27.2	26.4
2.252	20.8	27.2	25.6	26.4	25.6
2.254	20.8	26.4	24.8	27.2	26.4
2.256	20.8	26.4	25.6	28	25.6
2.258	20	27.2	24.8	27.2	25.6
2.26	21.6	27.2	24.8	28	24.8
2.262	20.8	26.4	24.8	27.2	25.6
2.264	20.8	26.4	24.8	28	25.6
2.266	21.6	25.6	24.8	27.2	25.6
2.268	20.8	26.4	25.6	26.4	26.4
2.27	20.8	26.4	24.8	26.4	25.6
2.272	20.8	26.4	24.8	27.2	25.6
2.274	20.8	26.4	25.6	28	26.4
2.276	20.8	26.4	24.8	27.2	26.4
2.278	20.8	27.2	24.8	26.4	26.4
2.28	20	26.4	25.6	26.4	25.6
2.282	22.4	26.4	24.8	26.4	25.6
2.284	21.6	26.4	25.6	26.4	24.8
2.286	20.8	26.4	24.8	27.2	25.6
2.288	21.6	26.4	25.6	27.2	26.4
2.29	20.8	26.4	25.6	27.2	26.4
2.292	20.8	27.2	25.6	27.2	25.6
2.294	20.8	26.4	25.6	26.4	26.4
2.296	20.8	26.4	24.8	26.4	27.2
2.298	20.8	27.2	25.6	27.2	26.4
2.3	20.8	26.4	24.8	26.4	26.4
2.302	20.8	27.2	25.6	26.4	26.4
2.304	20.8	27.2	24.8	26.4	25.6
2.306	20.8	26.4	24.8	26.4	25.6
2.308	21.6	26.4	24	27.2	25.6
2.31	20.8	26.4	25.6	26.4	26.4
2.312	20.8	27.2	25.6	26.4	26.4
2.314	20	26.4	25.6	26.4	25.6
2.316	20.8	27.2	25.6	26.4	26.4
2.318	20.8	27.2	25.6	26.4	26.4
2.32	21.6	27.2	24.8	27.2	26.4
2.322	21.6	26.4	24	26.4	26.4
2.324	20.8	27.2	25.6	26.4	25.6
2.326	20.8	27.2	25.6	27.2	25.6
2.328	21.6	26.4	24.8	26.4	25.6
2.33	21.6	26.4	24.8	26.4	26.4
2.332	20.8	26.4	25.6	26.4	26.4
2.334	20.8	26.4	25.6	26.4	25.6
2.336	20.8	26.4	24.8	26.4	25.6
2.338	20.8	26.4	25.6	26.4	26.4
2.34	20.8	26.4	24.8	26.4	26.4
2.342	20.8	26.4	24	25.6	26.4
2.344	20.8	26.4	24.8	26.4	26.4
2.346	20.8	26.4	26.4	26.4	26.4
2.348	20.8	26.4	24.8	26.4	26.4
2.35	20.8	26.4	24.8	26.4	26.4
2.352	20	26.4	25.6	26.4	25.6
2.354	20.8	26.4	24.8	26.4	26.4
2.356	20.8	27.2	25.6	27.2	25.6
2.358	20.8	26.4	24.8	26.4	26.4
2.36	20.8	26.4	25.6	26.4	25.6
2.362	22.4	26.4	24.8	26.4	26.4
2.364	20.8	27.2	24.8	26.4	26.4
2.366	20.8	26.4	25.6	25.6	26.4
2.368	20.8	26.4	24.8	27.2	25.6
2.37	20.8	27.2	25.6	25.6	26.4
2.372	20.8	27.2	25.6	27.2	25.6
2.374	20.8	26.4	24.8	26.4	26.4
2.376	20.8	28	24.8	26.4	26.4
2.378	20.8	26.4	24.8	26.4	25.6
2.38	20.8	26.4	25.6	26.4	26.4
2.382	20.8	26.4	24.8	26.4	26.4
2.384	20.8	27.2	24.8	25.6	25.6
2.386	20.8	26.4	25.6	26.4	26.4
2.388	20.8	26.4	24.8	27.2	26.4
2.39	20.8	28	24.8	26.4	25.6
2.392	20.8	26.4	25.6	26.4	25.6
2.394	20.8	26.4	25.6	26.4	25.6
2.396	20.8	27.2	24.8	26.4	25.6
2.398	21.6	27.2	24.8	27.2	26.4
2.4	20.8	25.6	24.8	26.4	25.6
2.402	21.6	26.4	25.6	27.2	25.6
2.404	21.6	26.4	24.8	26.4	25.6
2.406	20.8	26.4	24.8	26.4	25.6
2.408	20.8	26.4	24.8	26.4	25.6
2.41	20.8	26.4	24.8	27.2	26.4
2.412	20.8	26.4	25.6	27.2	26.4
2.414	20.8	27.2	25.6	27.2	25.6
2.416	20.8	26.4	24.8	26.4	25.6
2.418	20	25.6	25.6	26.4	25.6
2.42	21.6	26.4	24.8	26.4	24.8
2.422	20.8	27.2	24.8	26.4	25.6
2.424	22.4	26.4	24.8	26.4	24.8
2.426	20.8	25.6	24.8	26.4	25.6
2.428	20.8	26.4	24.8	26.4	24.8
2.43	20.8	27.2	25.6	27.2	25.6
2.432	20.8	26.4	24.8	26.4	24.8
2.434	20.8	26.4	25.6	27.2	26.4
2.436	21.6	26.4	25.6	25.6	25.6
2.438	20	26.4	24.8	27.2	25.6
2.44	20.8	25.6	25.6	26.4	25.6
2.442	20.8	25.6	24.8	26.4	26.4
2.444	20.8	26.4	24.8	26.4	25.6
2.446	20.8	26.4	25.6	26.4	25.6
2.448	20.8	27.2	24.8	26.4	25.6
2.45	20.8	26.4	25.6	26.4	24.8
2.452	20.8	26.4	24.8	26.4	25.6
2.454	20.8	25.6	24.8	26.4	24.8
2.456	20.8	26.4	24.8	26.4	24
2.458	20.8	25.6	25.6	27.2	24.8
2.46	20.8	26.4	25.6	27.2	24
2.462	21.6	25.6	25.6	27.2	24.8
2.464	20.8	25.6	24.8	26.4	24.8
2.466	21.6	26.4	24	26.4	25.6
2.468	20.8	26.4	25.6	26.4	24.8
2.47	20.8	25.6	25.6	26.4	24.8
2.472	20.8	26.4	24.8	28	24.8
2.474	21.6	25.6	24.8	27.2	24.8
2.476	19.2	25.6	24.8	26.4	24.8
2.478	20.8	26.4	25.6	26.4	25.6
2.48	20.8	25.6	25.6	26.4	25.6
2.482	21.6	25.6	24.8	27.2	24.8
2.484	20.8	25.6	24.8	26.4	24
2.486	20.8	25.6	25.6	27.2	24.8
2.488	22.4	26.4	25.6	27.2	24.8
2.49	20.8	25.6	24.8	27.2	24.8
2.492	20.8	26.4	25.6	27.2	24
2.494	20.8	25.6	24.8	27.2	24
2.496	20.8	26.4	24.8	26.4	24.8
2.498	20.8	25.6	24.8	26.4	24.8
2.5	20.8	25.6	24.8	26.4	24
2.502	22.4	25.6	24.8	27.2	24
2.504	20.8	26.4	24.8	27.2	24
2.506	20.8	25.6	24.8	27.2	24
2.508	21.6	26.4	24.8	26.4	24
2.51	20.8	25.6	25.6	27.2	24
2.512	20.8	25.6	24.8	26.4	24
2.514	20.8	25.6	24.8	26.4	24
2.516	20.8	26.4	24.8	27.2	23.2
2.518	20.8	25.6	24.8	26.4	24
2.52	20.8	25.6	24	26.4	4.8
2.522	20.8	25.6	24	26.4	4
2.524	21.6	24.8	24	26.4	4
2.526	21.6	25.6	24.8	26.4	3.2
2.528	20.8	24.8	24.8	26.4	4
2.53	20.8	24.8	24	26.4	4
2.532	21.6	25.6	24	27.2	4
2.534	20.8	24.8	24	27.2	3.2
2.536	20.8	24.8	24	26.4	3.2
2.538	21.6	24	24	25.6	4
2.54	20.8	24	24	26.4	4
2.542	20.8	24.8	4.8	26.4	4
2.544	20.8	24.8	4	27.2	4
2.546	21.6	24.8	4.8	26.4	4
2.548	21.6	24	4	27.2	3.2
2.55	20.8	24	4	26.4	3.2
2.552	21.6	15.2	4	27.2	4
2.554	20.8	4	4	26.4	4
2.556	20.8	4	4	26.4	4
2.558	21.6	4.8	4	26.4	4.8
2.56	21.6	4.8	4	26.4	4
2.562	20.8	4.8	4	26.4	4.8
2.564	20.8	4	4	27.2	4
2.566	20.8	4	4	26.4	4
2.568	20.8	4.8	4	26.4	4
2.57	21.6	4	4	26.4	4
2.572	20	4.8	4.8	26.4	4
2.574	21.6	4	4.8	26.4	4
2.576	20.8	4	4.8	26.4	4
2.578	20.8	4	4.8	26.4	4
2.58	21.6	4	4	26.4	4
2.582	21.6	4.8	4	26.4	4
2.584	21.6	4	2.4	26.4	4
2.586	20.8	4	4.8	26.4	4
2.588	20.8	4	4	26.4	4
2.59	20.8	4	4.8	27.2	4
2.592	20	4.8	4	26.4	4
2.594	20.8	4	4	26.4	4
2.596	20.8	4.8	4	26.4	4
2.598	20.8	4	4	27.2	4
2.6	21.6	4	4	26.4	4
2.602	20.8	4	4	26.4	4
2.604	20.8	4	4	26.4	4
2.606	20.8	4	4.8	26.4	4.8
2.608	20.8	4	4	26.4	4
2.61	20.8	4.8	4.8	26.4	4
2.612	20.8	4	4	27.2	4
2.614	20.8	4	4.8	26.4	4.8
2.616	20	4	4.8	27.2	4
2.618	20.8	5.6	4.8	26.4	4.8
2.62	21.6	4.8	4	26.4	4
2.622	20.8	4	3.2	26.4	4
2.624	20.8	4	4.8	26.4	4
2.626	20.8	4.8	4	27.2	4
2.628	20.8	4	4	26.4	4
2.63	20.8	4.8	4	26.4	4
2.632	20.8	4.8	4	26.4	3.2
2.634	20.8	4	4	27.2	3.2
2.636	20.8	4	4	27.2	3.2
2.638	20.8	4.8	3.2	27.2	4
2.64	21.6	4	4	26.4	4
2.642	21.6	4	4	26.4	4.8
2.644	20.8	4.8	4	27.2	3.2
2.646	20.8	4	4	26.4	4
2.648	20.8	4	3.2	26.4	4
2.65	20	4.8	4	26.4	4
2.652	20.8	4	4	26.4	4
2.654	20.8	4	4	26.4	4.8
2.656	20.8	4	4	26.4	4.8
2.658	20.8	4.8	4.8	26.4	4
2.66	20.8	2.4	4	26.4	4
2.662	20.8	4.8	4	26.4	4.8
2.664	20.8	4	4	27.2	4
2.666	21.6	4	4	26.4	4
2.668	20.8	4	4	27.2	3.2
2.67	20.8	4	4	26.4	4
2.672	21.6	4.8	4	27.2	4
2.674	21.6	4.8	4.8	25.6	4
2.676	20.8	4	4	26.4	4
2.678	20.8	4	4	26.4	4
2.68	21.6	4	4	26.4	4
2.682	20.8	4	4	26.4	4
2.684	20.8	4	4.8	26.4	4
2.686	20.8	4.8	4	26.4	4
2.688	20.8	4	4	26.4	4
2.69	20.8	4	3.2	26.4	4
2.692	21.6	4	4	26.4	4
2.694	20.8	4	4	26.4	4.8
2.696	21.6	4.8	4.8	26.4	4
2.698	21.6	4	4	26.4	4
2.7	21.6	4	4	26.4	3.2
2.702	20.8	4	4	27.2	4
2.704	20.8	4.8	4.8	27.2	4
2.706	20.8	4	4	26.4	4.8
2.708	21.6	5.6	4.8	26.4	4.8
2.71	20.8	4.8	4.8	27.2	4
2.712	20.8	4.8	4	26.4	4
2.714	21.6	4.8	4	26.4	4
2.716	20.8	4.8	4	27.2	4
2.718	21.6	4	4.8	27.2	4
2.72	21.6	4.8	4	26.4	4
2.722	21.6	4	4	27.2	4
2.724	22.4	4.8	4	28	4
2.726	20.8	4.8	4	27.2	4.8
2.728	20.8	4	4	26.4	4
2.73	20.8	4	4	26.4	4
2.732	20.8	4.8	4	27.2	4
2.734	21.6	4	4	27.2	4
2.736	22.4	4.8	4	27.2	4
2.738	21.6	4	4.8	27.2	4
2.74	20.8	4	4	26.4	4.8
2.742	20.8	3.2	4	27.2	4
2.744	21.6	4.8	4	26.4	4
2.746	21.6	4	4	26.4	4.8
2.748	21.6	4	4	27.2	4
2.75	20.8	4	4	26.4	3.2
2.752	20.8	4	4.8	27.2	3.2
2.754	21.6	4	4	26.4	4.8
2.756	21.6	4.8	4	27.2	4
2.758	22.4	4.8	4.8	26.4	4.8
2.76	21.6	4	4.8	26.4	4.8
2.762	21.6	4.8	4	28	4
2.764	21.6	4	4	27.2	4
2.766	21.6	4.8	4	27.2	4
2.768	21.6	4	4	26.4	4
2.77	21.6	4	4	26.4	4.8
2.772	20.8	4	4	26.4	4
2.774	22.4	4.8	4	26.4	4
2.776	20.8	4	4.8	26.4	4
2.778	21.6	4	4	26.4	4
2.78	20.8	4	4	26.4	4
2.782	21.6	4.8	4	26.4	4.8
2.784	21.6	4.8	4.8	27.2	4
2.786	21.6	4	4.8	26.4	4
2.788	21.6	4	4	26.4	4
2.79	21.6	5.6	4	26.4	4.8
2.792	20.8	4	4	26.4	4
2.794	22.4	4.8	4.8	26.4	4
2.796	21.6	4.8	4.8	26.4	4
2.798	21.6	4	4.8	26.4	4
2.8	20.8	4	4	26.4	4
2.802	21.6	4	4.8	25.6	4
2.804	21.6	4	3.2	26.4	3.2
2.806	21.6	4.8	5.6	27.2	4
2.808	22.4	4.8	4	26.4	4
2.81	21.6	4.8	4.8	26.4	4
2.812	22.4	4	4	26.4	4
2.814	2.4	4.8	4	25.6	4.8
2.816	2.4	4.8	4.8	27.2	4
2.818	2.4	4	4	26.4	4.8
2.82	2.4	4.8	4.8	26.4	4
2.822	3.2	4	4.8	25.6	4.8
2.824	2.4	4	4	26.4	4
2.826	2.4	4	4	26.4	4
2.828	3.2	4.8	3.2	26.4	4
2.83	2.4	4	4	26.4	4
2.832	2.4	4	3.2	25.6	4
2.834	3.2	4	2.4	25.6	4
2.836	4	4	3.2	26.4	3.2
2.838	3.2	4.8	2.4	25.6	4
2.84	2.4	4	4.8	26.4	4
2.842	2.4	4	4	25.6	4
2.844	2.4	4	4.8	24.8	4
2.846	2.4	4.8	4	25.6	4
2.848	2.4	4	4	26.4	4
2.85	2.4	4	4	25.6	4
2.852	2.4	4	4	25.6	4
2.854	2.4	4	4	24.8	4
2.856	3.2	4	4	25.6	4
2.858	3.2	4	4.8	25.6	4
2.86	2.4	4	4	25.6	4
2.862	2.4	4	4	24.8	3.2
2.864	3.2	4	4	24.8	4
2.866	2.4	4	4	24.8	4.8
2.868	2.4	4	4	24.8	4
2.87	2.4	4	5.6	24	4
2.872	2.4	4	4	24.8	4
2.874	2.4	4.8	4.8	24	4.8
2.876	2.4	4	4	24	4.8
2.878	2.4	4.8	5.6	24	4
2.88	3.2	4	4.8	24	4
2.882	2.4	4	4.8	20.8	4
2.884	2.4	4	4	4	4
2.886	3.2	4	4.8	4	4
2.888	2.4	4	4.8	4	4
2.89	2.4	4	4.8	3.2	4
2.892	2.4	4	4	4	4
2.894	3.2	4	4.8	4	4.8
2.896	2.4	4	4	4	4
2.898	2.4	4.8	4	4	4
2.9	3.2	4	4.8	4	3.2
2.902	3.2	5.6	4	4	4
2.904	2.4	4	4	4	4
2.906	2.4	4	4	4	4
2.908	2.4	4	4	4	4
2.91	2.4	4.8	4	4	3.2
2.912	3.2	4	5.6	4	4
2.914	2.4	4	4	4	4
2.916	2.4	4.8	4	4	4
2.918	2.4	4	4	4	4
2.92	2.4	4	4.8	4	3.2
2.922	2.4	4	4.8	4.8	4
2.924	3.2	4	4	4	4
2.926	2.4	4	5.6	4	4
2.928	3.2	4.8	4	3.2	4
2.93	2.4	4	4.8	4	4
2.932	3.2	4.8	4	4.8	4
2.934	2.4	4.8	4	4.8	4
2.936	1.6	4	4.8	4.8	4
2.938	1.6	4.8	4	4.8	4
2.94	3.2	4.8	4	4	3.2
2.942	2.4	4	4.8	4	4
2.944	2.4	4.8	4.8	4	4
2.946	3.2	4.8	4	4	3.2
2.948	2.4	4	4.8	4.8	3.2
2.95	2.4	4	4	4	4
2.952	3.2	4.8	4	4	3.2
2.954	2.4	4.8	4	4	4
2.956	1.6	4	4.8	4	4
2.958	2.4	4	4	4	4
2.96	2.4	4.8	4	4	3.2
2.962	3.2	4.8	4	4	4
2.964	2.4	4.8	4	4.8	4.8
2.966	3.2	4	4	4	4
2.968	2.4	4	4.8	4	3.2
2.97	2.4	4	4.8	4	4
2.972	3.2	4	4.8	4	4
2.974	2.4	4	4.8	4	4
2.976	2.4	4	4	4	4
2.978	3.2	4	4	4	4
2.98	3.2	4	4	4	4
2.982	3.2	4	3.2	4	4
2.984	3.2	4.8	4	4	3.2
2.986	2.4	4.8	4.8	4	4
2.988	2.4	4	4	4	4
2.99	2.4	4	4	4	4
2.992	2.4	4	4	4	4
2.994	2.4	4.8	4.8	4.8	4
2.996	3.2	4	4	5.6	4
2.998	1.6	4	4	4	4
3	2.4	4	4	4.8	4
3.002	2.4	4	3.2	4	4
3.004	2.4	4	4	4.8	4
3.006	3.2	4	4	4	4
3.008	3.2	4	4	4	4
3.01	2.4	4.8	4	4	4
3.012	3.2	4	4	4	4
3.014	2.4	4.8	4	4	4
3.016	3.2	4	4.8	4	4
3.018	2.4	4	3.2	4	3.2
3.02	2.4	4	4	4	4
3.022	2.4	4	4	4	4.8
3.024	2.4	4.8	4	4.8	3.2
3.026	3.2	4.8	4	4	4
3.028	2.4	4.8	4	4.8	4
3.03	3.2	4	4	4	4
3.032	2.4	4.8	4	4	3.2
3.034	3.2	4	4	4	4
3.036	3.2	4.8	4.8	4	4
3.038	2.4	4.8	4	4	4
3.04	3.2	4.8	3.2	4	3.2
3.042	2.4	4	3.2	4	3.2
3.044	2.4	4.8	5.6	4	3.2
3.046	2.4	4.8	4.8	3.2	4
3.048	2.4	4.8	4.8	4	4
3.05	3.2	4	3.2	4	4
3.052	2.4	4	4	4.8	3.2
3.054	2.4	4	4.8	4	4
3.056	3.2	4.8	4	4.8	4
3.058	2.4	4	4	4	4
3.06	2.4	4	4	4	3.2
3.062	2.4	4	4	4	4
3.064	2.4	4	3.2	4	4
3.066	2.4	4	4.8	4	4
3.068	1.6	5.6	3.2	4	3.2
3.07	2.4	4	4	4	3.2
3.072	3.2	4	4	4	3.2
3.074	3.2	4	4	4	4
3.076	3.2	4	4.8	4	4
3.078	3.2	4.8	4	4	4
3.08	2.4	4	4	4.8	4
3.082	2.4	4	4	4	3.2
3.084	2.4	4	4	4	3.2
3.086	3.2	4.8	4.8	4	4
3.088	2.4	4.8	4	4	4
3.09	2.4	4	4	5.6	4
3.092	3.2	5.6	4.8	4.8	4
3.094	3.2	4	4.8	4.8	4
3.096	2.4	4	4	4	3.2
3.098	2.4	4	4	4	4
3.1	2.4	4.8	4	3.2	4
3.102	1.6	4.8	4	4	3.2
3.104	2.4	4	4	4	4
3.106	3.2	4	4	4	4
3.108	1.6	4.8	4	4	4.8
3.11	2.4	4.8	4	4.8	4
3.112	2.4	4.8	4	4	3.2
3.114	2.4	4	4	4	3.2
3.116	2.4	4	4	4	3.2
3.118	2.4	4	4	4	4
3.12	2.4	4	4	4	4
3.122	1.6	4.8	4	4.8	4
3.124	2.4	4.8	4	4.8	2.4
3.126	1.6	5.6	4	4.8	3.2
3.128	3.2	4	3.2	4	4.8
3.13	2.4	4.8	3.2	4	3.2
3.132	2.4	4.8	4	4.8	4
3.134	2.4	4	4.8	4	3.2
3.136	1.6	4	4	4	3.2
3.138	2.4	4	4	4	3.2
3.14	2.4	4	4	4	4
3.142	2.4	4.8	4	4	4
3.144	2.4	4	4.8	4	3.2
3.146	1.6	4	4	4	4
3.148	2.4	4	4	4	4
3.15	2.4	4.8	4.8	4.8	4
3.152	2.4	4	4	4	4
3.154	2.4	4	4.8	4	4
3.156	2.4	4	4	4	4
3.158	2.4	4	4.8	4.8	4
3.16	2.4	4	4	4	4
3.162	2.4	4	4	4.8	3.2
3.164	2.4	4	4	4	4
3.166	1.6	4	4	4.8	4
3.168	2.4	4	4	4	3.2
3.17	3.2	4.8	4	4	3.2
3.172	2.4	4	4	4	4
3.174	1.6	4.8	4	4	4
3.176	1.6	4.8	4	5.6	4
3.178	2.4	4.8	4	4	3.2
3.18	2.4	4	4	4	4.8
3.182	2.4	4	4	4	4
3.184	1.6	4.8	4.8	4	4
3.186	1.6	4	4	4	4
3.188	2.4	4	4	4	3.2
3.19	1.6	4	4	4	4
3.192	2.4	4.8	4	4	4
3.194	1.6	4	4.8	4	4
3.196	1.6	4.8	4	4	3.2
3.198	2.4	4	4	4.8	3.2
3.2	2.4	4	4	4	3.2
3.202	2.4	4	4	4	4
3.204	1.6	4.8	4.8	4	4
3.206	2.4	4.8	4	4	4
3.208	1.6	4.8	3.2	4	3.2
3.21	1.6	3.2	4	4	4
3.212	1.6	4.8	4	4	4
3.214	2.4	4	4	4	3.2
3.216	1.6	4	4	4	4
3.218	2.4	4.8	4	4	3.2
3.22	2.4	4	4	4	4
3.222	1.6	4.8	4	4	4
3.224	1.6	4.8	4	4	3.2
3.226	1.6	4	4	4	4
3.228	2.4	4	4	4	4
3.23	1.6	4	4	4	4
3.232	2.4	4.8	4	4	4
3.234	2.4	4.8	4	4	4
3.236	1.6	4	4	4	4
3.238	2.4	4.8	4	4	4
3.24	1.6	4	4	4.8	4
3.242	2.4	4.8	4	4	4
3.244	1.6	4	4	4.8	4.8
3.246	1.6	4.8	4	4	4
3.248	2.4	4	4	4	4
3.25	2.4	4	4	4	4
3.252	2.4	4	4	4	4
3.254	1.6	4.8	4.8	4	3.2
3.256	0.8	4	4	4	4
3.258	1.6	4.8	4	4	4
3.26	1.6	4	4	4.8	4
3.262	2.4	4	4	4	3.2
3.264	2.4	4	4	4	4.8
3.266	0.8	4	4	4	3.2
3.268	1.6	4.8	4	4	4
3.27	1.6	4	4.8	4	3.2
3.272	2.4	4	4	4.8	4
3.274	2.4	4	4	4	4
3.276	1.6	4.8	4	4	3.2
3.278	1.6	4	4	4	4
3.28	2.4	4	4	4	3.2
3.282	2.4	4.8	3.2	4.8	4
3.284	1.6	4	4	4	4
3.286	2.4	4	3.2	4	4
3.288	2.4	4.8	4	4.8	4
3.29	2.4	4	3.2	4	3.2
3.292	1.6	4	3.2	4	4
3.294	2.4	4	4	4	3.2
3.296	1.6	4.8	4	4	4
3.298	1.6	4.8	4	4	3.2
3.3	2.4	4	3.2	4	4
3.302	1.6	4	4.8	4	4
3.304	0.8	4	4	4	4
3.306	2.4	4.8	4	4	4.8
3.308	1.6	4.8	3.2	4	4
3.31	2.4	4	4	4	4
3.312	2.4	4	4	4	4
3.314	2.4	4	3.2	4.8	4
3.316	2.4	5.6	3.2	4	4
3.318	0.8	4	4	4	4
3.32	1.6	4	4	3.2	3.2
3.322	1.6	4	4	4	3.2
3.324	1.6	4	4	3.2	4
3.326	2.4	4.8	4	4	3.2
3.328	1.6	4.8	4	4	4
3.33	1.6	4	4	4.8	4
3.332	2.4	4	4	4	4.8
3.334	2.4	4	4	4	4
3.336	2.4	4.8	3.2	4	4
3.338	2.4	4	4	4	3.2
3.34	2.4	4	4	4	3.2
3.342	2.4	4	4	4	4
3.344	2.4	4	4	4	4
3.346	1.6	4.8	4	4	4
3.348	2.4	4	4	3.2	4
3.35	2.4	4	4.8	4	3.2
3.352	2.4	4.8	4	4	4
3.354	2.4	4	4	4.8	4
3.356	1.6	4.8	4	4	4
3.358	2.4	4	4	4	4
3.36	0.8	4.8	4	4	4
3.362	1.6	4	4	4	4
3.364	2.4	4	4	4	4
3.366	1.6	4	4	4	3.2
3.368	0.8	4.8	4.8	4	4
3.37	1.6	4	3.2	4	3.2
3.372	2.4	4	4	4	4
3.374	2.4	4	4	4	4
3.376	1.6	4.8	4	4	4
3.378	1.6	4.8	4	4	4
3.38	1.6	4.8	4	4	3.2
3.382	2.4	4	4.8	4	4
3.384	1.6	4.8	4	4	4
3.386	2.4	4.8	3.2	4	3.2
3.388	1.6	4.8	4	4	3.2
3.39	1.6	4	4	4	2.4
3.392	1.6	4	4	4	4
3.394	1.6	4	4	4	3.2
3.396	2.4	4	4	4	4
3.398	1.6	4	4	4	4
3.4	1.6	4.8	4	4	4
3.402	2.4	4	4	4	4
3.404	1.6	4	4	4.8	3.2
3.406	1.6	4	4	4	4
3.408	1.6	4	4	4	3.2
3.41	1.6	4	4	4	4
3.412	2.4	4	4	4	3.2
3.414	2.4	4.8	4	4	4.8
3.416	2.4	4	4	4	4
3.418	1.6	4	4	4	4
3.42	1.6	4.8	4	4	3.2
3.422	1.6	4	4	4	4
3.424	2.4	4	4	4	3.2
3.426	1.6	4.8	4	4	3.2
3.428	1.6	5.6	3.2	4	3.2
3.43	1.6	4	4	4	3.2
3.432	0.8	4	4	4	3.2
3.434	2.4	4	4	4	3.2
3.436	1.6	4	4	4	4
3.438	1.6	4	4	4	3.2
3.44	1.6	4.8	4.8	4	4
3.442	1.6	3.2	4	4	4
3.444	2.4	4	4	4	4
3.446	1.6	4	4	4	3.2
3.448	0.8	4	4	4	3.2
3.45	1.6	4	4	4	4
3.452	1.6	4	4	4	3.2
3.454	2.4	4	4	4	3.2
3.456	1.6	4	4	4	3.2
3.458	1.6	4	4	4	4
3.46	1.6	4	4	4.8	4
3.462	0.8	4	4	4	4
3.464	1.6	4	4	4	3.2
3.466	1.6	4	4	4	4
3.468	1.6	4	4	4	4
3.47	2.4	4	4	4	4
3.472	1.6	3.2	4	4	3.2
3.474	1.6	4.8	4	4	4
3.476	1.6	4	4	4	3.2
3.478	1.6	4	4	4	3.2
3.48	1.6	4	4	4	3.2
3.482	1.6	3.2	4	3.2	3.2
3.484	0.8	4	4	4	4
3.486	1.6	4	4	4.8	3.2
3.488	2.4	3.2	4	4	4
3.49	0.8	4	4	4	3.2
3.492	1.6	4.8	4	4	3.2
3.494	1.6	4	4	4	3.2
3.496	1.6	4	4	4	4
3.498	2.4	4	4	3.2	3.2
3.5	1.6	4.8	4	4.8	3.2
3.502	1.6	4.8	4	4	4
3.504	1.6	4	4	4	4
3.506	0.8	3.2	4	4.8	2.4
3.508	1.6	4.8	4	4.8	3.2
3.51	0.8	3.2	4	4	3.2
3.512	0.8	2.4	4	4	4
3.514	0.8	4	4	4	3.2
3.516	1.6	4.8	4	4	3.2
3.518	1.6	4	4	4	4
3.52	1.6	4	4	4	4
3.522	1.6	4.8	3.2	4	4
3.524	0.8	5.6	4	4	3.2
3.526	0.8	4.8	3.2	4.8	4
3.528	1.6	4.8	4	4	3.2
3.53	1.6	5.6	4	4	4
3.532	1.6	3.2	4	4	3.2
3.534	1.6	4	4	4	3.2
3.536	1.6	3.2	4.8	4	3.2
3.538	0.8	4	4	4	2.4
3.54	1.6	4.8	3.2	4	4
3.542	0.8	4	4	4	4
3.544	0.8	4	4	4	4
3.546	1.6	4	4	4	4
3.548	1.6	4	4	4	3.2
3.55	1.6	4	4	4.8	3.2
3.552	0.8	4	3.2	4	3.2
3.554	1.6	4	4	3.2	3.2
3.556	1.6	4	4	4	3.2
3.558	1.6	4	4	4	4
3.56	0.8	4	3.2	4	3.2
3.562	1.6	4	4	4	4
3.564	0.8	4	4.8	4	3.2
3.566	0.8	4	4	4	4
3.568	0	3.2	3.2	4	3.2
3.57	1.6	3.2	4	4	4
3.572	1.6	4	4	4	3.2
3.574	2.4	4.8	4	4	4
3.576	1.6	4	4	4	3.2
3.578	0.8	4.8	4	4	4
3.58	0	4	3.2	3.2	3.2
3.582	2.4	4	4	4	4
3.584	0.8	4	3.2	4	3.2
3.586	0.8	4	4.8	4	3.2
3.588	0.8	3.2	4	4	3.2
3.59	0.8	4	4	4	3.2
3.592	0.8	4.8	3.2	4	3.2
3.594	0.8	4	4	3.2	4
3.596	0.8	4	4	4	4
3.598	0.8	3.2	4	4	4
3.6	0.8	4	4	4	3.2
3.602	0.8	4	4	4	4
3.604	0.8	4	4	4	4
3.606	1.6	4	4	4	4
3.608	0.8	4	3.2	4	3.2
3.61	1.6	4	3.2	4	3.2
3.612	0.8	4.8	4	4	3.2
3.614	0.8	4	4	4	3.2
3.616	0.8	4.8	4	4	3.2
3.618	0.8	4	4	4	3.2
3.62	1.6	3.2	4	4.8	3.2
3.622	0.8	3.2	3.2	4	3.2
3.624	0.8	4	4	4	3.2
3.626	0.8	4.8	4	4	3.2
3.628	1.6	4	4	4	3.2
3.63	1.6	3.2	4	4	3.2
3.632	1.6	4	3.2	4	3.2
3.634	0.8	4	4	3.2	3.2
3.636	0.8	4	4	4	3.2
3.638	0.8	4	4	4	3.2
3.64	0.8	4	4	4.8	3.2
3.642	1.6	4	3.2	4	3.2
3.644	0.8	4	4	4	4
3.646	1.6	3.2	4	4	3.2
3.648	0.8	3.2	4	4	4
3.65	1.6	4	4	4.8	3.2
3.652	0.8	3.2	4	3.2	3.2
3.654	1.6	4	3.2	4	3.2
3.656	0.8	4	4	4	3.2
3.658	1.6	4	4	4	4
3.66	0.8	4	4	4	3.2
3.662	0.8	4	4	4	4
3.664	0.8	4	3.2	4	4.8
3.666	1.6	4	4	4	4
3.668	0.8	4	4	4	2.4
3.67	1.6	3.2	4	4	3.2
3.672	0.8	4	4	4	3.2
3.674	2.4	4	4	4	4
3.676	1.6	3.2	4.8	4	4
3.678	1.6	3.2	4	4	3.2
3.68	1.6	4	4	4	3.2
3.682	0.8	4	4	4	4
3.684	0.8	4	4	4	3.2
3.686	0.8	4	4	4	4
3.688	1.6	3.2	4	4	3.2
3.69	1.6	3.2	4	4	4
3.692	0.8	4	4	4	3.2
3.694	1.6	4	3.2	4	4
3.696	0.8	4	3.2	3.2	3.2
3.698	0.8	4	4	4	4
3.7	1.6	4	4	4	4
3.702	1.6	4	4	5.6	3.2
3.704	1.6	4.8	3.2	3.2	4
3.706	0.8	3.2	4	4	4.8
3.708	0.8	4	4	4	4
3.71	0.8	4	4	4	3.2
3.712	0.8	4	4	4	3.2
3.714	1.6	4	4	4	3.2
3.716	0.8	4	4	4.8	3.2
3.718	1.6	4	4	4	3.2
3.72	0.8	4	4	4	3.2
3.722	0.8	3.2	4	4	3.2
3.724	0.8	3.2	3.2	4	3.2
3.726	0.8	4.8	3.2	4	4
3.728	1.6	3.2	3.2	4	3.2
3.73	1.6	3.2	4	3.2	4
3.732	1.6	3.2	4	4	3.2
3.734	1.6	4	4	4	3.2
3.736	1.6	3.2	3.2	4	3.2
3.738	0.8	4	4	4	4
3.74	1.6	2.4	4	4	3.2
3.742	1.6	4	4	4	4
3.744	1.6	4	4	4.8	4
3.746	1.6	4	4	4.8	3.2
3.748	0.8	3.2	4.8	4	4
3.75	0.8	4	4	3.2	4
3.752	0.8	4	4	3.2	3.2
3.754	1.6	3.2	4	4	3.2
3.756	2.4	3.2	4	4	3.2
3.758	1.6	4	3.2	4	4
3.76	1.6	4	4	4	3.2
3.762	1.6	4	4	4	3.2
3.764	1.6	4	4	4	3.2
3.766	1.6	4	3.2	4.8	3.2
3.768	0.8	4	3.2	4	3.2
3.77	0.8	4	4	4	3.2
3.772	1.6	3.2	4.8	3.2	4
3.774	1.6	4	4	4	4
3.776	1.6	4	4	4	3.2
3.778	1.6	4	4	4	3.2
3.78	1.6	3.2	3.2	4	3.2
3.782	1.6	4	4	4	3.2
3.784	0.8	4	4	4	4
3.786	2.4	4	3.2	4	3.2
3.788	2.4	4	3.2	4	3.2
3.79	0.8	4	4	4	4
3.792	1.6	3.2	4	3.2	3.2
3.794	0.8	4	4	4	3.2
3.796	0.8	4	4	4	4
3.798	1.6	4	4	4	3.2
3.8	1.6	3.2	4	4	4
3.802	1.6	3.2	4	4	4
3.804	1.6	4	3.2	4	3.2
3.806	2.4	4	4	4	3.2
3.808	0.8	4	4	4	4
3.81	1.6	4	4	4	3.2
3.812	1.6	3.2	4	4	4
3.814	2.4	3.2	4	4	4
3.816	0.8	4	4	4	3.2
3.818	2.4	4	4	4	4
3.82	0.8	4	4	3.2	3.2
3.822	1.6	4	4	4	3.2
3.824	1.6	4	4	3.2	3.2
3.826	0.8	3.2	4	3.2	4
3.828	1.6	4	4	4	3.2
3.83	0.8	4	4	4	4
3.832	1.6	4	4	4	4
3.834	1.6	4	4	4	3.2
3.836	1.6	3.2	4	4	3.2
3.838	1.6	3.2	4	4	3.2
3.84	1.6	4	4	4	3.2
3.842	2.4	4	4	4	3.2
3.844	1.6	4	4	4	4
3.846	1.6	4	3.2	4	4
3.848	0.8	4	4	4	3.2
3.85	1.6	4	3.2	4	3.2
3.852	1.6	3.2	4	4	3.2
3.854	1.6	4	4	4	4
3.856	1.6	4	3.2	4	3.2
3.858	1.6	4	3.2	4	3.2
3.86	1.6	4	3.2	4	3.2
3.862	0.8	4	4	4	3.2
3.864	1.6	4	4	4	3.2
3.866	1.6	3.2	4	4	4
3.868	1.6	4	4	3.2	4
3.87	1.6	4	3.2	4	3.2
3.872	1.6	3.2	4	4	3.2
3.874	1.6	3.2	3.2	4	3.2
3.876	2.4	4	4	3.2	3.2
3.878	1.6	4	4	4	3.2
3.88	1.6	3.2	4	3.2	4
3.882	2.4	4	3.2	4	4
3.884	1.6	3.2	4	4	3.2
3.886	2.4	4	4	4	4
3.888	1.6	4	4	4	4
3.89	0.8	4	4	4	3.2
3.892	2.4	3.2	4	4	3.2
3.894	1.6	4	4	3.2	3.2
3.896	2.4	4	4	4	3.2
3.898	2.4	2.4	4	4	3.2
3.9	1.6	3.2	4	3.2	3.2
3.902	1.6	3.2	4	4	3.2
3.904	1.6	4	3.2	4	3.2
3.906	1.6	4	4	4.8	3.2
3.908	1.6	4	5.6	4.8	3.2
3.91	2.4	4	4	4	3.2
3.912	1.6	3.2	4	4	3.2
3.914	1.6	3.2	3.2	4	4
3.916	2.4	4	4	4.8	4
3.918	1.6	3.2	4	4	3.2
3.92	1.6	4	4	3.2	4
3.922	1.6	4	4	4	4
3.924	1.6	4	3.2	4	3.2
3.926	1.6	4	3.2	4	3.2
3.928	0.8	3.2	4	4.8	3.2
3.93	1.6	3.2	4	3.2	4
3.932	2.4	4	4	4	3.2
3.934	2.4	4	4	3.2	3.2
3.936	1.6	4	4	3.2	3.2
3.938	2.4	4	4	4	3.2
3.94	1.6	4	4	4	4
3.942	1.6	3.2	4	3.2	4
3.944	1.6	4	4	4	3.2
3.946	1.6	3.2	4	4	4
3.948	2.4	3.2	4	4	3.2
3.95	1.6	4	4	4	4
3.952	2.4	4	3.2	3.2	4
3.954	1.6	3.2	4	3.2	3.2
3.956	1.6	3.2	3.2	4.8	4
3.958	2.4	3.2	3.2	4	3.2
3.96	1.6	4	3.2	4	3.2
3.962	2.4	4	4.8	4	3.2
3.964	2.4	4	3.2	4	4
3.966	2.4	3.2	4	4	2.4
3.968	1.6	3.2	4	4	4
3.97	1.6	4	4	4	3.2
3.972	1.6	3.2	3.2	4	4
3.974	2.4	3.2	4	4	3.2
3.976	1.6	3.2	3.2	4	4
3.978	1.6	3.2	4	4	3.2
3.98	2.4	3.2	4	4	3.2
3.982	2.4	4	4	4	3.2
3.984	2.4	3.2	3.2	4	4
3.986	1.6	4	4	4	3.2
3.988	2.4	3.2	4	4	4
3.99	2.4	4	4	4	3.2
3.992	2.4	4	4	4.8	4.8
3.994	2.4	4	4	4	4
3.996	2.4	3.2	3.2	4	3.2
3.998	2.4	3.2	3.2	4	3.2
4	2.4	3.2	4	4	4.8
4.002	2.4	4	3.2	4	4
4.004	2.4	3.2	3.2	4	3.2
4.006	2.4	3.2	4	3.2	4
4.008	2.4	4	4	4	3.2
4.01	2.4	3.2	4	3.2	3.2
4.012	2.4	4	3.2	4	3.2
4.014	1.6	3.2	4	4	3.2
4.016	2.4	3.2	4.8	4	3.2
4.018	2.4	3.2	3.2	4	4
4.02	2.4	4	3.2	4	3.2
4.022	2.4	3.2	4	4	4
4.024	2.4	3.2	4	4.8	3.2
4.026	2.4	3.2	3.2	2.4	3.2
4.028	2.4	4	3.2	4	3.2
4.03	1.6	4	4	4	4
4.032	2.4	4	4	4	3.2
4.034	2.4	4	4	4	4
4.036	2.4	3.2	4	3.2	3.2
4.038	2.4	3.2	4	4	3.2
4.04	1.6	4	4	4.8	3.2
4.042	2.4	3.2	4	4	3.2
4.044	2.4	4	4	4	4
4.046	3.2	3.2	4	3.2	3.2
4.048	2.4	3.2	4	3.2	3.2
4.05	2.4	4	4	4	3.2
4.052	1.6	4	4	4	4
4.054	2.4	3.2	4	4	4
4.056	2.4	4	4	3.2	3.2
4.058	2.4	3.2	3.2	4	3.2
4.06	2.4	4	4	4	3.2
4.062	2.4	3.2	4	3.2	3.2
4.064	1.6	4	3.2	4	3.2
4.066	2.4	2.4	3.2	4	4
4.068	2.4	3.2	4	4	3.2
4.07	2.4	3.2	4	3.2	4
4.072	2.4	4	3.2	4	3.2
4.074	2.4	4	4	4	4
4.076	1.6	4	4	3.2	3.2
4.078	1.6	4	4	3.2	3.2
4.08	2.4	4	4	3.2	3.2
4.082	2.4	3.2	4	4.8	4
4.084	2.4	3.2	4	4	4
4.086	2.4	3.2	4	4	4
4.088	2.4	3.2	4	3.2	3.2
4.09	2.4	3.2	4	4	3.2
4.092	2.4	3.2	4	4	3.2
4.094	2.4	4	4	4	3.2
4.096	2.4	4	4	4	3.2
4.098	3.2	3.2	4	4	3.2
4.1	3.2	3.2	4	3.2	3.2
4.102	2.4	4	4	4	3.2
4.104	2.4	3.2	3.2	4.8	3.2
4.106	3.2	3.2	4	4.8	4
4.108	1.6	3.2	4	4	4
4.11	2.4	3.2	4	4	4
4.112	2.4	4	4	4	3.2
4.114	2.4	4	4	4	4
4.116	3.2	3.2	4	3.2	4
4.118	2.4	3.2	3.2	3.2	3.2
4.12	1.6	3.2	4	4	3.2
4.122	2.4	4	3.2	4	3.2
4.124	2.4	4	3.2	3.2	4
4.126	2.4	4	3.2	4	3.2
4.128	2.4	3.2	4	4	3.2
4.13	2.4	3.2	3.2	4	3.2
4.132	3.2	3.2	4	3.2	3.2
4.134	2.4	3.2	3.2	4	3.2
4.136	2.4	4	3.2	4	3.2
4.138	2.4	3.2	4	4	3.2
4.14	3.2	3.2	4	3.2	3.2
4.142	2.4	3.2	4	4	4
4.144	2.4	3.2	4	3.2	3.2
4.146	2.4	3.2	4	3.2	4
4.148	2.4	4	3.2	4	4
4.15	2.4	3.2	3.2	4	3.2
4.152	2.4	4	4	3.2	3.2
4.154	2.4	4	4	3.2	3.2
4.156	2.4	3.2	3.2	4	2.4
4.158	2.4	3.2	4	4	4
4.16	3.2	3.2	3.2	4	3.2
4.162	2.4	3.2	4	4	3.2
4.164	2.4	3.2	3.2	3.2	3.2
4.166	3.2	3.2	4	4	3.2
4.168	2.4	3.2	3.2	4	4
4.17	2.4	4	4	3.2	4
4.172	2.4	2.4	4	4	3.2
4.174	3.2	3.2	4	4.8	3.2
4.176	2.4	3.2	3.2	4	3.2
4.178	3.2	4	3.2	4	3.2
4.18	2.4	3.2	4	4	3.2
4.182	1.6	3.2	4	3.2	3.2
4.184	2.4	3.2	4	4	3.2
4.186	2.4	4	4	4	3.2
4.188	2.4	3.2	4	4	4
4.19	2.4	3.2	4	4	3.2
4.192	3.2	3.2	4	4	3.2
4.194	2.4	3.2	4	3.2	2.4
4.196	2.4	3.2	4	4	4
4.198	2.4	3.2	3.2	3.2	3.2
4.2	1.6	3.2	3.2	4	3.2
4.202	2.4	3.2	4	3.2	3.2
4.204	2.4	3.2	4	3.2	3.2
4.206	3.2	3.2	3.2	4	3.2
4.208	3.2	3.2	4	4	3.2
4.21	2.4	3.2	3.2	4	3.2
4.212	3.2	3.2	4	3.2	4
4.214	3.2	3.2	4	4	3.2
4.216	3.2	3.2	3.2	3.2	3.2
4.218	2.4	3.2	4	4	3.2
4.22	3.2	3.2	3.2	4	3.2
4.222	2.4	3.2	4	3.2	3.2
4.224	3.2	3.2	4	4	3.2
4.226	2.4	4	3.2	3.2	4
4.228	2.4	3.2	3.2	4	4
4.23	4	3.2	3.2	4	3.2
4.232	2.4	3.2	4	3.2	3.2
4.234	2.4	3.2	3.2	4	3.2
4.236	2.4	3.2	3.2	3.2	3.2
4.238	2.4	3.2	3.2	3.2	3.2
4.24	2.4	4	3.2	4	4
4.242	2.4	4	4	3.2	3.2
4.244	3.2	3.2	4	3.2	3.2
4.246	3.2	3.2	4	3.2	3.2
4.248	2.4	3.2	4	4	3.2
4.25	3.2	4	4	4	3.2
4.252	2.4	3.2	3.2	4	3.2
4.254	2.4	3.2	4	3.2	3.2
4.256	3.2	3.2	4	3.2	4
4.258	3.2	3.2	4	4	3.2
4.26	2.4	4	3.2	4	3.2
4.262	2.4	3.2	4	4	3.2
4.264	2.4	3.2	4	3.2	4
4.266	3.2	3.2	3.2	3.2	3.2
4.268	3.2	3.2	3.2	3.2	3.2
4.27	3.2	4	4	4	3.2
4.272	2.4	3.2	3.2	3.2	3.2
4.274	3.2	4	4	4	4
4.276	3.2	3.2	3.2	3.2	3.2
4.278	3.2	3.2	4	4	3.2
4.28	3.2	4	4	4	3.2
4.282	3.2	3.2	4	4	4
4.284	2.4	4	4	3.2	3.2
4.286	2.4	3.2	4	3.2	2.4
4.288	3.2	3.2	4	3.2	3.2
4.29	3.2	3.2	4	4	3.2
4.292	2.4	3.2	4	3.2	4
4.294	2.4	3.2	3.2	3.2	4
4.296	2.4	4	4	4	3.2
4.298	3.2	3.2	4	4	4
4.3	3.2	3.2	4	3.2	3.2
4.302	2.4	3.2	4	4	3.2
4.304	2.4	3.2	4.8	4	3.2
4.306	2.4	1.6	3.2	3.2	4
4.308	3.2	3.2	4	3.2	3.2
4.31	3.2	3.2	3.2	4	4
4.312	2.4	4	3.2	4	3.2
4.314	2.4	4	3.2	3.2	3.2
4.316	3.2	3.2	4	3.2	4
4.318	3.2	3.2	4	3.2	4
4.32	3.2	3.2	4.8	3.2	3.2
4.322	2.4	3.2	4	3.2	3.2
4.324	3.2	3.2	4	4	3.2
4.326	3.2	3.2	4	3.2	4
4.328	2.4	4	4	3.2	3.2
4.33	2.4	3.2	3.2	3.2	3.2
4.332	2.4	2.4	4	3.2	4
4.334	3.2	3.2	3.2	3.2	3.2
4.336	2.4	3.2	3.2	3.2	3.2
4.338	3.2	3.2	4	4	3.2
4.34	3.2	3.2	4	3.2	3.2
4.342	2.4	4	4	3.2	3.2
4.344	2.4	4	4	4	4
4.346	3.2	2.4	3.2	4	3.2
4.348	3.2	3.2	4	3.2	3.2
4.35	3.2	3.2	3.2	3.2	4
4.352	2.4	3.2	3.2	3.2	3.2
4.354	3.2	4	4	3.2	3.2
4.356	3.2	3.2	4	3.2	3.2
4.358	3.2	3.2	4	3.2	3.2
4.36	3.2	3.2	3.2	3.2	3.2
4.362	3.2	3.2	4	3.2	3.2
4.364	2.4	3.2	4	4	3.2
4.366	3.2	3.2	4	3.2	3.2
4.368	3.2	3.2	3.2	3.2	3.2
4.37	3.2	3.2	3.2	3.2	3.2
4.372	3.2	3.2	4	4	3.2
4.374	2.4	4	4	3.2	4
4.376	2.4	4	4	4	3.2
4.378	3.2	4	4	3.2	3.2
4.38	3.2	4	3.2	3.2	3.2
4.382	2.4	3.2	3.2	3.2	4
4.384	3.2	3.2	4	3.2	3.2
4.386	3.2	4	4	3.2	2.4
4.388	2.4	3.2	3.2	4.8	3.2
4.39	3.2	3.2	4	3.2	3.2
4.392	2.4	4	3.2	3.2	3.2
4.394	3.2	3.2	4	3.2	3.2
4.396	3.2	4	4	3.2	3.2
4.398	2.4	3.2	4	3.2	3.2
4.4	3.2	3.2	4	3.2	3.2
4.402	4	4	4	2.4	3.2
4.404	2.4	3.2	4	3.2	4
4.406	3.2	3.2	4.8	3.2	2.4
4.408	2.4	3.2	4	3.2	3.2
4.41	2.4	4	4	3.2	3.2
4.412	2.4	3.2	4	3.2	4
4.414	3.2	3.2	4	3.2	3.2
4.416	2.4	3.2	4	3.2	4
4.418	2.4	3.2	4	3.2	3.2
4.42	3.2	3.2	3.2	3.2	3.2
4.422	3.2	4	4	3.2	3.2
4.424	2.4	4	3.2	3.2	3.2
4.426	2.4	4	4	3.2	3.2
4.428	2.4	2.4	4	3.2	3.2
4.43	2.4	3.2	3.2	3.2	4
4.432	3.2	3.2	3.2	3.2	4
4.434	2.4	3.2	4	3.2	3.2
4.436	3.2	3.2	4	3.2	4
4.438	3.2	3.2	3.2	3.2	3.2
4.44	4	2.4	4	3.2	3.2
4.442	3.2	3.2	3.2	3.2	3.2
4.444	2.4	2.4	3.2	3.2	3.2
4.446	2.4	3.2	4	3.2	3.2
4.448	2.4	3.2	3.2	3.2	3.2
4.45	3.2	3.2	4	3.2	3.2
4.452	3.2	3.2	3.2	3.2	4
4.454	3.2	3.2	4	3.2	3.2
4.456	4	4	4	4	4
4.458	3.2	3.2	3.2	3.2	3.2
4.46	3.2	3.2	3.2	3.2	3.2
4.462	2.4	3.2	3.2	3.2	3.2
4.464	3.2	4	4	3.2	4
4.466	2.4	3.2	4	3.2	3.2
4.468	3.2	4	3.2	3.2	3.2
4.47	4	3.2	4	3.2	3.2
4.472	3.2	4	3.2	3.2	4
4.474	3.2	4	3.2	3.2	3.2
4.476	3.2	4	4	3.2	4
4.478	3.2	4	4	3.2	3.2
4.48	2.4	3.2	4	4	3.2
4.482	2.4	3.2	4	4	4
4.484	3.2	3.2	4	2.4	3.2
4.486	2.4	3.2	4	3.2	3.2
4.488	3.2	2.4	3.2	3.2	4
4.49	3.2	3.2	4	3.2	3.2
4.492	2.4	3.2	3.2	3.2	4
4.494	2.4	3.2	3.2	3.2	3.2
4.496	3.2	3.2	3.2	3.2	3.2
4.498	3.2	3.2	4.8	2.4	3.2
4.5	3.2	3.2	4	3.2	3.2
4.502	3.2	3.2	4	3.2	3.2
4.504	2.4	3.2	4	3.2	3.2
4.506	3.2	3.2	4	3.2	3.2
4.508	3.2	3.2	4	3.2	2.4
4.51	3.2	3.2	4	3.2	3.2
4.512	2.4	4	4	3.2	4
4.514	2.4	3.2	3.2	3.2	4
4.516	2.4	3.2	4.8	3.2	3.2
4.518	4	4	4	3.2	3.2
4.52	3.2	4	4	3.2	4
4.522	3.2	3.2	3.2	3.2	4
4.524	3.2	3.2	4	3.2	4
4.526	3.2	3.2	4	4	3.2
4.528	3.2	4	4	3.2	3.2
4.53	3.2	3.2	4	3.2	3.2
4.532	2.4	3.2	3.2	3.2	3.2
4.534	2.4	2.4	3.2	3.2	3.2
4.536	3.2	3.2	4	4	3.2
4.538	3.2	3.2	3.2	3.2	3.2
4.54	2.4	3.2	4	3.2	3.2
4.542	3.2	3.2	3.2	3.2	3.2
4.544	2.4	3.2	3.2	3.2	4
4.546	3.2	3.2	4	3.2	3.2
4.548	3.2	4	4	4	3.2
4.55	3.2	4	4	3.2	4
4.552	4	3.2	4	3.2	3.2
4.554	2.4	3.2	3.2	3.2	3.2
4.556	3.2	-102.4	4	3.2	3.2
4.558	3.2	-102.4	4	3.2	4
4.56	2.4	-102.4	3.2	3.2	3.2
4.562	2.4	-102.4	4	3.2	4
4.564	2.4	-102.4	4	2.4	-102.4
4.566	2.4	-102.4	4	3.2	-102.4
4.568	3.2	-102.4	4	3.2	-102.4
4.57	2.4	-102.4	4	3.2	-102.4
4.572	2.4	-102.4	3.2	2.4	-102.4
4.574	3.2	-102.4	3.2	3.2	-102.4
4.576	3.2	-102.4	4	3.2	-102.4
4.578	2.4	-102.4	4	2.4	-102.4
4.58	3.2	-102.4	4	3.2	-102.4
4.582	2.4	-102.4	4	3.2	-102.4
4.584	3.2	-102.4	3.2	3.2	-102.4
4.586	3.2	-102.4	3.2	3.2	-102.4
4.588	2.4	-102.4	4	3.2	-102.4
4.59	3.2	-102.4	4	2.4	-102.4
4.592	3.2	-102.4	4	3.2	-102.4
4.594	2.4	-102.4	3.2	2.4	-102.4
4.596	3.2	-102.4	4	4	-102.4
4.598	1.6	-102.4	3.2	3.2	-102.4
4.6	3.2	-102.4	4	3.2	-102.4
4.602	2.4	-102.4	3.2	3.2	-102.4
4.604	3.2	-102.4	3.2	3.2	-102.4
4.606	3.2	-102.4	3.2	3.2	-102.4
4.608	2.4	-102.4	3.2	3.2	-102.4
4.61	3.2	-102.4	4	3.2	-102.4
4.612	3.2	-102.4	4	2.4	-102.4
4.614	3.2	-102.4	3.2	3.2	-102.4
4.616	3.2	-102.4	3.2	3.2	-102.4
4.618	3.2	-102.4	4	4	-102.4
4.62	3.2	-102.4	4	4	-102.4
4.622	3.2	-102.4	3.2	3.2	-102.4
4.624	3.2	-102.4	3.2	3.2	-102.4
4.626	3.2	-102.4	4	4	-102.4
4.628	3.2	-102.4	4	3.2	-102.4
4.63	2.4	-102.4	4	3.2	-102.4
4.632	3.2	-102.4	4	2.4	-102.4
4.634	3.2	-102.4	3.2	3.2	-102.4
4.636	2.4	-102.4	3.2	3.2	-102.4
4.638	3.2	-102.4	3.2	4	-102.4
4.64	3.2	-102.4	3.2	3.2	-102.4
4.642	3.2	-102.4	4	2.4	-102.4
4.644	3.2	-102.4	3.2	1.6	-102.4
4.646	3.2	-102.4	4	3.2	-102.4
4.648	3.2	-102.4	3.2	3.2	-102.4
4.65	2.4	-102.4	4	3.2	-102.4
4.652	3.2	-102.4	4	3.2	-102.4
4.654	3.2	-102.4	4	2.4	-102.4
4.656	3.2	-102.4	3.2	3.2	-102.4
4.658	2.4	-102.4	4	4	-102.4
4.66	2.4	-102.4	4	3.2	-102.4
4.662	2.4	-102.4	4	3.2	-102.4
4.664	3.2	-102.4	4	3.2	-102.4
4.666	3.2	-102.4	4	3.2	-102.4
4.668	2.4	-102.4	3.2	3.2	-102.4
4.67	3.2	-102.4	4	3.2	-102.4
4.672	4	-102.4	4	3.2	-102.4
4.674	3.2	-102.4	4	3.2	-102.4
4.676	2.4	-102.4	4	3.2	-102.4
4.678	2.4	-102.4	3.2	3.2	-102.4
4.68	3.2	-102.4	4	4	-102.4
4.682	4	-102.4	4	3.2	-102.4
4.684	3.2	-102.4	4	3.2	-102.4
4.686	3.2	-102.4	3.2	3.2	-102.4
4.688	2.4	-102.4	4	3.2	-102.4
4.69	3.2	-102.4	3.2	3.2	-102.4
4.692	3.2	-102.4	4	3.2	-102.4
4.694	3.2	-102.4	4	3.2	-102.4
4.696	2.4	-102.4	4	2.4	-102.4
4.698	3.2	-102.4	3.2	3.2	-102.4
4.7	3.2	-102.4	3.2	3.2	-102.4
4.702	3.2	-102.4	4	3.2	-102.4
4.704	3.2	-102.4	4	3.2	-102.4
4.706	2.4	-102.4	4	3.2	-102.4
4.708	3.2	-102.4	4	3.2	-102.4
4.71	3.2	-102.4	3.2	3.2	-102.4
4.712	3.2	-102.4	4	3.2	-102.4
4.714	3.2	-102.4	4	3.2	-102.4
4.716	3.2	-102.4	4	3.2	-102.4
4.718	2.4	-102.4	3.2	3.2	-102.4
4.72	2.4	-102.4	4	3.2	-102.4
4.722	3.2	-102.4	3.2	3.2	-102.4
4.724	3.2	-102.4	3.2	3.2	-102.4
4.726	3.2	-102.4	4	3.2	-102.4
4.728	3.2	-102.4	3.2	3.2	-102.4
4.73	3.2	-102.4	4	3.2	-102.4
4.732	3.2	-102.4	3.2	3.2	-102.4
4.734	2.4	-102.4	4	3.2	-102.4
4.736	2.4	-102.4	4	2.4	-102.4
4.738	2.4	-102.4	4	3.2	-102.4
4.74	3.2	-102.4	3.2	3.2	-102.4
4.742	3.2	-102.4	4	3.2	-102.4
4.744	2.4	-102.4	3.2	3.2	-102.4
4.746	2.4	-102.4	4	2.4	-102.4
4.748	2.4	-102.4	4	3.2	-102.4
4.75	3.2	-102.4	3.2	3.2	-102.4
4.752	3.2	-102.4	3.2	3.2	-102.4
4.754	3.2	-102.4	4	3.2	-102.4
4.756	2.4	-102.4	4	2.4	-102.4
4.758	2.4	-102.4	4	3.2	-102.4
4.76	2.4	-102.4	4	3.2	-102.4
4.762	3.2	-102.4	4	2.4	-102.4
4.764	3.2	-102.4	4	2.4	-102.4
4.766	3.2	-102.4	3.2	3.2	-102.4
4.768	3.2	-102.4	4	3.2	-102.4
4.77	3.2	-102.4	3.2	3.2	-102.4
4.772	2.4	-102.4	3.2	3.2	-102.4
4.774	3.2	-102.4	4	2.4	-102.4
4.776	2.4	-102.4	3.2	3.2	-102.4
4.778	2.4	-102.4	4	3.2	-102.4
4.78	2.4	-102.4	4	3.2	-102.4
4.782	3.2	-102.4	4	3.2	-102.4
4.784	2.4	-102.4	4	3.2	-102.4
4.786	2.4	-102.4	4	3.2	-102.4
4.788	3.2	-102.4	3.2	3.2	-102.4
4.79	2.4	-102.4	4	3.2	-102.4
4.792	3.2	-102.4	4	3.2	-102.4
4.794	3.2	-102.4	3.2	3.2	-102.4
4.796	2.4	-102.4	3.2	2.4	-102.4
4.798	2.4	-102.4	4	3.2	-102.4
4.8	3.2	-102.4	3.2	4	-102.4
4.802	2.4	-102.4	4	3.2	-102.4
4.804	2.4	-102.4	3.2	3.2	-102.4
4.806	3.2	-102.4	4	2.4	-102.4
4.808	3.2	-102.4	3.2	3.2	-102.4
4.81	3.2	-102.4	3.2	4	-102.4
4.812	3.2	-102.4	4	3.2	-102.4
4.814	3.2	-102.4	4	3.2	-102.4
4.816	3.2	-102.4	3.2	3.2	-102.4
4.818	2.4	-102.4	4	3.2	-102.4
4.82	2.4	-102.4	4	3.2	-102.4
4.822	2.4	-102.4	3.2	3.2	-102.4
4.824	3.2	-102.4	4	3.2	-102.4
4.826	3.2	-102.4	4	2.4	-102.4
4.828	3.2	-102.4	3.2	3.2	-102.4
4.83	3.2	-102.4	4	3.2	-102.4
4.832	3.2	-102.4	3.2	4	-102.4
4.834	2.4	-102.4	3.2	3.2	-102.4
4.836	2.4	-102.4	4	4	-102.4
4.838	2.4	-102.4	3.2	3.2	-102.4
4.84	3.2	-102.4	3.2	3.2	-102.4
4.842	3.2	-102.4	3.2	3.2	-102.4
4.844	2.4	-102.4	4	3.2	-102.4
4.846	3.2	-102.4	3.2	3.2	-102.4
4.848	3.2	-102.4	4	3.2	-102.4
4.85	2.4	-102.4	4	3.2	-102.4
4.852	3.2	-102.4	4	3.2	-102.4
4.854	2.4	-102.4	3.2	3.2	-102.4
4.856	3.2	-102.4	4	2.4	-102.4
4.858	3.2	-102.4	4	3.2	-102.4
4.86	2.4	-102.4	4	-102.4	-102.4
4.862	3.2	-102.4	4	-102.4	-102.4
4.864	4	-102.4	4	-102.4	-102.4
4.866	3.2	-102.4	4	-102.4	-102.4
4.868	3.2	-102.4	4	-102.4	-102.4
4.87	3.2	-102.4	3.2	-102.4	-102.4
4.872	2.4	-102.4	4	-102.4	-102.4
4.874	2.4	-102.4	4	-102.4	-102.4
4.876	4	-102.4	3.2	-102.4	-102.4
4.878	3.2	-102.4	4	-102.4	-102.4
4.88	2.4	-102.4	4	-102.4	-102.4
4.882	3.2	-102.4	4	-102.4	-102.4
4.884	4	-102.4	3.2	-102.4	-102.4
4.886	3.2	-102.4	3.2	-102.4	-102.4
4.888	2.4	-102.4	4	-102.4	-102.4
4.89	2.4	-102.4	3.2	-102.4	-102.4
4.892	2.4	-102.4	4	-102.4	-102.4
4.894	2.4	-102.4	3.2	-102.4	-102.4
4.896	2.4	-102.4	3.2	-102.4	-102.4
4.898	2.4	-102.4	3.2	-102.4	-102.4
4.9	3.2	-102.4	4	-102.4	-102.4
4.902	2.4	-102.4	4	-102.4	-102.4
4.904	3.2	-102.4	4	-102.4	-102.4
4.906	2.4	-102.4	3.2	-102.4	-102.4
4.908	3.2	-102.4	3.2	-102.4	-102.4
4.91	3.2	-102.4	4	-102.4	-102.4
4.912	2.4	-102.4	3.2	-102.4	-102.4
4.914	3.2	-102.4	3.2	-102.4	-102.4
4.916	3.2	-102.4	3.2	-102.4	-102.4
4.918	3.2	-102.4	4	-102.4	-102.4
4.92	2.4	-102.4	4	-102.4	-102.4
4.922	2.4	-102.4	4	-102.4	-102.4
4.924	3.2	-102.4	4	-102.4	-102.4
4.926	3.2	-102.4	3.2	-102.4	-102.4
4.928	3.2	-102.4	3.2	-102.4	-102.4
4.93	2.4	-102.4	3.2	-102.4	-102.4
4.932	2.4	-102.4	3.2	-102.4	-102.4
4.934	3.2	-102.4	3.2	-102.4	-102.4
4.936	2.4	-102.4	4	-102.4	-102.4
4.938	2.4	-102.4	3.2	-102.4	-102.4
4.94	2.4	-102.4	3.2	-102.4	-102.4
4.942	2.4	-102.4	3.2	-102.4	-102.4
4.944	3.2	-102.4	4	-102.4	-102.4
4.946	2.4	-102.4	3.2	-102.4	-102.4
4.948	3.2	-102.4	4	-102.4	-102.4
4.95	3.2	-102.4	3.2	-102.4	-102.4
4.952	2.4	-102.4	4	-102.4	-102.4
4.954	2.4	-102.4	4	-102.4	-102.4
4.956	3.2	-102.4	3.2	-102.4	-102.4
4.958	3.2	-102.4	3.2	-102.4	-102.4
4.96	2.4	-102.4	3.2	-102.4	-102.4
4.962	2.4	-102.4	4	-102.4	-102.4
4.964	3.2	-102.4	4	-102.4	-102.4
4.966	2.4	-102.4	3.2	-102.4	-102.4
4.968	3.2	-102.4	3.2	-102.4	-102.4
4.97	3.2	-102.4	3.2	-102.4	-102.4
4.972	3.2	-102.4	4	-102.4	-102.4
4.974	3.2	-102.4	4	-102.4	-102.4
4.976	2.4	-102.4	3.2	-102.4	-102.4
4.978	2.4	-102.4	3.2	-102.4	-102.4
4.98	2.4	-102.4	4	-102.4	-102.4
4.982	3.2	-102.4	4	-102.4	-102.4
4.984	3.2	-102.4	3.2	-102.4	-102.4
4.986	3.2	-102.4	4	-102.4	-102.4
4.988	2.4	-102.4	4	-102.4	-102.4
4.99	2.4	-102.4	4	-102.4	-102.4
4.992	2.4	-102.4	3.2	-102.4	-102.4
4.994	3.2	-102.4	3.2	-102.4	-102.4
4.996	3.2	-102.4	4	-102.4	-102.4
4.998	2.4	-102.4	3.2	-102.4	-102.4
