Time	1st	2nd	3rd	4th	5th
0	-102.4	-102.4	-102.4	-102.4	-102.4
0.002	-102.4	-102.4	-102.4	-102.4	-102.4
0.004	-102.4	-102.4	-102.4	-102.4	-102.4
0.006	-102.4	-102.4	-102.4	-102.4	-102.4
0.008	-102.4	-102.4	-102.4	-102.4	-102.4
0.01	-102.4	-102.4	-102.4	-102.4	-102.4
0.012	-102.4	-102.4	-102.4	-102.4	-102.4
0.014	-102.4	-102.4	-102.4	-102.4	-102.4
0.016	-102.4	-102.4	-102.4	-102.4	-102.4
0.018	-102.4	-102.4	-102.4	-102.4	-102.4
0.02	-102.4	-102.4	-102.4	-102.4	-102.4
0.022	-102.4	-102.4	-102.4	-102.4	-102.4
0.024	-102.4	-102.4	-102.4	-102.4	-102.4
0.026	-102.4	-102.4	-102.4	-102.4	-102.4
0.028	-102.4	-102.4	-102.4	-102.4	-102.4
0.03	-102.4	-102.4	-102.4	-102.4	-102.4
0.032	-102.4	-102.4	-102.4	-102.4	-102.4
0.034	-102.4	-102.4	-102.4	-102.4	-102.4
0.036	-102.4	-102.4	-102.4	-102.4	-102.4
0.038	-102.4	-102.4	-102.4	-102.4	-102.4
0.04	-102.4	-102.4	-102.4	-102.4	-102.4
0.042	-102.4	-102.4	-102.4	-102.4	-102.4
0.044	-102.4	-102.4	-102.4	-102.4	-102.4
0.046	-102.4	-102.4	-102.4	-102.4	-102.4
0.048	-102.4	-102.4	-102.4	-102.4	-102.4
0.05	-102.4	-102.4	-102.4	-102.4	-102.4
0.052	-102.4	-102.4	-102.4	-102.4	-102.4
0.054	-102.4	-102.4	-102.4	-102.4	-102.4
0.056	-102.4	-102.4	-102.4	-102.4	-102.4
0.058	-102.4	-102.4	-102.4	-102.4	-102.4
0.06	-102.4	-102.4	-102.4	-102.4	-102.4
0.062	-102.4	-102.4	-102.4	-102.4	-102.4
0.064	-102.4	-102.4	-102.4	-102.4	-102.4
0.066	-102.4	-102.4	-102.4	-102.4	-102.4
0.068	-102.4	-102.4	-102.4	-102.4	-102.4
0.07	-102.4	-102.4	-102.4	-102.4	-102.4
0.072	-102.4	-102.4	-102.4	-102.4	-102.4
0.074	-102.4	-102.4	-102.4	-102.4	-102.4
0.076	-102.4	-102.4	-102.4	-102.4	-102.4
0.078	-102.4	-102.4	-102.4	-102.4	-102.4
0.08	-102.4	-102.4	-102.4	-102.4	-102.4
0.082	-102.4	-102.4	-102.4	-102.4	-102.4
0.084	-102.4	-102.4	-102.4	-102.4	-102.4
0.086	-102.4	-102.4	-102.4	-102.4	-102.4
0.088	-102.4	-102.4	-102.4	-102.4	-102.4
0.09	-102.4	-102.4	-102.4	-102.4	-102.4
0.092	-102.4	-102.4	-102.4	-102.4	-102.4
0.094	-102.4	-102.4	-102.4	-102.4	-102.4
0.096	-102.4	-102.4	-102.4	-102.4	-102.4
0.098	-102.4	-102.4	3.2	-102.4	-102.4
0.1	-102.4	-102.4	2.4	-102.4	-102.4
0.102	-102.4	-102.4	2.4	-102.4	-102.4
0.104	-102.4	-102.4	3.2	-102.4	-102.4
0.106	-102.4	-102.4	3.2	-102.4	-102.4
0.108	-102.4	-102.4	3.2	-102.4	-102.4
0.11	-102.4	-102.4	3.2	-102.4	-102.4
0.112	-102.4	-102.4	3.2	-102.4	-102.4
0.114	-102.4	-102.4	3.2	-102.4	-102.4
0.116	-102.4	-102.4	4	-102.4	-102.4
0.118	-102.4	-102.4	3.2	-102.4	-102.4
0.12	-102.4	-102.4	4	-102.4	-102.4
0.122	-102.4	-102.4	3.2	-102.4	-102.4
0.124	-102.4	-102.4	3.2	-102.4	-102.4
0.126	-102.4	-102.4	4	-102.4	-102.4
0.128	-102.4	-102.4	3.2	-102.4	-102.4
0.13	-102.4	-102.4	3.2	-102.4	-102.4
0.132	-102.4	-102.4	3.2	-102.4	-102.4
0.134	-102.4	-102.4	3.2	-102.4	-102.4
0.136	-102.4	-102.4	2.4	-102.4	-102.4
0.138	-102.4	-102.4	4	-102.4	-102.4
0.14	-102.4	-102.4	4	-102.4	-102.4
0.142	-102.4	-102.4	4	-102.4	-102.4
0.144	-102.4	-102.4	3.2	-102.4	-102.4
0.146	-102.4	-102.4	3.2	-102.4	-102.4
0.148	-102.4	-102.4	3.2	-102.4	-102.4
0.15	-102.4	-102.4	4	-102.4	-102.4
0.152	-102.4	-102.4	3.2	-102.4	-102.4
0.154	-102.4	-102.4	3.2	-102.4	-102.4
0.156	-102.4	-102.4	4	-102.4	-102.4
0.158	-102.4	-102.4	3.2	-102.4	-102.4
0.16	-102.4	-102.4	3.2	-102.4	-102.4
0.162	-102.4	-102.4	3.2	-102.4	-102.4
0.164	-102.4	-102.4	3.2	-102.4	-102.4
0.166	-102.4	-102.4	3.2	-102.4	-102.4
0.168	-102.4	-102.4	3.2	-102.4	-102.4
0.17	-102.4	-102.4	4	-102.4	-102.4
0.172	-102.4	-102.4	3.2	-102.4	-102.4
0.174	-102.4	-102.4	3.2	-102.4	-102.4
0.176	-102.4	-102.4	3.2	-102.4	-102.4
0.178	-102.4	-102.4	3.2	-102.4	-102.4
0.18	-102.4	-102.4	2.4	-102.4	-102.4
0.182	-102.4	-102.4	3.2	-102.4	-102.4
0.184	-102.4	-102.4	4	-102.4	-102.4
0.186	-102.4	-102.4	4	-102.4	-102.4
0.188	-102.4	-102.4	3.2	-102.4	-102.4
0.19	-102.4	-102.4	3.2	-102.4	-102.4
0.192	-102.4	-102.4	3.2	-102.4	-102.4
0.194	-102.4	-102.4	3.2	-102.4	-102.4
0.196	-102.4	-102.4	3.2	-102.4	-102.4
0.198	-102.4	-102.4	4	-102.4	-102.4
0.2	-102.4	-102.4	4	-102.4	3.2
0.202	-102.4	-102.4	3.2	-102.4	4
0.204	-102.4	-102.4	4	-102.4	3.2
0.206	-102.4	-102.4	3.2	-102.4	3.2
0.208	-102.4	-102.4	3.2	-102.4	3.2
0.21	-102.4	-102.4	4	-102.4	3.2
0.212	-102.4	-102.4	2.4	-102.4	4
0.214	-102.4	-102.4	2.4	-102.4	3.2
0.216	-102.4	-102.4	4	-102.4	3.2
0.218	-102.4	-102.4	4	-102.4	4
0.22	-102.4	-102.4	3.2	-102.4	3.2
0.222	-102.4	-102.4	3.2	-102.4	3.2
0.224	-102.4	-102.4	3.2	-102.4	3.2
0.226	-102.4	-102.4	4	-102.4	4
0.228	-102.4	-102.4	3.2	-102.4	3.2
0.23	-102.4	-102.4	3.2	-102.4	2.4
0.232	-102.4	-102.4	3.2	-102.4	3.2
0.234	-102.4	-102.4	3.2	-102.4	3.2
0.236	-102.4	-102.4	3.2	-102.4	4
0.238	-102.4	-102.4	3.2	-102.4	4
0.24	-102.4	-102.4	4	-102.4	4
0.242	-102.4	-102.4	4	-102.4	3.2
0.244	-102.4	-102.4	3.2	-102.4	3.2
0.246	-102.4	-102.4	3.2	-102.4	4
0.248	-102.4	-102.4	3.2	-102.4	4
0.25	-102.4	-102.4	4	-102.4	4
0.252	-102.4	-102.4	3.2	-102.4	3.2
0.254	-102.4	-102.4	3.2	-102.4	4
0.256	-102.4	-102.4	3.2	-102.4	3.2
0.258	-102.4	-102.4	3.2	-102.4	4
0.26	-102.4	-102.4	3.2	-102.4	3.2
0.262	-102.4	-102.4	3.2	-102.4	4
0.264	-102.4	-102.4	4	-102.4	2.4
0.266	-102.4	-102.4	3.2	-102.4	3.2
0.268	-102.4	-102.4	4	-102.4	4
0.27	-102.4	3.2	3.2	-102.4	3.2
0.272	-102.4	3.2	3.2	-102.4	3.2
0.274	-102.4	1.6	3.2	-102.4	3.2
0.276	-102.4	4	3.2	-102.4	3.2
0.278	-102.4	3.2	2.4	-102.4	4
0.28	-102.4	3.2	4	-102.4	3.2
0.282	-102.4	3.2	3.2	-102.4	4
0.284	-102.4	3.2	3.2	-102.4	4.8
0.286	-102.4	4	4	-102.4	3.2
0.288	-102.4	3.2	4	-102.4	4
0.29	-102.4	4	3.2	-102.4	4
0.292	-102.4	3.2	4	-102.4	4
0.294	-102.4	3.2	4	-102.4	3.2
0.296	-102.4	2.4	3.2	-102.4	3.2
0.298	-102.4	3.2	3.2	-102.4	3.2
0.3	-102.4	3.2	3.2	-102.4	3.2
0.302	-102.4	3.2	3.2	-102.4	4
0.304	-102.4	3.2	3.2	-102.4	3.2
0.306	-102.4	2.4	4	-102.4	4
0.308	-102.4	3.2	4	-102.4	3.2
0.31	-102.4	4	3.2	-102.4	3.2
0.312	-102.4	2.4	2.4	-102.4	2.4
0.314	-102.4	3.2	3.2	-102.4	3.2
0.316	-102.4	3.2	3.2	-102.4	3.2
0.318	-102.4	3.2	3.2	-102.4	4
0.32	-102.4	3.2	4	-102.4	3.2
0.322	-102.4	4	3.2	-102.4	3.2
0.324	-102.4	4	3.2	-102.4	4
0.326	-102.4	3.2	3.2	-102.4	3.2
0.328	-102.4	4	4	-102.4	3.2
0.33	-102.4	3.2	3.2	-102.4	3.2
0.332	-102.4	4	3.2	-102.4	4
0.334	-102.4	4	4	-102.4	3.2
0.336	-102.4	3.2	3.2	-102.4	4
0.338	-102.4	4	3.2	3.2	4
0.34	-102.4	3.2	4.8	3.2	3.2
0.342	-102.4	2.4	2.4	3.2	2.4
0.344	3.2	4	4	3.2	4
0.346	4	3.2	3.2	3.2	3.2
0.348	4	3.2	2.4	2.4	3.2
0.35	3.2	2.4	4	3.2	3.2
0.352	3.2	3.2	3.2	3.2	3.2
0.354	2.4	4	3.2	3.2	3.2
0.356	3.2	3.2	3.2	3.2	3.2
0.358	4	4	3.2	4	3.2
0.36	3.2	2.4	4	4	3.2
0.362	4	3.2	4	3.2	3.2
0.364	3.2	3.2	4	3.2	3.2
0.366	3.2	4	4	3.2	3.2
0.368	3.2	3.2	3.2	3.2	3.2
0.37	3.2	3.2	3.2	3.2	3.2
0.372	3.2	2.4	2.4	3.2	4
0.374	3.2	3.2	4	4	4
0.376	2.4	3.2	4	4	3.2
0.378	3.2	3.2	3.2	2.4	3.2
0.38	3.2	3.2	2.4	3.2	3.2
0.382	4	4	4	3.2	3.2
0.384	4	3.2	4	4	4
0.386	3.2	2.4	4	3.2	3.2
0.388	3.2	3.2	4	3.2	3.2
0.39	3.2	2.4	3.2	3.2	4
0.392	4	3.2	3.2	3.2	3.2
0.394	3.2	3.2	2.4	2.4	3.2
0.396	3.2	4	3.2	4	3.2
0.398	3.2	3.2	3.2	4	4
0.4	3.2	4	3.2	3.2	2.4
0.402	3.2	3.2	3.2	4	2.4
0.404	4	3.2	3.2	3.2	3.2
0.406	3.2	3.2	3.2	3.2	4
0.408	3.2	3.2	4	4	4
0.41	2.4	3.2	3.2	4	3.2
0.412	3.2	3.2	3.2	3.2	3.2
0.414	3.2	3.2	3.2	4	3.2
0.416	3.2	4	3.2	3.2	4
0.418	3.2	3.2	3.2	2.4	3.2
0.42	3.2	3.2	4	3.2	3.2
0.422	3.2	3.2	4	4	3.2
0.424	4	3.2	3.2	3.2	3.2
0.426	3.2	4	3.2	3.2	4
0.428	4	3.2	3.2	4	4
0.43	3.2	3.2	3.2	3.2	4
0.432	3.2	3.2	4	3.2	3.2
0.434	3.2	3.2	3.2	3.2	4
0.436	3.2	3.2	3.2	4	3.2
0.438	3.2	3.2	3.2	3.2	3.2
0.44	3.2	3.2	3.2	3.2	4
0.442	3.2	3.2	3.2	3.2	4
0.444	4	4	3.2	3.2	3.2
0.446	2.4	3.2	3.2	4	3.2
0.448	4	3.2	3.2	3.2	3.2
0.45	4	3.2	3.2	2.4	4
0.452	3.2	4	3.2	3.2	4
0.454	3.2	2.4	2.4	3.2	3.2
0.456	3.2	4	4	3.2	2.4
0.458	4	3.2	3.2	4	3.2
0.46	4	3.2	3.2	3.2	2.4
0.462	3.2	3.2	3.2	3.2	3.2
0.464	3.2	4	3.2	4	4
0.466	3.2	3.2	4	3.2	4
0.468	3.2	4	3.2	3.2	3.2
0.47	3.2	3.2	3.2	3.2	3.2
0.472	3.2	3.2	3.2	3.2	4
0.474	3.2	4	4	4	3.2
0.476	3.2	3.2	3.2	3.2	3.2
0.478	3.2	2.4	4	3.2	4
0.48	3.2	4	2.4	4	4
0.482	2.4	4	3.2	3.2	4
0.484	4	4	4	3.2	4
0.486	2.4	4	4	3.2	3.2
0.488	2.4	3.2	3.2	3.2	3.2
0.49	3.2	4	3.2	3.2	3.2
0.492	3.2	3.2	3.2	3.2	4
0.494	4	3.2	2.4	3.2	3.2
0.496	3.2	3.2	3.2	4	4
0.498	3.2	4	3.2	4	3.2
0.5	3.2	3.2	4	3.2	3.2
0.502	3.2	3.2	3.2	3.2	3.2
0.504	3.2	3.2	4	3.2	4
0.506	3.2	3.2	4	4	3.2
0.508	3.2	3.2	3.2	3.2	4
0.51	3.2	3.2	4	4	3.2
0.512	3.2	3.2	3.2	4	3.2
0.514	4	3.2	3.2	2.4	3.2
0.516	3.2	3.2	3.2	3.2	3.2
0.518	3.2	3.2	4	4	3.2
0.52	3.2	4	3.2	3.2	3.2
0.522	3.2	3.2	4	4	3.2
0.524	3.2	2.4	3.2	2.4	3.2
0.526	4	3.2	2.4	3.2	4
0.528	3.2	3.2	4	3.2	3.2
0.53	2.4	3.2	2.4	3.2	4
0.532	4	3.2	4	3.2	3.2
0.534	3.2	3.2	4	4	3.2
0.536	3.2	3.2	3.2	2.4	4
0.538	3.2	3.2	2.4	3.2	3.2
0.54	3.2	3.2	4	4	3.2
0.542	3.2	3.2	4	3.2	3.2
0.544	3.2	3.2	4	4	2.4
0.546	3.2	4	4	3.2	3.2
0.548	3.2	3.2	3.2	4	4
0.55	3.2	4	2.4	4.8	4
0.552	4	3.2	3.2	3.2	2.4
0.554	4	3.2	4	4	4
0.556	3.2	2.4	4	3.2	3.2
0.558	2.4	3.2	3.2	2.4	3.2
0.56	3.2	3.2	3.2	3.2	4
0.562	3.2	4	2.4	4	3.2
0.564	3.2	3.2	3.2	3.2	4
0.566	3.2	3.2	4	2.4	3.2
0.568	2.4	4	4	3.2	4
0.57	2.4	3.2	4	3.2	3.2
0.572	2.4	3.2	4	3.2	3.2
0.574	3.2	3.2	3.2	3.2	3.2
0.576	3.2	2.4	4	4	4
0.578	4	2.4	3.2	3.2	4
0.58	2.4	3.2	4	3.2	3.2
0.582	3.2	4	1.6	4	4
0.584	3.2	4	3.2	3.2	3.2
0.586	3.2	3.2	3.2	3.2	4
0.588	4	3.2	4	3.2	3.2
0.59	3.2	3.2	3.2	3.2	3.2
0.592	3.2	3.2	3.2	3.2	3.2
0.594	2.4	3.2	3.2	3.2	3.2
0.596	3.2	3.2	3.2	3.2	3.2
0.598	3.2	3.2	3.2	4	4
0.6	2.4	3.2	4	3.2	3.2
0.602	3.2	3.2	4	4	4
0.604	3.2	4	3.2	4	3.2
0.606	4	4	3.2	3.2	4
0.608	3.2	3.2	3.2	2.4	3.2
0.61	3.2	3.2	2.4	3.2	3.2
0.612	3.2	3.2	4	4	3.2
0.614	2.4	3.2	4	3.2	3.2
0.616	2.4	3.2	3.2	4	4
0.618	3.2	3.2	3.2	3.2	4
0.62	4	3.2	3.2	3.2	3.2
0.622	3.2	3.2	3.2	3.2	2.4
0.624	3.2	4	3.2	3.2	3.2
0.626	4.8	4	3.2	2.4	3.2
0.628	3.2	2.4	3.2	4	2.4
0.63	3.2	3.2	3.2	3.2	4
0.632	4	3.2	3.2	4	3.2
0.634	4	4	2.4	3.2	3.2
0.636	2.4	3.2	3.2	3.2	3.2
0.638	3.2	3.2	3.2	3.2	4
0.64	4	3.2	4	3.2	4
0.642	3.2	4	4	3.2	3.2
0.644	3.2	3.2	3.2	3.2	3.2
0.646	2.4	3.2	4	4	3.2
0.648	3.2	3.2	4	2.4	3.2
0.65	3.2	2.4	3.2	1.6	3.2
0.652	3.2	2.4	3.2	3.2	3.2
0.654	3.2	3.2	3.2	2.4	4
0.656	4	2.4	3.2	4	3.2
0.658	4	2.4	4	4	4
0.66	4	3.2	2.4	3.2	4
0.662	4	2.4	3.2	4	4.8
0.664	3.2	3.2	3.2	4	4
0.666	2.4	2.4	3.2	4.8	3.2
0.668	2.4	3.2	4	3.2	3.2
0.67	2.4	3.2	3.2	3.2	3.2
0.672	4	3.2	2.4	4	3.2
0.674	3.2	3.2	3.2	3.2	3.2
0.676	4	4	4	4	2.4
0.678	3.2	3.2	3.2	3.2	4
0.68	3.2	3.2	4	2.4	3.2
0.682	3.2	3.2	3.2	3.2	3.2
0.684	3.2	3.2	3.2	3.2	3.2
0.686	2.4	4	3.2	4	3.2
0.688	4	2.4	3.2	3.2	3.2
0.69	3.2	3.2	3.2	4	4
0.692	3.2	3.2	3.2	3.2	3.2
0.694	3.2	3.2	3.2	3.2	1.6
0.696	3.2	3.2	3.2	3.2	3.2
0.698	3.2	3.2	3.2	3.2	4
0.7	3.2	4	4	3.2	3.2
0.702	3.2	4	3.2	2.4	3.2
0.704	3.2	2.4	3.2	3.2	3.2
0.706	3.2	3.2	2.4	4	3.2
0.708	4	3.2	3.2	4	3.2
0.71	3.2	3.2	3.2	4	3.2
0.712	4	3.2	4	3.2	3.2
0.714	3.2	3.2	4	3.2	3.2
0.716	4	2.4	4	4	3.2
0.718	4	3.2	3.2	3.2	3.2
0.72	2.4	3.2	2.4	4	3.2
0.722	4	2.4	3.2	4	4
0.724	3.2	4	3.2	4	3.2
0.726	3.2	3.2	2.4	4	4
0.728	3.2	4	3.2	3.2	4
0.73	3.2	3.2	4	4	4
0.732	3.2	3.2	3.2	3.2	3.2
0.734	3.2	4	4	3.2	3.2
0.736	3.2	2.4	3.2	3.2	3.2
0.738	3.2	3.2	3.2	3.2	3.2
0.74	3.2	3.2	3.2	3.2	3.2
0.742	3.2	2.4	3.2	4	4
0.744	4	3.2	3.2	4	4
0.746	3.2	3.2	3.2	4	3.2
0.748	3.2	3.2	3.2	3.2	3.2
0.75	4	2.4	3.2	3.2	4
0.752	3.2	4	4	3.2	3.2
0.754	3.2	2.4	3.2	3.2	3.2
0.756	3.2	2.4	3.2	3.2	3.2
0.758	2.4	3.2	4	4	4
0.76	3.2	2.4	3.2	4	2.4
0.762	4	3.2	2.4	3.2	3.2
0.764	3.2	2.4	3.2	2.4	3.2
0.766	3.2	3.2	2.4	3.2	4
0.768	4.8	4	4	3.2	3.2
0.77	3.2	3.2	2.4	3.2	3.2
0.772	3.2	3.2	3.2	4.8	3.2
0.774	4	3.2	3.2	3.2	3.2
0.776	3.2	2.4	3.2	3.2	3.2
0.778	4	3.2	3.2	4	4
0.78	3.2	2.4	3.2	4	3.2
0.782	4	3.2	3.2	3.2	3.2
0.784	3.2	3.2	2.4	3.2	4
0.786	3.2	3.2	3.2	3.2	3.2
0.788	4	4	4	3.2	4
0.79	4	4	3.2	4	4
0.792	4	3.2	4	3.2	4
0.794	4	2.4	4	3.2	4
0.796	2.4	3.2	4	3.2	2.4
0.798	3.2	3.2	4	3.2	3.2
0.8	3.2	4	4	3.2	3.2
0.802	4	4	4	4	3.2
0.804	4	2.4	4	3.2	3.2
0.806	3.2	3.2	2.4	3.2	2.4
0.808	3.2	2.4	3.2	4	3.2
0.81	3.2	3.2	2.4	3.2	4
0.812	4	3.2	4	4	3.2
0.814	3.2	2.4	3.2	4	3.2
0.816	3.2	3.2	3.2	3.2	4
0.818	2.4	3.2	3.2	3.2	3.2
0.82	3.2	2.4	3.2	3.2	3.2
0.822	2.4	3.2	4	4	3.2
0.824	3.2	2.4	3.2	3.2	4
0.826	4.8	3.2	4	4	4
0.828	4	3.2	4	3.2	3.2
0.83	3.2	3.2	3.2	2.4	3.2
0.832	4	3.2	3.2	4	3.2
0.834	3.2	3.2	4	4.8	3.2
0.836	4	4	3.2	3.2	3.2
0.838	3.2	3.2	3.2	3.2	3.2
0.84	3.2	3.2	3.2	3.2	3.2
0.842	3.2	3.2	3.2	2.4	3.2
0.844	4	3.2	3.2	4	4
0.846	3.2	4	4	4	3.2
0.848	2.4	2.4	3.2	3.2	3.2
0.85	2.4	3.2	2.4	4	4
0.852	2.4	3.2	3.2	3.2	4
0.854	2.4	4	3.2	3.2	3.2
0.856	3.2	4	3.2	4	3.2
0.858	3.2	2.4	3.2	3.2	2.4
0.86	3.2	3.2	3.2	3.2	3.2
0.862	3.2	3.2	3.2	3.2	4
0.864	3.2	3.2	3.2	2.4	3.2
0.866	3.2	3.2	3.2	4	3.2
0.868	3.2	3.2	3.2	3.2	3.2
0.87	3.2	3.2	3.2	3.2	3.2
0.872	3.2	3.2	3.2	3.2	3.2
0.874	3.2	4	2.4	3.2	3.2
0.876	2.4	4	4.8	4	3.2
0.878	3.2	3.2	3.2	4	3.2
0.88	2.4	4	3.2	3.2	3.2
0.882	2.4	3.2	3.2	3.2	4
0.884	3.2	3.2	2.4	3.2	3.2
0.886	4	3.2	3.2	3.2	4
0.888	2.4	3.2	3.2	4	2.4
0.89	3.2	3.2	4	3.2	4
0.892	3.2	3.2	4	3.2	3.2
0.894	3.2	3.2	3.2	3.2	3.2
0.896	3.2	4	3.2	3.2	3.2
0.898	4	3.2	4	4	3.2
0.9	3.2	3.2	2.4	3.2	3.2
0.902	4	4	3.2	3.2	3.2
0.904	4	4	3.2	3.2	4
0.906	3.2	3.2	3.2	3.2	4
0.908	3.2	4	3.2	4	3.2
0.91	3.2	4	3.2	3.2	3.2
0.912	3.2	2.4	3.2	4	3.2
0.914	3.2	3.2	3.2	3.2	4
0.916	3.2	4	3.2	4	3.2
0.918	4	4	3.2	3.2	3.2
0.92	3.2	3.2	3.2	3.2	3.2
0.922	2.4	3.2	2.4	4.8	3.2
0.924	4	3.2	3.2	3.2	3.2
0.926	3.2	4	3.2	4	4
0.928	2.4	3.2	3.2	3.2	3.2
0.93	3.2	2.4	4	4	4
0.932	3.2	3.2	4	4	4
0.934	3.2	4	3.2	3.2	2.4
0.936	3.2	3.2	4	3.2	3.2
0.938	3.2	4	3.2	3.2	3.2
0.94	2.4	3.2	4	4	4
0.942	4.8	3.2	4	4	4
0.944	4	3.2	4	3.2	4
0.946	3.2	3.2	4	4	3.2
0.948	4	2.4	3.2	3.2	3.2
0.95	3.2	3.2	3.2	3.2	3.2
0.952	3.2	3.2	3.2	4	3.2
0.954	3.2	2.4	4	3.2	3.2
0.956	3.2	3.2	4	3.2	3.2
0.958	3.2	3.2	3.2	4	3.2
0.96	3.2	3.2	2.4	3.2	4
0.962	4	3.2	4	3.2	4
0.964	4	4	3.2	2.4	4
0.966	4	4	3.2	3.2	3.2
0.968	2.4	3.2	3.2	3.2	3.2
0.97	4	2.4	3.2	3.2	4
0.972	3.2	3.2	3.2	3.2	3.2
0.974	3.2	3.2	4	3.2	4
0.976	4	3.2	3.2	3.2	2.4
0.978	3.2	2.4	3.2	3.2	3.2
0.98	3.2	3.2	4	3.2	4
0.982	3.2	3.2	4	3.2	4
0.984	3.2	3.2	3.2	3.2	3.2
0.986	3.2	4	3.2	3.2	3.2
0.988	3.2	4	3.2	2.4	4
0.99	3.2	2.4	4	4	3.2
0.992	3.2	3.2	3.2	3.2	3.2
0.994	3.2	3.2	3.2	3.2	4
0.996	2.4	4	3.2	3.2	3.2
0.998	2.4	4	4.8	3.2	3.2
1	3.2	3.2	4	4	3.2
1.002	2.4	4	2.4	3.2	3.2
1.004	3.2	4	2.4	3.2	3.2
1.006	4	3.2	3.2	3.2	3.2
1.008	3.2	3.2	4	4	4
1.01	3.2	4	3.2	3.2	4
1.012	4	3.2	3.2	2.4	3.2
1.014	3.2	4	3.2	3.2	4
1.016	3.2	3.2	3.2	4	3.2
1.018	4	3.2	3.2	3.2	2.4
1.02	4	4	4	4	3.2
1.022	4	4	3.2	4	4
1.024	3.2	4	4	2.4	4
1.026	4	4	3.2	3.2	4
1.028	3.2	3.2	3.2	4	3.2
1.03	2.4	4	3.2	3.2	3.2
1.032	3.2	3.2	3.2	3.2	4
1.034	4	3.2	3.2	3.2	4
1.036	3.2	4	3.2	3.2	3.2
1.038	2.4	3.2	4	3.2	2.4
1.04	3.2	3.2	3.2	3.2	3.2
1.042	3.2	4	3.2	3.2	4
1.044	3.2	2.4	4	3.2	3.2
1.046	3.2	3.2	4	4	4
1.048	2.4	3.2	2.4	3.2	4
1.05	2.4	3.2	3.2	4	3.2
1.052	2.4	3.2	3.2	3.2	3.2
1.054	3.2	3.2	3.2	4	3.2
1.056	4	3.2	4	4	3.2
1.058	3.2	3.2	4	2.4	4
1.06	3.2	4	3.2	4	4
1.062	3.2	4	4	3.2	3.2
1.064	2.4	3.2	3.2	3.2	3.2
1.066	3.2	3.2	4.8	3.2	4
1.068	4	3.2	3.2	3.2	3.2
1.07	3.2	4	2.4	4	4
1.072	2.4	4	4	3.2	2.4
1.074	2.4	3.2	3.2	3.2	3.2
1.076	3.2	3.2	4	3.2	4
1.078	2.4	4	4	4	4
1.08	3.2	4	3.2	2.4	3.2
1.082	3.2	3.2	3.2	4	3.2
1.084	2.4	4	3.2	3.2	4
1.086	4	3.2	4	4	3.2
1.088	2.4	3.2	4	3.2	4
1.09	3.2	3.2	3.2	4	4
1.092	2.4	3.2	3.2	4	3.2
1.094	3.2	4	3.2	3.2	3.2
1.096	4	4	4	4	3.2
1.098	3.2	3.2	4	3.2	4
1.1	3.2	3.2	4.8	4	3.2
1.102	3.2	3.2	3.2	4	3.2
1.104	3.2	4	3.2	3.2	3.2
1.106	3.2	3.2	2.4	3.2	3.2
1.108	3.2	3.2	3.2	3.2	2.4
1.11	4	3.2	4	4	3.2
1.112	3.2	3.2	2.4	3.2	3.2
1.114	2.4	4	3.2	3.2	2.4
1.116	3.2	3.2	3.2	4	3.2
1.118	4	4	4	3.2	3.2
1.12	3.2	3.2	4	3.2	2.4
1.122	2.4	3.2	4	4	3.2
1.124	3.2	3.2	3.2	4	3.2
1.126	4	4	3.2	3.2	3.2
1.128	3.2	3.2	3.2	4	3.2
1.13	3.2	3.2	2.4	4	2.4
1.132	2.4	3.2	4	4	3.2
1.134	3.2	3.2	3.2	4	3.2
1.136	3.2	4	3.2	3.2	4
1.138	2.4	4	3.2	3.2	2.4
1.14	3.2	4	2.4	4	3.2
1.142	3.2	3.2	3.2	4	3.2
1.144	3.2	3.2	3.2	4	4
1.146	3.2	3.2	3.2	4	4
1.148	3.2	4	3.2	4.8	4
1.15	3.2	4	4	3.2	2.4
1.152	3.2	2.4	3.2	3.2	4
1.154	3.2	3.2	4	3.2	3.2
1.156	3.2	3.2	4	3.2	4
1.158	4.8	3.2	4	4	3.2
1.16	3.2	3.2	3.2	4	3.2
1.162	3.2	3.2	3.2	3.2	2.4
1.164	3.2	3.2	3.2	3.2	3.2
1.166	3.2	4	4	3.2	3.2
1.168	3.2	3.2	3.2	3.2	4
1.17	3.2	3.2	2.4	3.2	3.2
1.172	3.2	2.4	3.2	3.2	3.2
1.174	3.2	2.4	3.2	3.2	3.2
1.176	3.2	3.2	4	3.2	3.2
1.178	3.2	4	3.2	4	3.2
1.18	4	4	4	4	3.2
1.182	2.4	4	4	4	3.2
1.184	3.2	3.2	2.4	3.2	3.2
1.186	2.4	3.2	4	3.2	3.2
1.188	3.2	2.4	4	3.2	4
1.19	3.2	4	3.2	3.2	4
1.192	3.2	3.2	3.2	4	3.2
1.194	3.2	3.2	3.2	3.2	2.4
1.196	2.4	3.2	4	3.2	4
1.198	3.2	3.2	4	2.4	3.2
1.2	3.2	3.2	3.2	4	4
1.202	3.2	4	3.2	3.2	3.2
1.204	4	3.2	3.2	3.2	3.2
1.206	2.4	4	4	3.2	3.2
1.208	2.4	3.2	3.2	4	3.2
1.21	3.2	4	4	4	3.2
1.212	3.2	3.2	3.2	3.2	4
1.214	2.4	2.4	3.2	4	3.2
1.216	2.4	2.4	2.4	3.2	4
1.218	3.2	3.2	3.2	3.2	2.4
1.22	3.2	3.2	3.2	4	4
1.222	4	3.2	4	3.2	3.2
1.224	3.2	3.2	3.2	3.2	3.2
1.226	2.4	2.4	4	3.2	3.2
1.228	3.2	3.2	3.2	3.2	2.4
1.23	4	3.2	4	3.2	3.2
1.232	4	4	4	4	3.2
1.234	3.2	4	3.2	3.2	4
1.236	3.2	3.2	3.2	3.2	3.2
1.238	3.2	3.2	3.2	4	4
1.24	4	3.2	4	4	3.2
1.242	2.4	3.2	4	3.2	3.2
1.244	2.4	3.2	4	3.2	3.2
1.246	4	4	3.2	3.2	4
1.248	3.2	3.2	3.2	3.2	3.2
1.25	3.2	3.2	3.2	2.4	3.2
1.252	3.2	3.2	3.2	3.2	3.2
1.254	3.2	3.2	3.2	3.2	4
1.256	3.2	3.2	4	4	4
1.258	3.2	3.2	3.2	3.2	4
1.26	3.2	2.4	3.2	3.2	4
1.262	3.2	4	4	3.2	3.2
1.264	3.2	4	3.2	3.2	3.2
1.266	4	3.2	3.2	2.4	3.2
1.268	4	4	3.2	3.2	4
1.27	3.2	3.2	3.2	3.2	3.2
1.272	2.4	4	2.4	4	2.4
1.274	3.2	3.2	3.2	2.4	3.2
1.276	3.2	2.4	3.2	2.4	3.2
1.278	3.2	3.2	3.2	4	3.2
1.28	3.2	3.2	3.2	4	4
1.282	3.2	3.2	3.2	4	3.2
1.284	2.4	4	3.2	4	3.2
1.286	4	4	2.4	3.2	3.2
1.288	3.2	3.2	3.2	3.2	2.4
1.29	4	3.2	2.4	2.4	4
1.292	3.2	4	2.4	3.2	4
1.294	3.2	3.2	3.2	4	3.2
1.296	3.2	3.2	3.2	3.2	3.2
1.298	2.4	4	4	3.2	3.2
1.3	3.2	4	3.2	4	3.2
1.302	3.2	2.4	3.2	3.2	3.2
1.304	2.4	3.2	3.2	4	3.2
1.306	3.2	3.2	3.2	3.2	3.2
1.308	3.2	3.2	3.2	3.2	3.2
1.31	3.2	3.2	3.2	3.2	4
1.312	4	3.2	3.2	4	3.2
1.314	2.4	2.4	2.4	3.2	4
1.316	3.2	3.2	3.2	3.2	3.2
1.318	3.2	3.2	3.2	3.2	4
1.32	2.4	3.2	3.2	3.2	3.2
1.322	3.2	3.2	3.2	2.4	4
1.324	3.2	3.2	4	3.2	4
1.326	3.2	3.2	3.2	4	4
1.328	3.2	3.2	2.4	3.2	4
1.33	3.2	3.2	3.2	3.2	2.4
1.332	2.4	4	3.2	3.2	2.4
1.334	2.4	3.2	2.4	3.2	4
1.336	3.2	3.2	2.4	4	4
1.338	4	2.4	4	3.2	4
1.34	2.4	4	2.4	2.4	2.4
1.342	3.2	3.2	4	3.2	3.2
1.344	4	4	4	3.2	3.2
1.346	3.2	2.4	4	3.2	2.4
1.348	3.2	3.2	3.2	4	3.2
1.35	3.2	3.2	3.2	2.4	3.2
1.352	3.2	4	3.2	3.2	3.2
1.354	3.2	4	3.2	4	3.2
1.356	4	4	3.2	4	2.4
1.358	3.2	3.2	2.4	4	4
1.36	3.2	3.2	3.2	3.2	3.2
1.362	4	3.2	2.4	3.2	3.2
1.364	3.2	3.2	3.2	2.4	3.2
1.366	2.4	4	4.8	3.2	3.2
1.368	4	3.2	3.2	4	4
1.37	2.4	3.2	3.2	4	4
1.372	3.2	3.2	3.2	4	4
1.374	2.4	3.2	2.4	4	3.2
1.376	3.2	3.2	4	4	3.2
1.378	4	4	3.2	4	4
1.38	2.4	2.4	2.4	4	3.2
1.382	3.2	3.2	3.2	4	3.2
1.384	4	3.2	4	3.2	3.2
1.386	3.2	4	3.2	3.2	3.2
1.388	2.4	3.2	3.2	3.2	3.2
1.39	3.2	2.4	4	3.2	4
1.392	3.2	3.2	4	3.2	4
1.394	3.2	4	3.2	4	3.2
1.396	2.4	3.2	3.2	2.4	4
1.398	3.2	3.2	4	3.2	3.2
1.4	3.2	3.2	4	4	3.2
1.402	4	3.2	3.2	3.2	3.2
1.404	3.2	2.4	3.2	4	2.4
1.406	3.2	4	3.2	3.2	4
1.408	3.2	3.2	4	4	3.2
1.41	2.4	4	3.2	3.2	3.2
1.412	3.2	3.2	3.2	3.2	3.2
1.414	4	3.2	3.2	4	3.2
1.416	4	3.2	4	3.2	4
1.418	3.2	3.2	3.2	3.2	3.2
1.42	3.2	2.4	4	4	4
1.422	3.2	3.2	3.2	4	3.2
1.424	3.2	3.2	3.2	3.2	2.4
1.426	2.4	3.2	3.2	2.4	3.2
1.428	3.2	3.2	3.2	3.2	3.2
1.43	3.2	3.2	3.2	4	3.2
1.432	3.2	4	3.2	3.2	3.2
1.434	4	4	2.4	3.2	3.2
1.436	4	3.2	4	3.2	3.2
1.438	3.2	2.4	3.2	3.2	4
1.44	4	3.2	3.2	3.2	3.2
1.442	3.2	3.2	3.2	3.2	4
1.444	3.2	3.2	3.2	3.2	2.4
1.446	3.2	3.2	3.2	3.2	2.4
1.448	3.2	2.4	2.4	3.2	4
1.45	3.2	4	4	4	3.2
1.452	3.2	4.8	2.4	3.2	3.2
1.454	3.2	4	4	3.2	3.2
1.456	3.2	3.2	2.4	3.2	3.2
1.458	2.4	2.4	3.2	3.2	3.2
1.46	2.4	3.2	4	4	3.2
1.462	3.2	4	3.2	3.2	2.4
1.464	3.2	3.2	4	3.2	3.2
1.466	3.2	3.2	3.2	3.2	3.2
1.468	4	3.2	4	3.2	3.2
1.47	3.2	3.2	3.2	3.2	3.2
1.472	3.2	2.4	3.2	3.2	4
1.474	2.4	4	4	3.2	3.2
1.476	3.2	3.2	3.2	4	3.2
1.478	1.6	3.2	2.4	2.4	2.4
1.48	3.2	3.2	3.2	3.2	4
1.482	3.2	3.2	2.4	3.2	4
1.484	3.2	2.4	4	3.2	4
1.486	4	4	3.2	4.8	2.4
1.488	4	2.4	3.2	4	3.2
1.49	3.2	3.2	3.2	2.4	3.2
1.492	3.2	3.2	3.2	3.2	3.2
1.494	3.2	3.2	3.2	3.2	3.2
1.496	3.2	4	4	3.2	3.2
1.498	3.2	3.2	3.2	3.2	3.2
1.5	3.2	4	3.2	2.4	3.2
1.502	2.4	3.2	2.4	4	3.2
1.504	3.2	3.2	4	3.2	4
1.506	3.2	3.2	3.2	3.2	4.8
1.508	3.2	3.2	3.2	4	3.2
1.51	3.2	3.2	4	3.2	3.2
1.512	3.2	2.4	3.2	4	4
1.514	3.2	3.2	3.2	3.2	4
1.516	3.2	4	3.2	4	3.2
1.518	3.2	3.2	3.2	3.2	3.2
1.52	3.2	3.2	3.2	4	3.2
1.522	3.2	4	4	4	4
1.524	2.4	4	4	3.2	3.2
1.526	3.2	2.4	2.4	3.2	4
1.528	3.2	3.2	3.2	3.2	3.2
1.53	4	4	2.4	3.2	3.2
1.532	3.2	3.2	3.2	4	3.2
1.534	2.4	4	3.2	2.4	3.2
1.536	3.2	2.4	3.2	3.2	3.2
1.538	3.2	2.4	2.4	3.2	4
1.54	3.2	3.2	3.2	4	3.2
1.542	3.2	4	3.2	3.2	3.2
1.544	3.2	3.2	3.2	3.2	3.2
1.546	3.2	3.2	3.2	3.2	4
1.548	3.2	3.2	4	4	2.4
1.55	4	3.2	4	4	3.2
1.552	3.2	4	3.2	4	3.2
1.554	2.4	3.2	3.2	3.2	3.2
1.556	4	3.2	3.2	4	3.2
1.558	4	4	3.2	3.2	2.4
1.56	2.4	3.2	3.2	3.2	3.2
1.562	3.2	3.2	3.2	4.8	4
1.564	2.4	4	4	3.2	4
1.566	3.2	4	3.2	2.4	2.4
1.568	3.2	4	4	3.2	4
1.57	3.2	3.2	3.2	3.2	4
1.572	3.2	2.4	4	3.2	2.4
1.574	3.2	3.2	3.2	4	5.6
1.576	4	4.8	4	2.4	4
1.578	3.2	3.2	3.2	4	3.2
1.58	3.2	3.2	4	3.2	3.2
1.582	3.2	3.2	3.2	4	3.2
1.584	3.2	4	3.2	4	4
1.586	3.2	4	3.2	3.2	3.2
1.588	3.2	4	4	3.2	3.2
1.59	3.2	2.4	3.2	3.2	4
1.592	4	3.2	2.4	2.4	3.2
1.594	3.2	4	4	4	4
1.596	3.2	4	4	4	2.4
1.598	3.2	4	2.4	2.4	3.2
1.6	3.2	3.2	4	3.2	4
1.602	4	2.4	3.2	3.2	3.2
1.604	3.2	3.2	3.2	4	3.2
1.606	4	4	3.2	3.2	3.2
1.608	4	3.2	3.2	3.2	3.2
1.61	3.2	4	3.2	3.2	3.2
1.612	3.2	4	3.2	4	3.2
1.614	3.2	3.2	3.2	3.2	3.2
1.616	3.2	4	3.2	3.2	4
1.618	3.2	3.2	3.2	3.2	4.8
1.62	4	3.2	3.2	3.2	3.2
1.622	2.4	4	3.2	3.2	4
1.624	3.2	2.4	4	3.2	3.2
1.626	3.2	2.4	4	4	4
1.628	4	3.2	3.2	3.2	2.4
1.63	3.2	3.2	3.2	2.4	2.4
1.632	3.2	3.2	3.2	3.2	3.2
1.634	3.2	4	2.4	4	3.2
1.636	3.2	3.2	4	3.2	4
1.638	3.2	3.2	3.2	4	4
1.64	3.2	3.2	3.2	4	3.2
1.642	4	3.2	4	3.2	3.2
1.644	2.4	4	4	3.2	3.2
1.646	3.2	4	3.2	4	4
1.648	2.4	3.2	3.2	3.2	4
1.65	3.2	3.2	4	2.4	3.2
1.652	3.2	3.2	3.2	3.2	3.2
1.654	3.2	4	2.4	3.2	3.2
1.656	3.2	3.2	3.2	3.2	3.2
1.658	3.2	3.2	3.2	4	4
1.66	3.2	3.2	3.2	3.2	4
1.662	3.2	2.4	4	4	3.2
1.664	3.2	3.2	3.2	3.2	3.2
1.666	3.2	4	2.4	3.2	4
1.668	3.2	3.2	3.2	3.2	3.2
1.67	3.2	3.2	3.2	3.2	4
1.672	3.2	4	3.2	3.2	4
1.674	3.2	4	4	2.4	3.2
1.676	3.2	3.2	3.2	3.2	3.2
1.678	4	3.2	3.2	4	3.2
1.68	4	3.2	3.2	3.2	3.2
1.682	3.2	3.2	4	3.2	3.2
1.684	3.2	4	4	3.2	4
1.686	2.4	3.2	3.2	3.2	3.2
1.688	3.2	3.2	3.2	4	3.2
1.69	3.2	3.2	3.2	3.2	4.8
1.692	3.2	4	4	4	4
1.694	3.2	4	3.2	3.2	4
1.696	3.2	4.8	3.2	4	3.2
1.698	4	4	3.2	3.2	4
1.7	3.2	2.4	4	4	3.2
1.702	4	3.2	3.2	4	3.2
1.704	3.2	2.4	3.2	2.4	4
1.706	3.2	3.2	4	3.2	4
1.708	2.4	3.2	2.4	3.2	4
1.71	2.4	3.2	3.2	3.2	3.2
1.712	4	4	3.2	3.2	3.2
1.714	2.4	3.2	3.2	3.2	4
1.716	3.2	3.2	3.2	2.4	4
1.718	4	4	3.2	3.2	3.2
1.72	2.4	3.2	3.2	4	3.2
1.722	3.2	3.2	4	3.2	3.2
1.724	3.2	3.2	4.8	3.2	4
1.726	3.2	3.2	3.2	2.4	3.2
1.728	4	3.2	4	3.2	4
1.73	3.2	2.4	3.2	4	3.2
1.732	4	3.2	3.2	3.2	2.4
1.734	3.2	3.2	3.2	4	2.4
1.736	3.2	3.2	4	3.2	4
1.738	3.2	2.4	3.2	4	1.6
1.74	3.2	3.2	3.2	3.2	4
1.742	4	3.2	4	3.2	3.2
1.744	3.2	4	4	2.4	3.2
1.746	3.2	2.4	3.2	3.2	3.2
1.748	3.2	2.4	3.2	3.2	4
1.75	3.2	4	3.2	3.2	3.2
1.752	4	3.2	4	3.2	4
1.754	3.2	4	3.2	3.2	3.2
1.756	2.4	4	3.2	3.2	2.4
1.758	2.4	2.4	3.2	3.2	3.2
1.76	3.2	2.4	4	3.2	4
1.762	3.2	3.2	3.2	4	3.2
1.764	4	2.4	4	3.2	2.4
1.766	3.2	3.2	3.2	3.2	3.2
1.768	3.2	3.2	4	3.2	4
1.77	3.2	4	4	2.4	4.8
1.772	2.4	3.2	4.8	3.2	3.2
1.774	3.2	3.2	3.2	3.2	4
1.776	4	3.2	2.4	3.2	3.2
1.778	3.2	3.2	2.4	4	4
1.78	3.2	2.4	1.6	3.2	3.2
1.782	2.4	3.2	3.2	3.2	3.2
1.784	2.4	3.2	2.4	3.2	3.2
1.786	3.2	3.2	3.2	2.4	3.2
1.788	4	4	4	2.4	3.2
1.79	4	3.2	3.2	3.2	3.2
1.792	3.2	3.2	4	4	3.2
1.794	2.4	2.4	4	3.2	3.2
1.796	4	4	4	3.2	4
1.798	3.2	4	3.2	3.2	3.2
1.8	4	3.2	4	3.2	4
1.802	3.2	2.4	4	3.2	3.2
1.804	3.2	3.2	3.2	3.2	3.2
1.806	3.2	3.2	4	4	2.4
1.808	3.2	3.2	3.2	3.2	3.2
1.81	3.2	3.2	3.2	3.2	3.2
1.812	2.4	3.2	4	4	4
1.814	3.2	3.2	4	4	4
1.816	3.2	3.2	4	4	3.2
1.818	3.2	3.2	4	3.2	3.2
1.82	3.2	3.2	3.2	3.2	2.4
1.822	2.4	3.2	3.2	3.2	3.2
1.824	4	3.2	3.2	3.2	4
1.826	4	3.2	3.2	4	2.4
1.828	2.4	4	3.2	3.2	4
1.83	3.2	3.2	4	3.2	3.2
1.832	4	3.2	3.2	4	3.2
1.834	3.2	2.4	2.4	2.4	3.2
1.836	3.2	3.2	4	4	4
1.838	4	4	3.2	4	4
1.84	3.2	2.4	3.2	3.2	3.2
1.842	3.2	3.2	3.2	3.2	3.2
1.844	3.2	4	4	3.2	4
1.846	3.2	3.2	3.2	3.2	3.2
1.848	4	2.4	3.2	3.2	4
1.85	3.2	3.2	3.2	3.2	3.2
1.852	3.2	4	3.2	3.2	4
1.854	4	4	2.4	3.2	4
1.856	3.2	4	4	4	3.2
1.858	3.2	3.2	3.2	3.2	4
1.86	3.2	4	2.4	3.2	4
1.862	3.2	3.2	3.2	3.2	4
1.864	4	4	3.2	3.2	3.2
1.866	3.2	3.2	3.2	3.2	4
1.868	3.2	4	3.2	3.2	3.2
1.87	3.2	3.2	3.2	3.2	2.4
1.872	3.2	2.4	4	4	3.2
1.874	3.2	3.2	4	3.2	3.2
1.876	3.2	4	3.2	3.2	4
1.878	3.2	3.2	4	3.2	3.2
1.88	3.2	4	4	3.2	4
1.882	3.2	3.2	3.2	3.2	4
1.884	4	3.2	3.2	2.4	3.2
1.886	4	4	3.2	2.4	3.2
1.888	3.2	3.2	4	3.2	3.2
1.89	3.2	2.4	3.2	3.2	3.2
1.892	3.2	3.2	3.2	3.2	3.2
1.894	4	3.2	3.2	3.2	3.2
1.896	3.2	4	3.2	3.2	3.2
1.898	4	3.2	2.4	3.2	3.2
1.9	2.4	3.2	4.8	3.2	3.2
1.902	4	3.2	4	4	4
1.904	3.2	4	4	3.2	4
1.906	3.2	2.4	3.2	4	3.2
1.908	3.2	3.2	4	4	4
1.91	3.2	3.2	3.2	4	3.2
1.912	3.2	3.2	2.4	3.2	4.8
1.914	3.2	3.2	2.4	3.2	4
1.916	3.2	3.2	3.2	3.2	3.2
1.918	4	3.2	2.4	3.2	3.2
1.92	3.2	4	4.8	3.2	4.8
1.922	3.2	3.2	3.2	3.2	4
1.924	2.4	3.2	4	3.2	3.2
1.926	3.2	3.2	3.2	3.2	4
1.928	3.2	3.2	2.4	3.2	3.2
1.93	1.6	4	3.2	3.2	4
1.932	3.2	3.2	4	2.4	3.2
1.934	3.2	3.2	4	3.2	3.2
1.936	3.2	3.2	3.2	4	3.2
1.938	3.2	3.2	4	2.4	4
1.94	3.2	3.2	2.4	3.2	4.8
1.942	4	3.2	3.2	3.2	4
1.944	3.2	4	4	4	3.2
1.946	4	3.2	2.4	3.2	3.2
1.948	4	2.4	3.2	3.2	3.2
1.95	3.2	3.2	4	4	4
1.952	3.2	4	3.2	4	4.8
1.954	3.2	3.2	3.2	4	2.4
1.956	3.2	4	3.2	3.2	3.2
1.958	2.4	3.2	3.2	3.2	3.2
1.96	3.2	3.2	3.2	2.4	5.6
1.962	2.4	2.4	3.2	3.2	3.2
1.964	3.2	4	4	3.2	3.2
1.966	3.2	4	4	2.4	4
1.968	3.2	3.2	3.2	3.2	3.2
1.97	3.2	3.2	3.2	3.2	4
1.972	4	4	3.2	4	3.2
1.974	3.2	3.2	4.8	4	4
1.976	4	3.2	4	3.2	4
1.978	3.2	4	4	3.2	3.2
1.98	3.2	3.2	4	4	3.2
1.982	3.2	3.2	3.2	4	3.2
1.984	3.2	4	3.2	3.2	4
1.986	3.2	3.2	4	4	4
1.988	3.2	3.2	4	3.2	4
1.99	3.2	2.4	3.2	3.2	3.2
1.992	3.2	4	3.2	4.8	4
1.994	3.2	3.2	2.4	4	3.2
1.996	3.2	4	3.2	3.2	4
1.998	2.4	3.2	3.2	3.2	3.2
2	3.2	3.2	3.2	4	4
2.002	3.2	3.2	3.2	3.2	3.2
2.004	3.2	3.2	3.2	3.2	4
2.006	3.2	3.2	3.2	4	3.2
2.008	3.2	4	2.4	3.2	4
2.01	4	4	4	3.2	3.2
2.012	3.2	4	2.4	3.2	3.2
2.014	3.2	3.2	3.2	3.2	2.4
2.016	3.2	3.2	3.2	3.2	3.2
2.018	3.2	4	3.2	3.2	3.2
2.02	3.2	3.2	4	3.2	3.2
2.022	4	3.2	3.2	4	3.2
2.024	3.2	4	4	3.2	4
2.026	3.2	3.2	4	3.2	3.2
2.028	2.4	3.2	3.2	3.2	3.2
2.03	3.2	3.2	3.2	3.2	3.2
2.032	3.2	2.4	3.2	4	3.2
2.034	2.4	3.2	4	3.2	3.2
2.036	3.2	4	3.2	3.2	2.4
2.038	3.2	3.2	3.2	3.2	4
2.04	4	3.2	4	3.2	4
2.042	2.4	2.4	4	3.2	4
2.044	3.2	4	4	3.2	3.2
2.046	3.2	3.2	4.8	3.2	3.2
2.048	3.2	4	3.2	3.2	3.2
2.05	2.4	4	2.4	3.2	4
2.052	2.4	3.2	3.2	4	4
2.054	3.2	4	3.2	2.4	4
2.056	3.2	2.4	4	4	4
2.058	3.2	3.2	2.4	3.2	4
2.06	3.2	4	2.4	3.2	3.2
2.062	2.4	3.2	4	3.2	2.4
2.064	2.4	4	3.2	3.2	4
2.066	3.2	3.2	3.2	3.2	2.4
2.068	3.2	3.2	4	3.2	3.2
2.07	3.2	3.2	3.2	4	4
2.072	2.4	4.8	3.2	4	4
2.074	2.4	3.2	2.4	3.2	3.2
2.076	3.2	3.2	4	4	3.2
2.078	3.2	3.2	3.2	4	3.2
2.08	3.2	2.4	3.2	4	3.2
2.082	3.2	4	4	3.2	2.4
2.084	3.2	4	2.4	3.2	3.2
2.086	3.2	3.2	4	3.2	3.2
2.088	3.2	3.2	3.2	4	3.2
2.09	3.2	2.4	3.2	4	3.2
2.092	3.2	3.2	2.4	3.2	3.2
2.094	3.2	3.2	3.2	3.2	3.2
2.096	4	4	3.2	3.2	3.2
2.098	4	4	4	3.2	3.2
2.1	3.2	3.2	3.2	3.2	4
2.102	3.2	3.2	3.2	4	3.2
2.104	3.2	4	3.2	4	4
2.106	3.2	4	4	3.2	3.2
2.108	3.2	3.2	2.4	3.2	3.2
2.11	3.2	3.2	4	3.2	3.2
2.112	3.2	3.2	3.2	3.2	4
2.114	3.2	3.2	3.2	3.2	4
2.116	2.4	4	3.2	4	4
2.118	4	4	3.2	3.2	3.2
2.12	3.2	2.4	3.2	4	3.2
2.122	3.2	3.2	3.2	4	3.2
2.124	3.2	3.2	3.2	4	2.4
2.126	4	3.2	3.2	3.2	2.4
2.128	3.2	3.2	2.4	3.2	4
2.13	3.2	3.2	3.2	4	3.2
2.132	4	3.2	3.2	2.4	4
2.134	3.2	3.2	4	2.4	3.2
2.136	4	3.2	3.2	4	2.4
2.138	3.2	3.2	3.2	3.2	4
2.14	3.2	3.2	3.2	3.2	3.2
2.142	4	3.2	3.2	3.2	3.2
2.144	2.4	4	3.2	3.2	3.2
2.146	3.2	3.2	2.4	3.2	3.2
2.148	3.2	2.4	3.2	3.2	3.2
2.15	3.2	3.2	3.2	3.2	3.2
2.152	3.2	4	4	3.2	4
2.154	4	4	3.2	4	4
2.156	3.2	3.2	3.2	4	2.4
2.158	3.2	3.2	4	3.2	3.2
2.16	4	4	3.2	2.4	3.2
2.162	3.2	4	2.4	4	4
2.164	4	3.2	3.2	4	3.2
2.166	3.2	3.2	3.2	4	4
2.168	3.2	3.2	3.2	4	4
2.17	3.2	3.2	3.2	3.2	4
2.172	3.2	3.2	3.2	3.2	4
2.174	3.2	3.2	4	3.2	4
2.176	3.2	4	4	4	3.2
2.178	2.4	3.2	3.2	3.2	4
2.18	3.2	3.2	3.2	3.2	2.4
2.182	2.4	4	3.2	4	3.2
2.184	3.2	3.2	3.2	3.2	4
2.186	4	3.2	4	4	3.2
2.188	3.2	3.2	2.4	3.2	3.2
2.19	2.4	2.4	4	3.2	4
2.192	3.2	2.4	3.2	4	3.2
2.194	4	3.2	4	3.2	3.2
2.196	3.2	3.2	3.2	3.2	4
2.198	3.2	3.2	4	4	3.2
2.2	3.2	4	3.2	3.2	4
2.202	3.2	4	3.2	3.2	4
2.204	3.2	3.2	4	3.2	4
2.206	2.4	3.2	3.2	3.2	4
2.208	3.2	4	3.2	4	3.2
2.21	4	3.2	3.2	4	3.2
2.212	3.2	2.4	2.4	3.2	3.2
2.214	2.4	4	3.2	1.6	3.2
2.216	2.4	3.2	4	3.2	3.2
2.218	4	4	3.2	4	3.2
2.22	4	4	2.4	3.2	4
2.222	3.2	2.4	3.2	3.2	3.2
2.224	2.4	2.4	3.2	3.2	3.2
2.226	3.2	4	3.2	4	4
2.228	3.2	3.2	4	3.2	3.2
2.23	3.2	4	3.2	4	4
2.232	2.4	2.4	4	4	3.2
2.234	3.2	4	2.4	3.2	3.2
2.236	3.2	3.2	3.2	4	3.2
2.238	3.2	4	3.2	3.2	3.2
2.24	3.2	3.2	4	4	4
2.242	3.2	3.2	3.2	4	3.2
2.244	3.2	4	3.2	3.2	3.2
2.246	3.2	3.2	4	3.2	3.2
2.248	3.2	3.2	3.2	3.2	3.2
2.25	3.2	4	3.2	3.2	3.2
2.252	3.2	3.2	3.2	4	4
2.254	3.2	4	3.2	4	3.2
2.256	3.2	3.2	4	4	5.6
2.258	3.2	2.4	4	3.2	3.2
2.26	3.2	4	3.2	2.4	4
2.262	3.2	4	4	4	4
2.264	4	2.4	3.2	3.2	2.4
2.266	3.2	3.2	3.2	4	2.4
2.268	3.2	3.2	3.2	3.2	3.2
2.27	4	3.2	3.2	3.2	3.2
2.272	3.2	4	3.2	3.2	3.2
2.274	4	3.2	3.2	4	4
2.276	3.2	3.2	3.2	3.2	4
2.278	3.2	3.2	3.2	3.2	3.2
2.28	3.2	3.2	3.2	4	4
2.282	2.4	4	3.2	3.2	3.2
2.284	3.2	4	3.2	4	4
2.286	3.2	3.2	2.4	4	3.2
2.288	3.2	3.2	3.2	3.2	3.2
2.29	3.2	3.2	3.2	3.2	3.2
2.292	3.2	3.2	2.4	4	3.2
2.294	3.2	3.2	4	4	3.2
2.296	3.2	3.2	3.2	4	3.2
2.298	3.2	3.2	4	3.2	3.2
2.3	2.4	3.2	4	3.2	2.4
2.302	2.4	3.2	2.4	3.2	3.2
2.304	3.2	4	3.2	4	4
2.306	4	4	3.2	3.2	3.2
2.308	3.2	3.2	2.4	4	3.2
2.31	3.2	3.2	2.4	4	3.2
2.312	3.2	3.2	3.2	4	2.4
2.314	4	3.2	4	3.2	3.2
2.316	3.2	3.2	4	4	3.2
2.318	3.2	3.2	3.2	3.2	3.2
2.32	2.4	3.2	2.4	3.2	4
2.322	3.2	4	2.4	2.4	3.2
2.324	3.2	4	4	3.2	3.2
2.326	3.2	3.2	3.2	4	4
2.328	3.2	3.2	3.2	3.2	3.2
2.33	3.2	4	4	3.2	4
2.332	3.2	3.2	3.2	3.2	3.2
2.334	3.2	3.2	3.2	2.4	2.4
2.336	3.2	4	3.2	3.2	3.2
2.338	3.2	3.2	3.2	4	4
2.34	3.2	3.2	4	4	3.2
2.342	3.2	4	3.2	1.6	3.2
2.344	3.2	3.2	3.2	3.2	3.2
2.346	4	4	3.2	4	3.2
2.348	3.2	3.2	3.2	3.2	3.2
2.35	3.2	3.2	2.4	3.2	4
2.352	3.2	2.4	2.4	4	4
2.354	4	3.2	3.2	2.4	3.2
2.356	3.2	4	3.2	3.2	3.2
2.358	3.2	4	3.2	4	3.2
2.36	3.2	3.2	4	4	4
2.362	3.2	3.2	3.2	4	3.2
2.364	3.2	4	4	3.2	4
2.366	3.2	4	3.2	3.2	2.4
2.368	4	3.2	4	3.2	3.2
2.37	3.2	3.2	2.4	4	3.2
2.372	4	4	4	4	4
2.374	3.2	4	2.4	3.2	4
2.376	3.2	3.2	4	3.2	3.2
2.378	4	3.2	3.2	3.2	4
2.38	4.8	3.2	3.2	4	3.2
2.382	3.2	3.2	4	3.2	3.2
2.384	3.2	2.4	3.2	2.4	3.2
2.386	3.2	3.2	3.2	2.4	3.2
2.388	3.2	3.2	3.2	3.2	3.2
2.39	3.2	3.2	4	4	4
2.392	3.2	3.2	3.2	3.2	4
2.394	3.2	3.2	4	3.2	4
2.396	3.2	3.2	3.2	3.2	4
2.398	3.2	3.2	3.2	3.2	4
2.4	3.2	2.4	3.2	3.2	3.2
2.402	4	4	4	3.2	4
2.404	3.2	2.4	4	3.2	4.8
2.406	3.2	3.2	2.4	4	4
2.408	4	3.2	3.2	4	3.2
2.41	3.2	2.4	3.2	4	4
2.412	3.2	3.2	3.2	4	3.2
2.414	3.2	3.2	4	3.2	3.2
2.416	2.4	3.2	2.4	3.2	3.2
2.418	3.2	3.2	3.2	3.2	3.2
2.42	3.2	4	3.2	2.4	3.2
2.422	3.2	4	3.2	3.2	3.2
2.424	3.2	3.2	4	3.2	3.2
2.426	3.2	3.2	3.2	3.2	3.2
2.428	3.2	2.4	3.2	3.2	3.2
2.43	3.2	4	3.2	3.2	3.2
2.432	3.2	4	3.2	4	3.2
2.434	3.2	4	3.2	4	4
2.436	2.4	3.2	3.2	3.2	3.2
2.438	3.2	3.2	4	3.2	4
2.44	3.2	3.2	3.2	3.2	2.4
2.442	4	4	3.2	3.2	3.2
2.444	2.4	2.4	3.2	4	3.2
2.446	3.2	4	3.2	2.4	3.2
2.448	4	2.4	4	3.2	4
2.45	2.4	3.2	3.2	3.2	4
2.452	3.2	4	3.2	3.2	2.4
2.454	2.4	3.2	3.2	3.2	4
2.456	4	3.2	3.2	4	4
2.458	3.2	3.2	3.2	4	3.2
2.46	2.4	3.2	4	2.4	3.2
2.462	17.6	4	3.2	3.2	4
2.464	19.2	3.2	4	3.2	3.2
2.466	20.8	3.2	3.2	4	3.2
2.468	19.2	3.2	3.2	4	3.2
2.47	19.2	4	3.2	3.2	4
2.472	20	2.4	3.2	3.2	4
2.474	19.2	4	20.8	4	2.4
2.476	20.8	4	22.4	21.6	3.2
2.478	20	3.2	22.4	21.6	3.2
2.48	19.2	4	21.6	23.2	3.2
2.482	20	3.2	22.4	22.4	3.2
2.484	19.2	3.2	21.6	22.4	3.2
2.486	20	3.2	21.6	22.4	4
2.488	20	2.4	22.4	21.6	3.2
2.49	20	2.4	22.4	22.4	2.4
2.492	19.2	3.2	22.4	21.6	3.2
2.494	18.4	1.6	20.8	22.4	4
2.496	18.4	2.4	20.8	22.4	4
2.498	20	3.2	22.4	22.4	2.4
2.5	19.2	3.2	22.4	21.6	4
2.502	18.4	2.4	20.8	22.4	3.2
2.504	19.2	3.2	20.8	22.4	4
2.506	18.4	2.4	20	22.4	4
2.508	19.2	2.4	21.6	23.2	3.2
2.51	19.2	3.2	21.6	22.4	4
2.512	19.2	2.4	20.8	22.4	3.2
2.514	19.2	4	21.6	22.4	3.2
2.516	20	4	20	22.4	3.2
2.518	19.2	2.4	21.6	23.2	4
2.52	19.2	3.2	20.8	23.2	3.2
2.522	19.2	4	21.6	22.4	3.2
2.524	18.4	3.2	20.8	22.4	3.2
2.526	19.2	3.2	20	20.8	4.8
2.528	19.2	3.2	21.6	22.4	4
2.53	19.2	4	20.8	20.8	2.4
2.532	19.2	3.2	20.8	22.4	3.2
2.534	18.4	2.4	20.8	21.6	4
2.536	19.2	3.2	20.8	22.4	2.4
2.538	19.2	3.2	20.8	20.8	4
2.54	18.4	4	20.8	21.6	3.2
2.542	19.2	3.2	20.8	20.8	4
2.544	19.2	3.2	20.8	21.6	3.2
2.546	19.2	3.2	20.8	21.6	3.2
2.548	18.4	2.4	20.8	22.4	24
2.55	18.4	2.4	20.8	21.6	21.6
2.552	19.2	3.2	20.8	21.6	21.6
2.554	19.2	4	20.8	21.6	21.6
2.556	19.2	4	20.8	20.8	20.8
2.558	19.2	4	20.8	20.8	22.4
2.56	19.2	4	20	21.6	21.6
2.562	19.2	3.2	20	23.2	20.8
2.564	18.4	4	20	22.4	20
2.566	18.4	3.2	20.8	22.4	21.6
2.568	18.4	3.2	20.8	21.6	20.8
2.57	19.2	3.2	19.2	20.8	21.6
2.572	19.2	3.2	20	22.4	20.8
2.574	19.2	3.2	20.8	20.8	21.6
2.576	18.4	3.2	20.8	21.6	20.8
2.578	19.2	1.6	20	22.4	21.6
2.58	19.2	3.2	20.8	22.4	21.6
2.582	19.2	19.2	20.8	22.4	20.8
2.584	19.2	20	20.8	21.6	21.6
2.586	19.2	21.6	20.8	21.6	20.8
2.588	20	22.4	20.8	21.6	21.6
2.59	19.2	20.8	20.8	21.6	21.6
2.592	20	20.8	20.8	20	21.6
2.594	19.2	20.8	20.8	21.6	20
2.596	19.2	20.8	20.8	20.8	20.8
2.598	19.2	20.8	20.8	21.6	20.8
2.6	19.2	20.8	20.8	21.6	20.8
2.602	19.2	20	21.6	21.6	21.6
2.604	19.2	20.8	20	22.4	22.4
2.606	19.2	20.8	20.8	21.6	20
2.608	19.2	20	20.8	21.6	20.8
2.61	19.2	20.8	21.6	21.6	20
2.612	19.2	20.8	21.6	20.8	20.8
2.614	20	20.8	20.8	22.4	21.6
2.616	19.2	20.8	20.8	21.6	20.8
2.618	19.2	20.8	20	20.8	20.8
2.62	19.2	20	20.8	20	20.8
2.622	20	20.8	20.8	21.6	20
2.624	19.2	20	21.6	21.6	21.6
2.626	19.2	20.8	21.6	21.6	20.8
2.628	18.4	20.8	20.8	21.6	20.8
2.63	19.2	20.8	21.6	22.4	21.6
2.632	19.2	20.8	21.6	20.8	20.8
2.634	19.2	20	20.8	21.6	20.8
2.636	19.2	20.8	20.8	21.6	21.6
2.638	19.2	20.8	21.6	21.6	20.8
2.64	20	20.8	21.6	21.6	20.8
2.642	20.8	20.8	20.8	21.6	20.8
2.644	19.2	20.8	21.6	21.6	20.8
2.646	19.2	20	21.6	21.6	20
2.648	20	20	20.8	21.6	20.8
2.65	19.2	20.8	21.6	22.4	20
2.652	19.2	20.8	20.8	20.8	20.8
2.654	17.6	20.8	21.6	20.8	20.8
2.656	19.2	20.8	20.8	20.8	20.8
2.658	19.2	19.2	20.8	21.6	20.8
2.66	20	20.8	21.6	21.6	20.8
2.662	18.4	20	20.8	21.6	21.6
2.664	19.2	20	21.6	23.2	21.6
2.666	19.2	20.8	21.6	21.6	20
2.668	20	20	20	22.4	20.8
2.67	20	20.8	22.4	22.4	20.8
2.672	19.2	20.8	20.8	21.6	21.6
2.674	19.2	20.8	20.8	23.2	20.8
2.676	19.2	20	21.6	22.4	20.8
2.678	19.2	20	21.6	22.4	20.8
2.68	19.2	20	22.4	21.6	20.8
2.682	20	20	21.6	20.8	21.6
2.684	18.4	20	20.8	20.8	21.6
2.686	19.2	20.8	20.8	21.6	20.8
2.688	19.2	20	20.8	21.6	20.8
2.69	20	20	21.6	20.8	20
2.692	19.2	20.8	20	21.6	20.8
2.694	19.2	19.2	20	22.4	21.6
2.696	19.2	20	22.4	20.8	21.6
2.698	18.4	20	21.6	20.8	20.8
2.7	19.2	20	21.6	21.6	20.8
2.702	19.2	20	21.6	22.4	20.8
2.704	20	20	20.8	20.8	21.6
2.706	19.2	20.8	21.6	21.6	20.8
2.708	19.2	19.2	20.8	21.6	20.8
2.71	20	20	21.6	20.8	20.8
2.712	19.2	20	20.8	21.6	21.6
2.714	20	20	21.6	20.8	21.6
2.716	20	20	20.8	21.6	20.8
2.718	20	20	21.6	21.6	20.8
2.72	19.2	20.8	21.6	22.4	20.8
2.722	20	20.8	21.6	21.6	20.8
2.724	20	19.2	21.6	21.6	21.6
2.726	20	20	21.6	20	20.8
2.728	20	20	20.8	22.4	21.6
2.73	19.2	21.6	20.8	21.6	20.8
2.732	20	20.8	21.6	21.6	20.8
2.734	20.8	20.8	21.6	22.4	21.6
2.736	20	20.8	20.8	20.8	20.8
2.738	19.2	20	21.6	22.4	21.6
2.74	20.8	20.8	21.6	21.6	20.8
2.742	19.2	20.8	21.6	21.6	20.8
2.744	20	20	21.6	21.6	20.8
2.746	20	20.8	20.8	22.4	20.8
2.748	20	20.8	21.6	22.4	20.8
2.75	20	20.8	21.6	21.6	20.8
2.752	20	20.8	21.6	21.6	21.6
2.754	20	20.8	21.6	22.4	20.8
2.756	19.2	20	20.8	20.8	21.6
2.758	20	20.8	20.8	21.6	21.6
2.76	20	20	19.2	21.6	20.8
2.762	20	20.8	20.8	20.8	20.8
2.764	20.8	21.6	21.6	21.6	20.8
2.766	20	20	21.6	22.4	20.8
2.768	20	20.8	20.8	22.4	20.8
2.77	19.2	20	21.6	22.4	20.8
2.772	20	20.8	21.6	20.8	21.6
2.774	20	20	21.6	22.4	20.8
2.776	20	20.8	20.8	21.6	20.8
2.778	20	20.8	21.6	20.8	20.8
2.78	20	20.8	22.4	21.6	20.8
2.782	20	20	22.4	21.6	20.8
2.784	19.2	20.8	21.6	21.6	20.8
2.786	19.2	20.8	21.6	23.2	20.8
2.788	20	20.8	21.6	21.6	20.8
2.79	20	20.8	21.6	22.4	20.8
2.792	20	20	20.8	21.6	20.8
2.794	19.2	20.8	20.8	21.6	21.6
2.796	19.2	20.8	20.8	21.6	20.8
2.798	20.8	20.8	21.6	22.4	20.8
2.8	19.2	20.8	22.4	22.4	21.6
2.802	20	20.8	20.8	20.8	20.8
2.804	19.2	20.8	20.8	22.4	20.8
2.806	19.2	20.8	22.4	20.8	21.6
2.808	20.8	21.6	22.4	23.2	20.8
2.81	20.8	22.4	21.6	21.6	20.8
2.812	19.2	20.8	20.8	22.4	20.8
2.814	20	20.8	20.8	21.6	20.8
2.816	19.2	20	20.8	20.8	20.8
2.818	20.8	20.8	21.6	22.4	21.6
2.82	20.8	20.8	21.6	22.4	21.6
2.822	19.2	20.8	21.6	22.4	20.8
2.824	20	20	22.4	21.6	21.6
2.826	19.2	20	20.8	22.4	21.6
2.828	20	20.8	21.6	22.4	22.4
2.83	20	20.8	21.6	22.4	21.6
2.832	20.8	20.8	20.8	21.6	20.8
2.834	19.2	20.8	21.6	22.4	21.6
2.836	20	20	21.6	22.4	20.8
2.838	19.2	20.8	21.6	21.6	21.6
2.84	19.2	20.8	21.6	22.4	20.8
2.842	20.8	20.8	22.4	21.6	20.8
2.844	20	20.8	20.8	22.4	20.8
2.846	20.8	20.8	21.6	20.8	20
2.848	19.2	21.6	21.6	21.6	21.6
2.85	20	20	20.8	22.4	20.8
2.852	20.8	21.6	21.6	22.4	20.8
2.854	20	20.8	22.4	22.4	21.6
2.856	20	20.8	21.6	20.8	20.8
2.858	20	20.8	20.8	22.4	21.6
2.86	20.8	20.8	20.8	24	21.6
2.862	20.8	20.8	21.6	21.6	20.8
2.864	20	20.8	22.4	21.6	21.6
2.866	20	20.8	21.6	21.6	20.8
2.868	20.8	21.6	20.8	20.8	21.6
2.87	20.8	21.6	21.6	22.4	20.8
2.872	20.8	20.8	21.6	22.4	21.6
2.874	20.8	20	22.4	22.4	20.8
2.876	20	21.6	21.6	22.4	20.8
2.878	20.8	20.8	21.6	21.6	21.6
2.88	20	20	21.6	22.4	21.6
2.882	20	20.8	21.6	21.6	20.8
2.884	20	20	21.6	22.4	21.6
2.886	20	20.8	21.6	22.4	20.8
2.888	20	20	20.8	21.6	20.8
2.89	20	20	20.8	21.6	21.6
2.892	20.8	21.6	22.4	20.8	20.8
2.894	20.8	20.8	20.8	22.4	20.8
2.896	20.8	20.8	22.4	22.4	20.8
2.898	20	21.6	20.8	22.4	21.6
2.9	20	20	22.4	20.8	20.8
2.902	20	20.8	20.8	21.6	20
2.904	20.8	20.8	20.8	22.4	22.4
2.906	20.8	21.6	21.6	22.4	20.8
2.908	20	21.6	20.8	22.4	20.8
2.91	20	20.8	22.4	21.6	20.8
2.912	20.8	20.8	21.6	3.2	20.8
2.914	20	20	22.4	4	20.8
2.916	20.8	20.8	21.6	3.2	20.8
2.918	20	20.8	21.6	3.2	21.6
2.92	20.8	20.8	20.8	1.6	21.6
2.922	20	20.8	21.6	4	20.8
2.924	15.2	20.8	21.6	3.2	20.8
2.926	9.6	20.8	22.4	3.2	21.6
2.928	3.2	20.8	22.4	2.4	22.4
2.93	4	20.8	21.6	3.2	21.6
2.932	2.4	20	21.6	3.2	21.6
2.934	3.2	20.8	22.4	4	20.8
2.936	3.2	20	21.6	3.2	21.6
2.938	3.2	20	21.6	3.2	21.6
2.94	3.2	21.6	21.6	3.2	20.8
2.942	3.2	20.8	20.8	4	22.4
2.944	2.4	20.8	22.4	3.2	21.6
2.946	3.2	20	22.4	3.2	21.6
2.948	3.2	20.8	21.6	4	21.6
2.95	3.2	20.8	20.8	2.4	21.6
2.952	3.2	21.6	21.6	3.2	20.8
2.954	3.2	20.8	21.6	3.2	21.6
2.956	3.2	20.8	22.4	3.2	20.8
2.958	3.2	20.8	20.8	4	20
2.96	3.2	20	20.8	4	21.6
2.962	2.4	20.8	21.6	4.8	21.6
2.964	3.2	20.8	22.4	3.2	21.6
2.966	3.2	21.6	24	3.2	21.6
2.968	3.2	20.8	22.4	4	21.6
2.97	3.2	20.8	21.6	4	21.6
2.972	2.4	20	21.6	4	21.6
2.974	3.2	21.6	22.4	4	21.6
2.976	4	20.8	22.4	3.2	20.8
2.978	3.2	19.2	22.4	3.2	21.6
2.98	2.4	20.8	21.6	4	21.6
2.982	3.2	21.6	21.6	3.2	21.6
2.984	3.2	20.8	21.6	3.2	21.6
2.986	3.2	20.8	22.4	4	21.6
2.988	3.2	20.8	21.6	3.2	22.4
2.99	3.2	20	22.4	4	20
2.992	3.2	20.8	21.6	3.2	9.6
2.994	3.2	21.6	21.6	4	4
2.996	3.2	20	22.4	4	4
2.998	2.4	20	22.4	4	3.2
3	4	20.8	22.4	4	3.2
3.002	4	20.8	19.2	4	2.4
3.004	3.2	21.6	22.4	4	4
3.006	3.2	20.8	21.6	3.2	4
3.008	3.2	20.8	22.4	3.2	4
3.01	3.2	20.8	21.6	3.2	4
3.012	4	20.8	21.6	3.2	3.2
3.014	3.2	20.8	21.6	3.2	3.2
3.016	2.4	20.8	21.6	4	3.2
3.018	3.2	21.6	21.6	4	2.4
3.02	4	20.8	20.8	4	3.2
3.022	3.2	20.8	21.6	3.2	2.4
3.024	2.4	20.8	21.6	3.2	3.2
3.026	3.2	20.8	22.4	3.2	4
3.028	3.2	20.8	22.4	3.2	3.2
3.03	4	20.8	22.4	3.2	2.4
3.032	2.4	20.8	23.2	3.2	3.2
3.034	4	20.8	21.6	3.2	3.2
3.036	3.2	20.8	20.8	4	3.2
3.038	2.4	20.8	21.6	2.4	4
3.04	2.4	20.8	21.6	4	2.4
3.042	4	20.8	22.4	3.2	3.2
3.044	3.2	21.6	21.6	3.2	3.2
3.046	3.2	20.8	20.8	4	3.2
3.048	3.2	20.8	22.4	4.8	4
3.05	3.2	20	21.6	3.2	4
3.052	3.2	20.8	21.6	3.2	3.2
3.054	4	20.8	21.6	4.8	2.4
3.056	3.2	20.8	21.6	4	3.2
3.058	3.2	20	20.8	3.2	3.2
3.06	3.2	21.6	22.4	3.2	4
3.062	4	21.6	21.6	2.4	3.2
3.064	3.2	20.8	21.6	2.4	3.2
3.066	3.2	21.6	22.4	3.2	3.2
3.068	3.2	20.8	21.6	4	3.2
3.07	4	21.6	20.8	2.4	3.2
3.072	3.2	20.8	21.6	3.2	3.2
3.074	4	21.6	4	3.2	3.2
3.076	3.2	22.4	3.2	4	3.2
3.078	3.2	21.6	2.4	3.2	4
3.08	3.2	21.6	3.2	4	4
3.082	3.2	22.4	3.2	3.2	4
3.084	3.2	21.6	3.2	3.2	3.2
3.086	3.2	21.6	3.2	3.2	4
3.088	3.2	20.8	3.2	4.8	3.2
3.09	3.2	20.8	3.2	4	4
3.092	3.2	9.6	3.2	2.4	4
3.094	4	2.4	3.2	3.2	3.2
3.096	3.2	2.4	4	2.4	3.2
3.098	2.4	4	4	2.4	2.4
3.1	2.4	3.2	3.2	4	3.2
3.102	4	3.2	4	3.2	4
3.104	3.2	3.2	4	2.4	4
3.106	3.2	3.2	3.2	4	4
3.108	2.4	3.2	4	3.2	3.2
3.11	3.2	3.2	3.2	4	3.2
3.112	3.2	2.4	3.2	4	3.2
3.114	4	3.2	3.2	3.2	4
3.116	4	3.2	3.2	4	4
3.118	2.4	3.2	4	3.2	4
3.12	3.2	3.2	4	4	4
3.122	3.2	3.2	3.2	3.2	3.2
3.124	4	4	3.2	4	4
3.126	3.2	3.2	2.4	3.2	3.2
3.128	3.2	3.2	3.2	4	4
3.13	2.4	3.2	3.2	3.2	4
3.132	3.2	3.2	3.2	3.2	3.2
3.134	3.2	3.2	3.2	3.2	4
3.136	4	3.2	3.2	4	4
3.138	3.2	4	3.2	4	3.2
3.14	3.2	4	4	3.2	3.2
3.142	3.2	3.2	3.2	3.2	3.2
3.144	2.4	3.2	3.2	4.8	3.2
3.146	2.4	3.2	3.2	4	3.2
3.148	4	4	3.2	2.4	4
3.15	2.4	2.4	1.6	4	4
3.152	3.2	3.2	4	3.2	3.2
3.154	3.2	2.4	3.2	4	3.2
3.156	3.2	4	3.2	4	2.4
3.158	4	3.2	4	4.8	3.2
3.16	4	3.2	3.2	3.2	3.2
3.162	3.2	4	4	4	2.4
3.164	2.4	3.2	3.2	4	3.2
3.166	2.4	2.4	3.2	3.2	3.2
3.168	3.2	3.2	3.2	3.2	4
3.17	3.2	4	2.4	3.2	4
3.172	3.2	4	3.2	4	2.4
3.174	3.2	3.2	4	3.2	3.2
3.176	3.2	2.4	3.2	4	4
3.178	4	4	3.2	3.2	4
3.18	2.4	3.2	3.2	3.2	3.2
3.182	3.2	3.2	4	4	3.2
3.184	3.2	3.2	4	4	3.2
3.186	3.2	3.2	3.2	4	3.2
3.188	3.2	3.2	3.2	4	3.2
3.19	4	3.2	3.2	2.4	3.2
3.192	3.2	4	3.2	3.2	3.2
3.194	3.2	3.2	4	3.2	3.2
3.196	3.2	3.2	3.2	4.8	3.2
3.198	2.4	4	3.2	3.2	3.2
3.2	4	3.2	3.2	3.2	3.2
3.202	3.2	4	3.2	3.2	3.2
3.204	3.2	3.2	3.2	4	3.2
3.206	2.4	4	4	3.2	2.4
3.208	3.2	4	4	4	4
3.21	3.2	2.4	4	3.2	3.2
3.212	4	3.2	3.2	3.2	4
3.214	3.2	2.4	2.4	3.2	4
3.216	3.2	4	3.2	3.2	2.4
3.218	4	4	4	4	2.4
3.22	3.2	3.2	2.4	4	4
3.222	4	3.2	4	4	4
3.224	4	2.4	3.2	3.2	3.2
3.226	3.2	3.2	3.2	3.2	3.2
3.228	3.2	3.2	4	3.2	3.2
3.23	3.2	3.2	3.2	4	3.2
3.232	4	2.4	4	4	4
3.234	3.2	3.2	3.2	2.4	3.2
3.236	4	3.2	4	2.4	3.2
3.238	3.2	3.2	4	3.2	3.2
3.24	3.2	3.2	3.2	3.2	4
3.242	3.2	4	3.2	3.2	3.2
3.244	3.2	3.2	3.2	3.2	4
3.246	2.4	3.2	4	3.2	3.2
3.248	2.4	3.2	3.2	2.4	3.2
3.25	4	3.2	3.2	3.2	4
3.252	3.2	4	3.2	4	4
3.254	3.2	2.4	3.2	3.2	4
3.256	3.2	2.4	3.2	2.4	4
3.258	2.4	3.2	3.2	3.2	4
3.26	3.2	2.4	3.2	3.2	2.4
3.262	4	4	2.4	4.8	3.2
3.264	3.2	4	3.2	3.2	4
3.266	3.2	4	3.2	4	3.2
3.268	3.2	3.2	4	3.2	3.2
3.27	3.2	3.2	3.2	4	3.2
3.272	4	4	4	4	3.2
3.274	3.2	3.2	3.2	4	4
3.276	3.2	3.2	3.2	3.2	2.4
3.278	4	3.2	3.2	3.2	3.2
3.28	2.4	4	3.2	4	4
3.282	3.2	2.4	3.2	3.2	4
3.284	3.2	3.2	3.2	4	3.2
3.286	3.2	3.2	3.2	4	4
3.288	3.2	2.4	2.4	3.2	4.8
3.29	2.4	3.2	3.2	3.2	4
3.292	3.2	3.2	2.4	2.4	4
3.294	3.2	3.2	4	4	3.2
3.296	3.2	3.2	3.2	3.2	3.2
3.298	3.2	3.2	4	3.2	3.2
3.3	4	3.2	4	2.4	3.2
3.302	3.2	4	3.2	4	3.2
3.304	2.4	3.2	3.2	4	3.2
3.306	3.2	4	3.2	2.4	3.2
3.308	4	3.2	4	4	3.2
3.31	3.2	3.2	3.2	3.2	3.2
3.312	3.2	3.2	3.2	2.4	4
3.314	3.2	4	3.2	2.4	3.2
3.316	3.2	4	4	4	3.2
3.318	4	4	2.4	3.2	3.2
3.32	3.2	4	3.2	4	3.2
3.322	3.2	4	4	3.2	3.2
3.324	3.2	3.2	3.2	4	4
3.326	2.4	3.2	3.2	3.2	2.4
3.328	4	4	4	4	3.2
3.33	4	2.4	4	2.4	4
3.332	3.2	3.2	3.2	4	2.4
3.334	3.2	3.2	3.2	2.4	4
3.336	3.2	3.2	3.2	3.2	2.4
3.338	2.4	3.2	3.2	4	4
3.34	3.2	3.2	3.2	3.2	3.2
3.342	3.2	2.4	3.2	4	4
3.344	4	3.2	2.4	3.2	4
3.346	3.2	4	3.2	3.2	4
3.348	3.2	2.4	3.2	3.2	4
3.35	3.2	3.2	4	4	3.2
3.352	3.2	3.2	3.2	3.2	3.2
3.354	2.4	3.2	2.4	3.2	3.2
3.356	3.2	3.2	3.2	2.4	3.2
3.358	3.2	4	3.2	3.2	2.4
3.36	3.2	3.2	3.2	4	4
3.362	2.4	3.2	3.2	2.4	3.2
3.364	3.2	3.2	4	4	4
3.366	3.2	3.2	4	2.4	3.2
3.368	3.2	3.2	4	4	3.2
3.37	4	4	3.2	4	3.2
3.372	4	3.2	3.2	4	3.2
3.374	4	4	2.4	4	3.2
3.376	3.2	3.2	3.2	3.2	4
3.378	3.2	2.4	3.2	3.2	3.2
3.38	4	4	3.2	3.2	3.2
3.382	2.4	3.2	3.2	3.2	3.2
3.384	4	4	3.2	3.2	3.2
3.386	3.2	3.2	3.2	3.2	3.2
3.388	3.2	3.2	4	3.2	4
3.39	3.2	3.2	3.2	4	4
3.392	3.2	3.2	3.2	3.2	3.2
3.394	3.2	4	2.4	3.2	3.2
3.396	3.2	4	2.4	3.2	3.2
3.398	2.4	3.2	3.2	2.4	3.2
3.4	3.2	4	3.2	3.2	4
3.402	3.2	3.2	4	3.2	4
3.404	4	4	4	4	4
3.406	2.4	3.2	2.4	4	3.2
3.408	2.4	3.2	3.2	3.2	3.2
3.41	3.2	3.2	3.2	2.4	3.2
3.412	3.2	3.2	3.2	2.4	4
3.414	3.2	3.2	3.2	4	4
3.416	2.4	2.4	2.4	3.2	4
3.418	3.2	3.2	3.2	2.4	3.2
3.42	3.2	2.4	4	3.2	4
3.422	3.2	3.2	3.2	2.4	3.2
3.424	4	3.2	3.2	4	3.2
3.426	2.4	3.2	2.4	4.8	3.2
3.428	3.2	4	3.2	3.2	4
3.43	2.4	3.2	2.4	3.2	3.2
3.432	4	2.4	3.2	2.4	3.2
3.434	3.2	4	3.2	3.2	3.2
3.436	3.2	3.2	3.2	4	3.2
3.438	4	3.2	3.2	3.2	4
3.44	4	3.2	3.2	3.2	4
3.442	2.4	3.2	3.2	2.4	4
3.444	3.2	3.2	3.2	3.2	2.4
3.446	3.2	2.4	3.2	3.2	3.2
3.448	3.2	3.2	3.2	3.2	4
3.45	2.4	3.2	3.2	3.2	3.2
3.452	3.2	4	3.2	3.2	4
3.454	3.2	3.2	3.2	3.2	3.2
3.456	3.2	3.2	3.2	3.2	3.2
3.458	3.2	4	4	3.2	3.2
3.46	3.2	4	3.2	4	3.2
3.462	3.2	4	3.2	4	3.2
3.464	4	3.2	3.2	4	4
3.466	3.2	2.4	3.2	3.2	3.2
3.468	4	3.2	3.2	3.2	4
3.47	3.2	3.2	3.2	2.4	3.2
3.472	3.2	3.2	3.2	2.4	3.2
3.474	3.2	3.2	3.2	2.4	3.2
3.476	2.4	3.2	3.2	4	4
3.478	3.2	3.2	4	4	4.8
3.48	3.2	3.2	3.2	3.2	3.2
3.482	2.4	3.2	3.2	4	3.2
3.484	2.4	2.4	4	4	3.2
3.486	3.2	4	3.2	3.2	2.4
3.488	4	4	4.8	3.2	4
3.49	3.2	2.4	3.2	4	3.2
3.492	4	3.2	2.4	2.4	3.2
3.494	3.2	3.2	3.2	4	3.2
3.496	3.2	4	3.2	3.2	3.2
3.498	3.2	3.2	4	3.2	3.2
3.5	2.4	3.2	3.2	3.2	4
3.502	3.2	3.2	3.2	3.2	4
3.504	3.2	3.2	3.2	2.4	3.2
3.506	3.2	4	4	3.2	2.4
3.508	3.2	3.2	3.2	4	3.2
3.51	3.2	4	3.2	4	3.2
3.512	3.2	3.2	3.2	4	3.2
3.514	2.4	4	3.2	3.2	4
3.516	3.2	4	4	3.2	4
3.518	4	4	2.4	4	4
3.52	2.4	3.2	4	4	4
3.522	3.2	4	3.2	3.2	3.2
3.524	3.2	3.2	4	1.6	4
3.526	3.2	3.2	3.2	3.2	3.2
3.528	3.2	3.2	3.2	3.2	3.2
3.53	3.2	3.2	3.2	3.2	3.2
3.532	3.2	3.2	3.2	3.2	3.2
3.534	4	3.2	3.2	3.2	4
3.536	2.4	3.2	3.2	3.2	4
3.538	3.2	4	3.2	4	4
3.54	2.4	3.2	3.2	3.2	3.2
3.542	3.2	4	3.2	3.2	4
3.544	2.4	2.4	3.2	2.4	3.2
3.546	3.2	3.2	3.2	3.2	3.2
3.548	3.2	3.2	4	3.2	4
3.55	2.4	4	3.2	3.2	3.2
3.552	3.2	4	2.4	4	4
3.554	3.2	3.2	3.2	3.2	4
3.556	3.2	3.2	3.2	3.2	3.2
3.558	3.2	2.4	3.2	3.2	3.2
3.56	3.2	3.2	3.2	3.2	4
3.562	3.2	4	2.4	3.2	4
3.564	4	4	4	3.2	3.2
3.566	4	4	3.2	4	3.2
3.568	3.2	2.4	4	3.2	3.2
3.57	2.4	3.2	3.2	3.2	3.2
3.572	3.2	4	4	4	3.2
3.574	3.2	3.2	3.2	4	3.2
3.576	4	3.2	3.2	4	3.2
3.578	3.2	3.2	3.2	3.2	3.2
3.58	2.4	3.2	3.2	3.2	3.2
3.582	2.4	4	3.2	2.4	3.2
3.584	3.2	4	3.2	4	3.2
3.586	2.4	3.2	3.2	3.2	4
3.588	3.2	3.2	4	3.2	4
3.59	3.2	3.2	3.2	3.2	3.2
3.592	3.2	3.2	4	4	3.2
3.594	3.2	4	3.2	4	4
3.596	4	3.2	4	4	3.2
3.598	4	3.2	4	3.2	4
3.6	3.2	2.4	3.2	4	2.4
3.602	3.2	3.2	3.2	3.2	3.2
3.604	3.2	3.2	3.2	4	4
3.606	4	4	3.2	3.2	4
3.608	3.2	2.4	4	2.4	3.2
3.61	3.2	4	3.2	4	3.2
3.612	4	3.2	3.2	3.2	4
3.614	2.4	3.2	3.2	3.2	4
3.616	2.4	4	3.2	3.2	3.2
3.618	3.2	3.2	3.2	4	3.2
3.62	4	3.2	3.2	3.2	3.2
3.622	2.4	2.4	4	3.2	3.2
3.624	3.2	3.2	4	3.2	4
3.626	4	4	3.2	3.2	4
3.628	4	4	4	3.2	4
3.63	3.2	3.2	3.2	3.2	4
3.632	3.2	3.2	3.2	4	4
3.634	2.4	4	3.2	3.2	3.2
3.636	3.2	4	3.2	4	4
3.638	3.2	3.2	4	3.2	4
3.64	3.2	3.2	3.2	3.2	3.2
3.642	4	3.2	4	3.2	2.4
3.644	2.4	3.2	3.2	3.2	3.2
3.646	3.2	3.2	3.2	4	3.2
3.648	4	3.2	2.4	4	4
3.65	3.2	3.2	4	4	3.2
3.652	3.2	3.2	3.2	4	4
3.654	3.2	3.2	4	3.2	3.2
3.656	3.2	3.2	3.2	3.2	3.2
3.658	3.2	4	3.2	3.2	3.2
3.66	3.2	4	4.8	2.4	2.4
3.662	3.2	3.2	3.2	4	3.2
3.664	2.4	4	3.2	3.2	3.2
3.666	2.4	3.2	4	2.4	3.2
3.668	3.2	3.2	4	4	3.2
3.67	3.2	4	4	3.2	3.2
3.672	4	3.2	3.2	4	4
3.674	2.4	3.2	3.2	3.2	3.2
3.676	3.2	3.2	3.2	3.2	4
3.678	3.2	3.2	3.2	3.2	3.2
3.68	2.4	3.2	3.2	4	4
3.682	3.2	3.2	3.2	3.2	4
3.684	3.2	3.2	3.2	3.2	3.2
3.686	4	3.2	4	3.2	3.2
3.688	3.2	3.2	3.2	3.2	3.2
3.69	3.2	4	3.2	4	4
3.692	3.2	3.2	3.2	4	3.2
3.694	3.2	3.2	4	4	4
3.696	3.2	3.2	3.2	2.4	3.2
3.698	3.2	4	2.4	3.2	4
3.7	3.2	3.2	3.2	3.2	4
3.702	3.2	3.2	3.2	2.4	3.2
3.704	3.2	4	3.2	3.2	3.2
3.706	2.4	3.2	3.2	3.2	3.2
3.708	3.2	4	3.2	2.4	2.4
3.71	3.2	4	4	2.4	3.2
3.712	4	4	3.2	4	3.2
3.714	4	4	3.2	4	3.2
3.716	3.2	3.2	3.2	3.2	3.2
3.718	2.4	3.2	2.4	2.4	3.2
3.72	3.2	3.2	3.2	4	3.2
3.722	3.2	4	3.2	4	4
3.724	2.4	2.4	3.2	3.2	4
3.726	3.2	3.2	3.2	4	3.2
3.728	3.2	3.2	3.2	4	4
3.73	3.2	3.2	3.2	3.2	4
3.732	3.2	3.2	2.4	4	3.2
3.734	3.2	2.4	3.2	4	4
3.736	3.2	4	4	4	3.2
3.738	3.2	4	3.2	3.2	2.4
3.74	3.2	4	3.2	3.2	2.4
3.742	2.4	3.2	3.2	3.2	4
3.744	2.4	3.2	3.2	3.2	3.2
3.746	4	2.4	3.2	4.8	4
3.748	3.2	3.2	4	3.2	3.2
3.75	4	3.2	3.2	3.2	3.2
3.752	3.2	3.2	3.2	3.2	3.2
3.754	3.2	4	4	4	2.4
3.756	3.2	4	3.2	3.2	4
3.758	4	3.2	3.2	4	3.2
3.76	3.2	3.2	3.2	3.2	4
3.762	3.2	4	3.2	3.2	3.2
3.764	3.2	4	3.2	3.2	3.2
3.766	3.2	4	4.8	3.2	3.2
3.768	3.2	2.4	3.2	3.2	3.2
3.77	4	3.2	4	3.2	3.2
3.772	3.2	4	4	3.2	3.2
3.774	3.2	3.2	3.2	3.2	2.4
3.776	3.2	3.2	4	4	3.2
3.778	3.2	3.2	3.2	3.2	3.2
3.78	3.2	3.2	3.2	4	3.2
3.782	3.2	3.2	4	3.2	3.2
3.784	3.2	3.2	4	3.2	3.2
3.786	3.2	3.2	4	2.4	4
3.788	3.2	3.2	3.2	3.2	3.2
3.79	3.2	3.2	3.2	3.2	3.2
3.792	3.2	4	3.2	2.4	3.2
3.794	2.4	4	3.2	3.2	2.4
3.796	3.2	3.2	4	3.2	4
3.798	2.4	3.2	3.2	3.2	3.2
3.8	3.2	3.2	3.2	3.2	3.2
3.802	2.4	2.4	3.2	3.2	2.4
3.804	3.2	4	4	3.2	2.4
3.806	3.2	4	3.2	3.2	3.2
3.808	3.2	4	3.2	4	4
3.81	3.2	4	3.2	4	3.2
3.812	3.2	3.2	3.2	3.2	4
3.814	2.4	3.2	4	3.2	4
3.816	3.2	4	3.2	3.2	3.2
3.818	3.2	3.2	2.4	4	4
3.82	3.2	2.4	3.2	4	4
3.822	3.2	3.2	3.2	3.2	3.2
3.824	3.2	3.2	2.4	3.2	4
3.826	3.2	3.2	3.2	3.2	2.4
3.828	2.4	3.2	3.2	3.2	3.2
3.83	3.2	4	2.4	4	4
3.832	3.2	3.2	3.2	2.4	3.2
3.834	3.2	3.2	3.2	4	4
3.836	2.4	3.2	4	4	4
3.838	3.2	3.2	3.2	4	3.2
3.84	3.2	4	3.2	2.4	4
3.842	3.2	4	2.4	3.2	3.2
3.844	3.2	2.4	3.2	3.2	3.2
3.846	3.2	3.2	3.2	2.4	3.2
3.848	3.2	4	4	4	3.2
3.85	3.2	2.4	3.2	3.2	3.2
3.852	3.2	3.2	3.2	3.2	3.2
3.854	3.2	3.2	3.2	3.2	4
3.856	2.4	3.2	3.2	3.2	3.2
3.858	3.2	3.2	4	3.2	3.2
3.86	4	3.2	3.2	4	3.2
3.862	3.2	3.2	3.2	4	3.2
3.864	3.2	3.2	3.2	3.2	4
3.866	3.2	3.2	3.2	4	4.8
3.868	2.4	3.2	4	4	3.2
3.87	3.2	3.2	3.2	3.2	3.2
3.872	3.2	3.2	4	4	3.2
3.874	3.2	3.2	2.4	4	4
3.876	3.2	3.2	3.2	4	4
3.878	3.2	3.2	4	2.4	3.2
3.88	4	3.2	4	2.4	4
3.882	3.2	3.2	3.2	4	3.2
3.884	3.2	4	3.2	4	4
3.886	4	3.2	3.2	4	3.2
3.888	2.4	3.2	3.2	3.2	3.2
3.89	3.2	3.2	4	3.2	4
3.892	3.2	3.2	3.2	3.2	3.2
3.894	3.2	3.2	4	3.2	3.2
3.896	3.2	3.2	3.2	4	3.2
3.898	3.2	3.2	4	4	4
3.9	3.2	3.2	4	3.2	4
3.902	3.2	2.4	4	3.2	3.2
3.904	3.2	3.2	3.2	3.2	3.2
3.906	3.2	4	2.4	3.2	3.2
3.908	3.2	2.4	4	4	4
3.91	3.2	3.2	3.2	4	3.2
3.912	3.2	3.2	3.2	3.2	4
3.914	3.2	4	4	4	3.2
3.916	4	3.2	4	4	3.2
3.918	3.2	3.2	2.4	3.2	3.2
3.92	3.2	3.2	3.2	2.4	4
3.922	2.4	3.2	4	3.2	4
3.924	3.2	3.2	4	4	3.2
3.926	3.2	3.2	2.4	3.2	3.2
3.928	3.2	3.2	3.2	4	3.2
3.93	3.2	3.2	4	2.4	4
3.932	2.4	3.2	3.2	3.2	4
3.934	3.2	3.2	3.2	3.2	3.2
3.936	4	3.2	3.2	4	3.2
3.938	3.2	3.2	2.4	3.2	3.2
3.94	3.2	4	3.2	3.2	3.2
3.942	3.2	4	3.2	3.2	4
3.944	3.2	3.2	3.2	3.2	3.2
3.946	4	4	4	3.2	4
3.948	3.2	2.4	4	4	3.2
3.95	3.2	3.2	3.2	3.2	4
3.952	3.2	3.2	3.2	4	4
3.954	3.2	3.2	4	3.2	4
3.956	3.2	2.4	4	4	4
3.958	3.2	3.2	4	4	4
3.96	3.2	3.2	3.2	3.2	3.2
3.962	3.2	3.2	2.4	3.2	2.4
3.964	3.2	4	3.2	3.2	3.2
3.966	3.2	3.2	3.2	4	3.2
3.968	3.2	3.2	4	3.2	3.2
3.97	4	2.4	4	3.2	3.2
3.972	2.4	3.2	3.2	4	4
3.974	3.2	3.2	3.2	3.2	4
3.976	3.2	4	3.2	3.2	3.2
3.978	3.2	3.2	3.2	4	3.2
3.98	4	4	2.4	3.2	4
3.982	3.2	4	3.2	4	4
3.984	2.4	4	3.2	3.2	4
3.986	3.2	2.4	3.2	4	4
3.988	2.4	3.2	4	4	3.2
3.99	3.2	4	3.2	3.2	2.4
3.992	3.2	3.2	2.4	3.2	3.2
3.994	3.2	3.2	3.2	4	3.2
3.996	3.2	4	4	3.2	3.2
3.998	2.4	3.2	3.2	3.2	3.2
4	4	3.2	3.2	3.2	4
4.002	4	3.2	4	3.2	3.2
4.004	3.2	4	2.4	4	3.2
4.006	3.2	4	2.4	2.4	4
4.008	3.2	3.2	2.4	3.2	3.2
4.01	3.2	3.2	4	3.2	3.2
4.012	4	3.2	3.2	4	3.2
4.014	2.4	3.2	3.2	3.2	4
4.016	3.2	3.2	4	3.2	3.2
4.018	3.2	3.2	3.2	3.2	3.2
4.02	3.2	4	4	3.2	3.2
4.022	4	3.2	4	3.2	4
4.024	2.4	2.4	2.4	4	3.2
4.026	3.2	3.2	2.4	3.2	3.2
4.028	3.2	3.2	3.2	3.2	4
4.03	2.4	3.2	4	4.8	3.2
4.032	3.2	3.2	3.2	4	2.4
4.034	4	2.4	2.4	3.2	3.2
4.036	3.2	3.2	3.2	3.2	3.2
4.038	3.2	3.2	4	3.2	4
4.04	3.2	2.4	3.2	3.2	4
4.042	3.2	3.2	3.2	2.4	4
4.044	3.2	3.2	3.2	4	3.2
4.046	4	4	3.2	3.2	4
4.048	4	4	4	3.2	4
4.05	3.2	3.2	4	4	4
4.052	3.2	4	3.2	4	4
4.054	3.2	3.2	3.2	3.2	4
4.056	3.2	4	4	3.2	4
4.058	2.4	4	3.2	4	3.2
4.06	3.2	3.2	3.2	3.2	3.2
4.062	4	4	3.2	4	3.2
4.064	4	3.2	3.2	3.2	4
4.066	3.2	3.2	4	3.2	3.2
4.068	3.2	2.4	2.4	2.4	3.2
4.07	3.2	3.2	4	3.2	4
4.072	4	3.2	3.2	2.4	3.2
4.074	4	3.2	4	4	4
4.076	3.2	3.2	3.2	4	3.2
4.078	3.2	3.2	3.2	3.2	3.2
4.08	3.2	3.2	3.2	3.2	3.2
4.082	3.2	4	3.2	3.2	3.2
4.084	3.2	3.2	3.2	2.4	3.2
4.086	3.2	4	4	4	3.2
4.088	2.4	3.2	3.2	3.2	4
4.09	2.4	3.2	3.2	4	3.2
4.092	2.4	2.4	4	1.6	4
4.094	3.2	4	4	3.2	3.2
4.096	3.2	2.4	4	4	4
4.098	3.2	3.2	3.2	3.2	3.2
4.1	3.2	3.2	3.2	4	3.2
4.102	2.4	2.4	2.4	3.2	2.4
4.104	4	3.2	4	4	3.2
4.106	3.2	4	4	4	4
4.108	4	4	3.2	4	3.2
4.11	3.2	3.2	3.2	4	3.2
4.112	3.2	3.2	3.2	4	3.2
4.114	4	3.2	2.4	3.2	4
4.116	4	3.2	2.4	2.4	3.2
4.118	3.2	3.2	3.2	3.2	4
4.12	3.2	4	4.8	4	3.2
4.122	2.4	2.4	2.4	4.8	3.2
4.124	3.2	3.2	3.2	3.2	2.4
4.126	3.2	3.2	3.2	3.2	3.2
4.128	3.2	3.2	3.2	3.2	3.2
4.13	3.2	3.2	3.2	4	3.2
4.132	2.4	4	3.2	4	4
4.134	3.2	4	4	3.2	4
4.136	3.2	3.2	3.2	4	4
4.138	3.2	3.2	3.2	3.2	3.2
4.14	2.4	3.2	4	4	3.2
4.142	3.2	3.2	2.4	4	3.2
4.144	2.4	3.2	4	4	3.2
4.146	2.4	3.2	3.2	3.2	3.2
4.148	3.2	3.2	4	3.2	3.2
4.15	3.2	4	4	3.2	4
4.152	3.2	3.2	3.2	3.2	3.2
4.154	4	2.4	4	3.2	3.2
4.156	4	3.2	4	3.2	4
4.158	3.2	3.2	3.2	4	3.2
4.16	3.2	4	4	4	4
4.162	3.2	3.2	4	4	3.2
4.164	3.2	2.4	4	3.2	3.2
4.166	3.2	2.4	3.2	3.2	4
4.168	3.2	3.2	3.2	3.2	3.2
4.17	3.2	2.4	3.2	4	4
4.172	2.4	3.2	3.2	4	4
4.174	4	4	3.2	4	3.2
4.176	3.2	3.2	3.2	4	3.2
4.178	3.2	4	2.4	3.2	3.2
4.18	4	3.2	3.2	4	3.2
4.182	3.2	3.2	3.2	4	3.2
4.184	3.2	4	4	3.2	3.2
4.186	2.4	3.2	4	4	3.2
4.188	3.2	3.2	3.2	2.4	3.2
4.19	4	3.2	3.2	4	4
4.192	4.8	3.2	3.2	3.2	3.2
4.194	3.2	3.2	2.4	3.2	3.2
4.196	3.2	4	3.2	3.2	3.2
4.198	3.2	3.2	3.2	3.2	3.2
4.2	3.2	3.2	3.2	3.2	3.2
4.202	4	3.2	3.2	4	4
4.204	3.2	3.2	3.2	3.2	4
4.206	3.2	4	4	3.2	4
4.208	3.2	3.2	3.2	4	3.2
4.21	2.4	3.2	3.2	3.2	3.2
4.212	4	3.2	4	3.2	4
4.214	4	4	3.2	3.2	3.2
4.216	3.2	3.2	4	4	2.4
4.218	3.2	4	3.2	3.2	3.2
4.22	4	4	4	4	3.2
4.222	3.2	3.2	3.2	3.2	3.2
4.224	4	3.2	3.2	3.2	4
4.226	4	3.2	3.2	3.2	3.2
4.228	3.2	4	3.2	3.2	3.2
4.23	3.2	3.2	4	3.2	4
4.232	3.2	3.2	3.2	3.2	3.2
4.234	2.4	2.4	3.2	2.4	4
4.236	4	3.2	4	4	3.2
4.238	3.2	3.2	4	4	4
4.24	3.2	4	3.2	3.2	3.2
4.242	3.2	4	4	3.2	3.2
4.244	4	3.2	2.4	3.2	4
4.246	3.2	3.2	3.2	2.4	4
4.248	3.2	3.2	3.2	4	4
4.25	3.2	4	3.2	3.2	3.2
4.252	2.4	1.6	3.2	4	2.4
4.254	3.2	3.2	3.2	3.2	4
4.256	3.2	4	3.2	3.2	4
4.258	2.4	3.2	3.2	3.2	4
4.26	3.2	3.2	3.2	3.2	4
4.262	3.2	4	3.2	4	3.2
4.264	3.2	3.2	3.2	3.2	4
4.266	3.2	3.2	3.2	3.2	4
4.268	3.2	3.2	2.4	4	3.2
4.27	3.2	4	2.4	3.2	3.2
4.272	3.2	3.2	2.4	3.2	3.2
4.274	3.2	3.2	3.2	3.2	3.2
4.276	4	3.2	4	3.2	2.4
4.278	4	3.2	3.2	3.2	3.2
4.28	3.2	4	3.2	4	3.2
4.282	3.2	3.2	4	3.2	3.2
4.284	3.2	4	3.2	4	4
4.286	4	3.2	4	4.8	4
4.288	3.2	3.2	4	3.2	4
4.29	3.2	3.2	4	3.2	3.2
4.292	2.4	3.2	3.2	4	2.4
4.294	3.2	3.2	3.2	4	3.2
4.296	3.2	3.2	4	3.2	3.2
4.298	4	3.2	4	3.2	3.2
4.3	3.2	3.2	3.2	4	4
4.302	3.2	3.2	3.2	4	4
4.304	3.2	4	4	3.2	2.4
4.306	3.2	3.2	4	3.2	4.8
4.308	3.2	3.2	4	2.4	3.2
4.31	2.4	3.2	4	3.2	4
4.312	3.2	4	3.2	4	3.2
4.314	3.2	3.2	3.2	4	3.2
4.316	4	3.2	3.2	3.2	4
4.318	3.2	3.2	4	3.2	3.2
4.32	2.4	2.4	4	4	4
4.322	3.2	3.2	4	3.2	3.2
4.324	3.2	2.4	3.2	3.2	3.2
4.326	3.2	3.2	3.2	3.2	3.2
4.328	3.2	3.2	2.4	4	2.4
4.33	2.4	3.2	4	4	3.2
4.332	4	2.4	3.2	3.2	3.2
4.334	3.2	3.2	2.4	3.2	3.2
4.336	3.2	4	3.2	3.2	3.2
4.338	3.2	3.2	3.2	2.4	3.2
4.34	2.4	4	3.2	4	3.2
4.342	3.2	3.2	2.4	3.2	4
4.344	3.2	3.2	3.2	4	4
4.346	3.2	2.4	3.2	4	3.2
4.348	3.2	3.2	3.2	4	3.2
4.35	4	4	4	3.2	4
4.352	3.2	3.2	4	3.2	3.2
4.354	2.4	3.2	3.2	3.2	4
4.356	3.2	2.4	3.2	4	4
4.358	3.2	2.4	3.2	4	3.2
4.36	3.2	3.2	4	4	3.2
4.362	4	3.2	3.2	3.2	3.2
4.364	3.2	3.2	3.2	3.2	3.2
4.366	3.2	4	3.2	4	3.2
4.368	3.2	4	4	4.8	4
4.37	3.2	2.4	3.2	4	4
4.372	4	3.2	3.2	3.2	3.2
4.374	3.2	3.2	4	3.2	3.2
4.376	3.2	2.4	3.2	3.2	3.2
4.378	3.2	3.2	2.4	3.2	4
4.38	3.2	3.2	3.2	4	3.2
4.382	3.2	3.2	4	3.2	3.2
4.384	3.2	3.2	3.2	4	3.2
4.386	3.2	3.2	3.2	4	3.2
4.388	2.4	3.2	2.4	2.4	3.2
4.39	3.2	3.2	3.2	3.2	4
4.392	2.4	4	3.2	2.4	2.4
4.394	4	4	3.2	2.4	4
4.396	3.2	3.2	4	3.2	2.4
4.398	2.4	3.2	3.2	3.2	4
4.4	4	3.2	3.2	3.2	3.2
4.402	3.2	3.2	3.2	2.4	3.2
4.404	3.2	3.2	3.2	4	3.2
4.406	4	3.2	4	3.2	3.2
4.408	3.2	4	3.2	3.2	4
4.41	3.2	2.4	2.4	4	4
4.412	2.4	2.4	3.2	3.2	4
4.414	3.2	3.2	3.2	3.2	3.2
4.416	3.2	3.2	3.2	3.2	2.4
4.418	3.2	4	3.2	4	3.2
4.42	3.2	3.2	4	3.2	3.2
4.422	3.2	3.2	2.4	4	4
4.424	3.2	4	3.2	3.2	3.2
4.426	4	3.2	4	3.2	2.4
4.428	3.2	4.8	4	4	3.2
4.43	3.2	4	4	4.8	3.2
4.432	3.2	3.2	4	3.2	3.2
4.434	3.2	3.2	3.2	3.2	3.2
4.436	4	2.4	3.2	3.2	3.2
4.438	3.2	4	3.2	4	4
4.44	2.4	4	4	4	3.2
4.442	3.2	3.2	3.2	4	4
4.444	2.4	2.4	3.2	3.2	3.2
4.446	4	3.2	3.2	3.2	3.2
4.448	4	3.2	3.2	3.2	3.2
4.45	3.2	4	3.2	3.2	3.2
4.452	3.2	3.2	3.2	4	3.2
4.454	2.4	3.2	2.4	3.2	4.8
4.456	3.2	3.2	3.2	4	4
4.458	3.2	3.2	4	3.2	2.4
4.46	3.2	4	4	3.2	2.4
4.462	4	3.2	3.2	4	4
4.464	4	3.2	4	3.2	4
4.466	3.2	2.4	3.2	4	4
4.468	3.2	3.2	3.2	3.2	4
4.47	2.4	3.2	4	3.2	3.2
4.472	3.2	4	4	4	3.2
4.474	3.2	3.2	4	4	3.2
4.476	3.2	3.2	3.2	3.2	4
4.478	3.2	3.2	3.2	4	3.2
4.48	4	3.2	3.2	3.2	2.4
4.482	3.2	4	3.2	4	4
4.484	3.2	3.2	4	4	3.2
4.486	4	4	3.2	3.2	4
4.488	3.2	4	3.2	2.4	4
4.49	3.2	3.2	4	3.2	4
4.492	4	3.2	3.2	4	3.2
4.494	3.2	3.2	4	3.2	4
4.496	3.2	3.2	3.2	3.2	3.2
4.498	4	3.2	3.2	3.2	4
4.5	3.2	3.2	4	2.4	3.2
4.502	3.2	4	3.2	3.2	2.4
4.504	3.2	3.2	3.2	3.2	2.4
4.506	3.2	4	3.2	2.4	2.4
4.508	2.4	2.4	4	3.2	4
4.51	4	3.2	3.2	3.2	4
4.512	4	3.2	4	3.2	4
4.514	3.2	3.2	3.2	3.2	2.4
4.516	3.2	3.2	3.2	4	3.2
4.518	3.2	3.2	3.2	3.2	3.2
4.52	4	3.2	3.2	4	3.2
4.522	3.2	2.4	3.2	4	3.2
4.524	3.2	3.2	3.2	5.6	3.2
4.526	3.2	3.2	3.2	3.2	3.2
4.528	3.2	3.2	4	4	3.2
4.53	3.2	3.2	3.2	2.4	4
4.532	2.4	3.2	2.4	3.2	3.2
4.534	4	3.2	3.2	3.2	3.2
4.536	3.2	4	3.2	3.2	4
4.538	3.2	4	3.2	3.2	2.4
4.54	4	4	4	2.4	4
4.542	3.2	3.2	2.4	4	3.2
4.544	3.2	3.2	3.2	3.2	3.2
4.546	3.2	3.2	3.2	3.2	3.2
4.548	3.2	3.2	4	4	3.2
4.55	3.2	3.2	3.2	2.4	3.2
4.552	3.2	3.2	3.2	4	4
4.554	4	3.2	2.4	3.2	4
4.556	3.2	3.2	4	4	3.2
4.558	3.2	3.2	3.2	4	3.2
4.56	3.2	4	4	2.4	4
4.562	3.2	3.2	4	2.4	3.2
4.564	3.2	3.2	3.2	3.2	3.2
4.566	3.2	4	3.2	3.2	4
4.568	3.2	3.2	3.2	3.2	3.2
4.57	4	4	4.8	3.2	3.2
4.572	3.2	3.2	3.2	3.2	4
4.574	3.2	3.2	4	4	3.2
4.576	4	3.2	3.2	4	3.2
4.578	3.2	4	3.2	4	3.2
4.58	3.2	4	3.2	3.2	4
4.582	3.2	4	4	3.2	4
4.584	3.2	3.2	3.2	3.2	3.2
4.586	4	3.2	3.2	4.8	3.2
4.588	3.2	3.2	3.2	3.2	4
4.59	2.4	4	3.2	3.2	4
4.592	2.4	3.2	3.2	3.2	3.2
4.594	2.4	3.2	4	2.4	4
4.596	3.2	3.2	2.4	3.2	3.2
4.598	3.2	2.4	2.4	4	3.2
4.6	3.2	3.2	4	4	3.2
4.602	3.2	3.2	-102.4	4	3.2
4.604	3.2	4	-102.4	3.2	4
4.606	2.4	3.2	-102.4	3.2	4
4.608	3.2	3.2	-102.4	2.4	3.2
4.61	2.4	4	-102.4	2.4	4
4.612	2.4	3.2	-102.4	3.2	3.2
4.614	3.2	3.2	-102.4	3.2	4
4.616	3.2	3.2	-102.4	4	4
4.618	3.2	3.2	-102.4	4	4
4.62	3.2	3.2	-102.4	3.2	3.2
4.622	3.2	3.2	-102.4	3.2	4
4.624	3.2	4	-102.4	4	3.2
4.626	4	3.2	-102.4	4	4
4.628	2.4	3.2	-102.4	4	3.2
4.63	3.2	3.2	-102.4	4	3.2
4.632	3.2	4.8	-102.4	2.4	3.2
4.634	2.4	4	-102.4	3.2	3.2
4.636	4	3.2	-102.4	2.4	3.2
4.638	2.4	3.2	-102.4	4	3.2
4.64	4	3.2	-102.4	3.2	3.2
4.642	3.2	3.2	-102.4	3.2	4
4.644	4	3.2	-102.4	2.4	2.4
4.646	2.4	3.2	-102.4	4	2.4
4.648	3.2	4	-102.4	3.2	4
4.65	3.2	3.2	-102.4	3.2	3.2
4.652	3.2	3.2	-102.4	3.2	3.2
4.654	3.2	3.2	-102.4	4	3.2
4.656	3.2	3.2	-102.4	3.2	3.2
4.658	4	3.2	-102.4	3.2	4
4.66	4	3.2	-102.4	4	4
4.662	3.2	4	-102.4	3.2	4
4.664	3.2	3.2	-102.4	4	3.2
4.666	2.4	2.4	-102.4	3.2	3.2
4.668	3.2	4	-102.4	4	3.2
4.67	4	3.2	-102.4	3.2	3.2
4.672	3.2	3.2	-102.4	4	4
4.674	2.4	4	-102.4	3.2	4
4.676	3.2	4	-102.4	3.2	3.2
4.678	4	3.2	-102.4	4	4
4.68	4	4	-102.4	3.2	3.2
4.682	3.2	4	-102.4	3.2	4
4.684	3.2	4	-102.4	3.2	3.2
4.686	3.2	2.4	-102.4	3.2	3.2
4.688	4	3.2	-102.4	2.4	3.2
4.69	3.2	3.2	-102.4	3.2	3.2
4.692	3.2	4	-102.4	4	4.8
4.694	3.2	3.2	-102.4	3.2	4
4.696	3.2	3.2	-102.4	3.2	2.4
4.698	3.2	3.2	-102.4	3.2	3.2
4.7	3.2	4	-102.4	4	3.2
4.702	2.4	3.2	-102.4	2.4	3.2
4.704	3.2	2.4	-102.4	4	3.2
4.706	2.4	3.2	-102.4	3.2	-102.4
4.708	3.2	3.2	-102.4	4	-102.4
4.71	2.4	3.2	-102.4	3.2	-102.4
4.712	4	3.2	-102.4	3.2	-102.4
4.714	3.2	3.2	-102.4	3.2	-102.4
4.716	3.2	3.2	-102.4	3.2	-102.4
4.718	3.2	2.4	-102.4	3.2	-102.4
4.72	3.2	3.2	-102.4	4	-102.4
4.722	3.2	4	-102.4	4	-102.4
4.724	3.2	3.2	-102.4	3.2	-102.4
4.726	2.4	3.2	-102.4	3.2	-102.4
4.728	4	4	-102.4	3.2	-102.4
4.73	3.2	3.2	-102.4	3.2	-102.4
4.732	3.2	2.4	-102.4	4	-102.4
4.734	3.2	3.2	-102.4	3.2	-102.4
4.736	3.2	3.2	-102.4	3.2	-102.4
4.738	3.2	4	-102.4	3.2	-102.4
4.74	3.2	2.4	-102.4	3.2	-102.4
4.742	3.2	2.4	-102.4	2.4	-102.4
4.744	4	4	-102.4	4	-102.4
4.746	3.2	3.2	-102.4	3.2	-102.4
4.748	3.2	2.4	-102.4	4	-102.4
4.75	3.2	4	-102.4	3.2	-102.4
4.752	4	3.2	-102.4	4	-102.4
4.754	3.2	3.2	-102.4	3.2	-102.4
4.756	3.2	4	-102.4	3.2	-102.4
4.758	3.2	3.2	-102.4	4	-102.4
4.76	2.4	2.4	-102.4	3.2	-102.4
4.762	3.2	4	-102.4	3.2	-102.4
4.764	4	3.2	-102.4	4	-102.4
4.766	4	3.2	-102.4	4	-102.4
4.768	3.2	4	-102.4	4.8	-102.4
4.77	3.2	3.2	-102.4	3.2	-102.4
4.772	4	4	-102.4	4	-102.4
4.774	3.2	4	-102.4	3.2	-102.4
4.776	3.2	-102.4	-102.4	3.2	-102.4
4.778	3.2	-102.4	-102.4	4	-102.4
4.78	2.4	-102.4	-102.4	3.2	-102.4
4.782	3.2	-102.4	-102.4	3.2	-102.4
4.784	2.4	-102.4	-102.4	2.4	-102.4
4.786	3.2	-102.4	-102.4	3.2	-102.4
4.788	3.2	-102.4	-102.4	4	-102.4
4.79	3.2	-102.4	-102.4	3.2	-102.4
4.792	3.2	-102.4	-102.4	3.2	-102.4
4.794	2.4	-102.4	-102.4	3.2	-102.4
4.796	3.2	-102.4	-102.4	3.2	-102.4
4.798	3.2	-102.4	-102.4	4.8	-102.4
4.8	3.2	-102.4	-102.4	3.2	-102.4
4.802	4	-102.4	-102.4	3.2	-102.4
4.804	4	-102.4	-102.4	2.4	-102.4
4.806	4	-102.4	-102.4	3.2	-102.4
4.808	3.2	-102.4	-102.4	4	-102.4
4.81	3.2	-102.4	-102.4	4	-102.4
4.812	3.2	-102.4	-102.4	3.2	-102.4
4.814	3.2	-102.4	-102.4	3.2	-102.4
4.816	4	-102.4	-102.4	4	-102.4
4.818	3.2	-102.4	-102.4	3.2	-102.4
4.82	3.2	-102.4	-102.4	4	-102.4
4.822	3.2	-102.4	-102.4	3.2	-102.4
4.824	3.2	-102.4	-102.4	3.2	-102.4
4.826	3.2	-102.4	-102.4	4	-102.4
4.828	3.2	-102.4	-102.4	4	-102.4
4.83	2.4	-102.4	-102.4	3.2	-102.4
4.832	3.2	-102.4	-102.4	4	-102.4
4.834	2.4	-102.4	-102.4	3.2	-102.4
4.836	2.4	-102.4	-102.4	4	-102.4
4.838	4	-102.4	-102.4	4	-102.4
4.84	3.2	-102.4	-102.4	4	-102.4
4.842	3.2	-102.4	-102.4	-102.4	-102.4
4.844	3.2	-102.4	-102.4	-102.4	-102.4
4.846	2.4	-102.4	-102.4	-102.4	-102.4
4.848	-102.4	-102.4	-102.4	-102.4	-102.4
4.85	-102.4	-102.4	-102.4	-102.4	-102.4
4.852	-102.4	-102.4	-102.4	-102.4	-102.4
4.854	-102.4	-102.4	-102.4	-102.4	-102.4
4.856	-102.4	-102.4	-102.4	-102.4	-102.4
4.858	-102.4	-102.4	-102.4	-102.4	-102.4
4.86	-102.4	-102.4	-102.4	-102.4	-102.4
4.862	-102.4	-102.4	-102.4	-102.4	-102.4
4.864	-102.4	-102.4	-102.4	-102.4	-102.4
4.866	-102.4	-102.4	-102.4	-102.4	-102.4
4.868	-102.4	-102.4	-102.4	-102.4	-102.4
4.87	-102.4	-102.4	-102.4	-102.4	-102.4
4.872	-102.4	-102.4	-102.4	-102.4	-102.4
4.874	-102.4	-102.4	-102.4	-102.4	-102.4
4.876	-102.4	-102.4	-102.4	-102.4	-102.4
4.878	-102.4	-102.4	-102.4	-102.4	-102.4
4.88	-102.4	-102.4	-102.4	-102.4	-102.4
4.882	-102.4	-102.4	-102.4	-102.4	-102.4
4.884	-102.4	-102.4	-102.4	-102.4	-102.4
4.886	-102.4	-102.4	-102.4	-102.4	-102.4
4.888	-102.4	-102.4	-102.4	-102.4	-102.4
4.89	-102.4	-102.4	-102.4	-102.4	-102.4
4.892	-102.4	-102.4	-102.4	-102.4	-102.4
4.894	-102.4	-102.4	-102.4	-102.4	-102.4
4.896	-102.4	-102.4	-102.4	-102.4	-102.4
4.898	-102.4	-102.4	-102.4	-102.4	-102.4
4.9	-102.4	-102.4	-102.4	-102.4	-102.4
4.902	-102.4	-102.4	-102.4	-102.4	-102.4
4.904	-102.4	-102.4	-102.4	-102.4	-102.4
4.906	-102.4	-102.4	-102.4	-102.4	-102.4
4.908	-102.4	-102.4	-102.4	-102.4	-102.4
4.91	-102.4	-102.4	-102.4	-102.4	-102.4
4.912	-102.4	-102.4	-102.4	-102.4	-102.4
4.914	-102.4	-102.4	-102.4	-102.4	-102.4
4.916	-102.4	-102.4	-102.4	-102.4	-102.4
4.918	-102.4	-102.4	-102.4	-102.4	-102.4
4.92	-102.4	-102.4	-102.4	-102.4	-102.4
4.922	-102.4	-102.4	-102.4	-102.4	-102.4
4.924	-102.4	-102.4	-102.4	-102.4	-102.4
4.926	-102.4	-102.4	-102.4	-102.4	-102.4
4.928	-102.4	-102.4	-102.4	-102.4	-102.4
4.93	-102.4	-102.4	-102.4	-102.4	-102.4
4.932	-102.4	-102.4	-102.4	-102.4	-102.4
4.934	-102.4	-102.4	-102.4	-102.4	-102.4
4.936	-102.4	-102.4	-102.4	-102.4	-102.4
4.938	-102.4	-102.4	-102.4	-102.4	-102.4
4.94	-102.4	-102.4	-102.4	-102.4	-102.4
4.942	-102.4	-102.4	-102.4	-102.4	-102.4
4.944	-102.4	-102.4	-102.4	-102.4	-102.4
4.946	-102.4	-102.4	-102.4	-102.4	-102.4
4.948	-102.4	-102.4	-102.4	-102.4	-102.4
4.95	-102.4	-102.4	-102.4	-102.4	-102.4
4.952	-102.4	-102.4	-102.4	-102.4	-102.4
4.954	-102.4	-102.4	-102.4	-102.4	-102.4
4.956	-102.4	-102.4	-102.4	-102.4	-102.4
4.958	-102.4	-102.4	-102.4	-102.4	-102.4
4.96	-102.4	-102.4	-102.4	-102.4	-102.4
4.962	-102.4	-102.4	-102.4	-102.4	-102.4
4.964	-102.4	-102.4	-102.4	-102.4	-102.4
4.966	-102.4	-102.4	-102.4	-102.4	-102.4
4.968	-102.4	-102.4	-102.4	-102.4	-102.4
4.97	-102.4	-102.4	-102.4	-102.4	-102.4
4.972	-102.4	-102.4	-102.4	-102.4	-102.4
4.974	-102.4	-102.4	-102.4	-102.4	-102.4
4.976	-102.4	-102.4	-102.4	-102.4	-102.4
4.978	-102.4	-102.4	-102.4	-102.4	-102.4
4.98	-102.4	-102.4	-102.4	-102.4	-102.4
4.982	-102.4	-102.4	-102.4	-102.4	-102.4
4.984	-102.4	-102.4	-102.4	-102.4	-102.4
4.986	-102.4	-102.4	-102.4	-102.4	-102.4
4.988	-102.4	-102.4	-102.4	-102.4	-102.4
4.99	-102.4	-102.4	-102.4	-102.4	-102.4
4.992	-102.4	-102.4	-102.4	-102.4	-102.4
4.994	-102.4	-102.4	-102.4	-102.4	-102.4
4.996	-102.4	-102.4	-102.4	-102.4	-102.4
4.998	-102.4	-102.4	-102.4	-102.4	-102.4
