Time	1st	2nd	3rd	4th	5th
0	3.2	3.2	3.2	2.4	2.4
0.002	3.2	2.4	3.2	2.4	3.2
0.004	2.4	3.2	2.4	3.2	2.4
0.006	3.2	4	3.2	4	3.2
0.008	3.2	4	3.2	3.2	2.4
0.01	4	2.4	2.4	2.4	3.2
0.012	1.6	2.4	3.2	2.4	3.2
0.014	3.2	4	3.2	3.2	3.2
0.016	3.2	3.2	3.2	3.2	3.2
0.018	2.4	2.4	3.2	3.2	3.2
0.02	3.2	3.2	2.4	3.2	3.2
0.022	3.2	3.2	3.2	2.4	2.4
0.024	3.2	3.2	3.2	2.4	2.4
0.026	3.2	3.2	3.2	3.2	2.4
0.028	2.4	3.2	3.2	3.2	3.2
0.03	4	3.2	3.2	3.2	4
0.032	3.2	3.2	3.2	3.2	3.2
0.034	2.4	4	3.2	4	2.4
0.036	2.4	2.4	2.4	2.4	2.4
0.038	3.2	2.4	3.2	3.2	2.4
0.04	2.4	3.2	3.2	2.4	3.2
0.042	2.4	2.4	2.4	2.4	3.2
0.044	3.2	3.2	4	3.2	2.4
0.046	2.4	1.6	3.2	3.2	2.4
0.048	3.2	3.2	2.4	2.4	3.2
0.05	3.2	3.2	3.2	4	3.2
0.052	3.2	2.4	3.2	3.2	3.2
0.054	3.2	4	4	3.2	3.2
0.056	3.2	3.2	2.4	3.2	3.2
0.058	3.2	3.2	3.2	2.4	2.4
0.06	2.4	3.2	4	4	4
0.062	3.2	3.2	2.4	3.2	2.4
0.064	4	3.2	2.4	3.2	3.2
0.066	3.2	2.4	3.2	3.2	4
0.068	3.2	3.2	3.2	3.2	2.4
0.07	2.4	3.2	3.2	3.2	4
0.072	3.2	2.4	2.4	3.2	3.2
0.074	3.2	3.2	3.2	3.2	3.2
0.076	3.2	3.2	3.2	3.2	3.2
0.078	3.2	3.2	3.2	1.6	3.2
0.08	2.4	2.4	3.2	3.2	4
0.082	3.2	3.2	2.4	3.2	3.2
0.084	3.2	-102.4	3.2	3.2	3.2
0.086	3.2	-102.4	3.2	3.2	2.4
0.088	2.4	-102.4	3.2	2.4	3.2
0.09	3.2	-102.4	2.4	3.2	3.2
0.092	3.2	-102.4	2.4	3.2	3.2
0.094	3.2	-102.4	2.4	3.2	3.2
0.096	3.2	-102.4	2.4	3.2	2.4
0.098	3.2	-102.4	4	3.2	3.2
0.1	3.2	-102.4	3.2	3.2	3.2
0.102	3.2	-102.4	2.4	3.2	3.2
0.104	3.2	-102.4	3.2	3.2	2.4
0.106	3.2	-102.4	2.4	2.4	2.4
0.108	3.2	-102.4	3.2	3.2	3.2
0.11	3.2	-102.4	2.4	3.2	2.4
0.112	3.2	-102.4	3.2	3.2	4
0.114	2.4	-102.4	3.2	3.2	2.4
0.116	3.2	-102.4	3.2	2.4	2.4
0.118	3.2	-102.4	3.2	2.4	3.2
0.12	3.2	-102.4	3.2	3.2	3.2
0.122	2.4	-102.4	4	4	4
0.124	3.2	-102.4	3.2	3.2	3.2
0.126	2.4	-102.4	3.2	3.2	2.4
0.128	3.2	-102.4	3.2	2.4	2.4
0.13	2.4	-102.4	3.2	3.2	3.2
0.132	4	-102.4	3.2	2.4	3.2
0.134	1.6	-102.4	3.2	3.2	2.4
0.136	3.2	-102.4	4	3.2	3.2
0.138	2.4	-102.4	2.4	3.2	3.2
0.14	3.2	-102.4	2.4	3.2	4
0.142	2.4	-102.4	3.2	3.2	2.4
0.144	1.6	-102.4	3.2	3.2	3.2
0.146	3.2	-102.4	3.2	3.2	3.2
0.148	3.2	-102.4	3.2	2.4	3.2
0.15	2.4	-102.4	3.2	2.4	3.2
0.152	2.4	-102.4	2.4	3.2	3.2
0.154	3.2	-102.4	3.2	3.2	3.2
0.156	3.2	-102.4	2.4	3.2	3.2
0.158	3.2	-102.4	3.2	3.2	3.2
0.16	3.2	-102.4	4	2.4	3.2
0.162	3.2	-102.4	3.2	3.2	3.2
0.164	2.4	-102.4	2.4	3.2	3.2
0.166	3.2	-102.4	2.4	3.2	3.2
0.168	4	-102.4	2.4	3.2	3.2
0.17	3.2	-102.4	3.2	3.2	3.2
0.172	3.2	-102.4	3.2	3.2	2.4
0.174	3.2	-102.4	3.2	2.4	3.2
0.176	3.2	-102.4	2.4	2.4	2.4
0.178	3.2	-102.4	2.4	3.2	3.2
0.18	3.2	-102.4	3.2	3.2	3.2
0.182	4	-102.4	4	3.2	3.2
0.184	3.2	-102.4	2.4	3.2	2.4
0.186	3.2	-102.4	4	3.2	3.2
0.188	3.2	-102.4	3.2	3.2	2.4
0.19	3.2	-102.4	2.4	3.2	2.4
0.192	2.4	-102.4	3.2	3.2	3.2
0.194	2.4	-102.4	3.2	3.2	4
0.196	2.4	-102.4	3.2	2.4	3.2
0.198	3.2	-102.4	3.2	3.2	3.2
0.2	2.4	-102.4	3.2	3.2	3.2
0.202	3.2	-102.4	3.2	3.2	3.2
0.204	3.2	-102.4	3.2	3.2	3.2
0.206	3.2	-102.4	2.4	2.4	3.2
0.208	3.2	-102.4	3.2	3.2	2.4
0.21	3.2	-102.4	3.2	4	2.4
0.212	3.2	-102.4	2.4	3.2	4
0.214	2.4	-102.4	2.4	3.2	3.2
0.216	3.2	-102.4	3.2	3.2	3.2
0.218	2.4	-102.4	3.2	3.2	2.4
0.22	2.4	-102.4	2.4	3.2	3.2
0.222	3.2	-102.4	2.4	3.2	3.2
0.224	3.2	-102.4	3.2	3.2	3.2
0.226	3.2	-102.4	4	2.4	2.4
0.228	2.4	-102.4	3.2	3.2	0.8
0.23	3.2	-102.4	3.2	3.2	2.4
0.232	2.4	-102.4	2.4	3.2	2.4
0.234	2.4	-102.4	3.2	3.2	4
0.236	4	-102.4	3.2	3.2	3.2
0.238	3.2	-102.4	3.2	2.4	2.4
0.24	3.2	-102.4	3.2	3.2	2.4
0.242	3.2	-102.4	3.2	3.2	3.2
0.244	4	-102.4	2.4	3.2	3.2
0.246	3.2	-102.4	3.2	4	3.2
0.248	3.2	-102.4	3.2	3.2	2.4
0.25	2.4	-102.4	3.2	3.2	3.2
0.252	3.2	-102.4	3.2	2.4	3.2
0.254	4	-102.4	3.2	2.4	3.2
0.256	3.2	-102.4	3.2	3.2	3.2
0.258	3.2	-102.4	2.4	2.4	2.4
0.26	3.2	-102.4	3.2	3.2	2.4
0.262	4	-102.4	3.2	3.2	3.2
0.264	2.4	-102.4	3.2	3.2	2.4
0.266	3.2	-102.4	3.2	3.2	3.2
0.268	3.2	-102.4	3.2	3.2	3.2
0.27	3.2	-102.4	4	2.4	3.2
0.272	3.2	-102.4	3.2	3.2	3.2
0.274	2.4	-102.4	2.4	3.2	2.4
0.276	3.2	-102.4	3.2	3.2	3.2
0.278	3.2	-102.4	4	3.2	2.4
0.28	-102.4	-102.4	3.2	2.4	3.2
0.282	-102.4	-102.4	2.4	3.2	3.2
0.284	-102.4	-102.4	2.4	3.2	4
0.286	-102.4	-102.4	2.4	4	3.2
0.288	-102.4	-102.4	2.4	3.2	3.2
0.29	-102.4	-102.4	2.4	3.2	2.4
0.292	-102.4	-102.4	3.2	2.4	3.2
0.294	-102.4	-102.4	3.2	3.2	4
0.296	-102.4	-102.4	3.2	3.2	3.2
0.298	-102.4	-102.4	3.2	3.2	4
0.3	-102.4	-102.4	3.2	3.2	2.4
0.302	-102.4	-102.4	3.2	2.4	3.2
0.304	-102.4	-102.4	2.4	3.2	2.4
0.306	-102.4	-102.4	3.2	3.2	3.2
0.308	-102.4	-102.4	3.2	3.2	3.2
0.31	-102.4	-102.4	3.2	3.2	2.4
0.312	-102.4	-102.4	3.2	2.4	2.4
0.314	-102.4	-102.4	2.4	0.8	3.2
0.316	-102.4	-102.4	3.2	-102.4	2.4
0.318	-102.4	-102.4	4	-102.4	4
0.32	-102.4	-102.4	3.2	-102.4	3.2
0.322	-102.4	-102.4	3.2	-102.4	3.2
0.324	-102.4	-102.4	2.4	-102.4	4
0.326	-102.4	-102.4	4	-102.4	3.2
0.328	-102.4	-102.4	3.2	-102.4	3.2
0.33	-102.4	-102.4	2.4	-102.4	2.4
0.332	-102.4	-102.4	2.4	-102.4	3.2
0.334	-102.4	-102.4	3.2	-102.4	3.2
0.336	-102.4	-102.4	-102.4	-102.4	3.2
0.338	-102.4	-102.4	-102.4	-102.4	3.2
0.34	-102.4	-102.4	-102.4	-102.4	3.2
0.342	-102.4	-102.4	-102.4	-102.4	3.2
0.344	-102.4	-102.4	-102.4	-102.4	3.2
0.346	-102.4	-102.4	-102.4	-102.4	3.2
0.348	-102.4	-102.4	-102.4	-102.4	3.2
0.35	-102.4	-102.4	-102.4	-102.4	3.2
0.352	-102.4	-102.4	-102.4	-102.4	2.4
0.354	-102.4	-102.4	-102.4	-102.4	2.4
0.356	-102.4	-102.4	-102.4	-102.4	3.2
0.358	-102.4	-102.4	-102.4	-102.4	3.2
0.36	-102.4	-102.4	-102.4	-102.4	3.2
0.362	-102.4	-102.4	-102.4	-102.4	2.4
0.364	-102.4	-102.4	-102.4	-102.4	2.4
0.366	-102.4	-102.4	-102.4	-102.4	4
0.368	-102.4	-102.4	-102.4	-102.4	3.2
0.37	-102.4	-102.4	-102.4	-102.4	2.4
0.372	-102.4	-102.4	-102.4	-102.4	3.2
0.374	-102.4	-102.4	-102.4	-102.4	3.2
0.376	-102.4	-102.4	-102.4	-102.4	3.2
0.378	-102.4	-102.4	-102.4	-102.4	2.4
0.38	-102.4	-102.4	-102.4	-102.4	3.2
0.382	-102.4	-102.4	-102.4	-102.4	2.4
0.384	-102.4	-102.4	-102.4	-102.4	3.2
0.386	-102.4	-102.4	-102.4	-102.4	3.2
0.388	-102.4	-102.4	-102.4	-102.4	4
0.39	-102.4	-102.4	-102.4	-102.4	3.2
0.392	-102.4	-102.4	-102.4	-102.4	2.4
0.394	-102.4	-102.4	-102.4	-102.4	3.2
0.396	-102.4	-102.4	-102.4	-102.4	3.2
0.398	-102.4	-102.4	-102.4	-102.4	3.2
0.4	-102.4	-102.4	-102.4	-102.4	4
0.402	-102.4	-102.4	-102.4	-102.4	3.2
0.404	-102.4	-102.4	-102.4	-102.4	3.2
0.406	-102.4	-102.4	-102.4	-102.4	3.2
0.408	-102.4	-102.4	-102.4	-102.4	2.4
0.41	-102.4	-102.4	-102.4	-102.4	2.4
0.412	-102.4	-102.4	-102.4	-102.4	3.2
0.414	-102.4	-102.4	-102.4	-102.4	3.2
0.416	-102.4	-102.4	-102.4	-102.4	3.2
0.418	-102.4	-102.4	-102.4	-102.4	3.2
0.42	-102.4	-102.4	-102.4	-102.4	3.2
0.422	-102.4	-102.4	-102.4	-102.4	2.4
0.424	-102.4	-102.4	-102.4	-102.4	3.2
0.426	-102.4	-102.4	-102.4	-102.4	2.4
0.428	-102.4	-102.4	-102.4	-102.4	3.2
0.43	-102.4	-102.4	-102.4	-102.4	3.2
0.432	-102.4	-102.4	-102.4	-102.4	3.2
0.434	-102.4	-102.4	-102.4	-102.4	2.4
0.436	-102.4	-102.4	-102.4	-102.4	-102.4
0.438	-102.4	-102.4	-102.4	-102.4	-102.4
0.44	-102.4	-102.4	-102.4	-102.4	-102.4
0.442	-102.4	-102.4	-102.4	-102.4	-102.4
0.444	-102.4	-102.4	-102.4	-102.4	-102.4
0.446	-102.4	-102.4	-102.4	-102.4	-102.4
0.448	-102.4	-102.4	-102.4	-102.4	-102.4
0.45	-102.4	-102.4	-102.4	-102.4	-102.4
0.452	-102.4	-102.4	-102.4	-102.4	-102.4
0.454	-102.4	-102.4	-102.4	-102.4	-102.4
0.456	-102.4	-102.4	-102.4	-102.4	-102.4
0.458	-102.4	-102.4	-102.4	-102.4	-102.4
0.46	-102.4	-102.4	-102.4	-102.4	-102.4
0.462	-102.4	-102.4	-102.4	-102.4	-102.4
0.464	-102.4	-102.4	-102.4	-102.4	-102.4
0.466	-102.4	-102.4	-102.4	-102.4	-102.4
0.468	-102.4	-102.4	-102.4	-102.4	-102.4
0.47	-102.4	-102.4	-102.4	-102.4	-102.4
0.472	-102.4	-102.4	-102.4	-102.4	-102.4
0.474	-102.4	-102.4	-102.4	-102.4	-102.4
0.476	-102.4	-102.4	-102.4	-102.4	-102.4
0.478	-102.4	-102.4	-102.4	-102.4	-102.4
0.48	-102.4	-102.4	-102.4	-102.4	-102.4
0.482	-102.4	-102.4	-102.4	-102.4	-102.4
0.484	-102.4	-102.4	-102.4	-102.4	-102.4
0.486	-102.4	-102.4	-102.4	-102.4	-102.4
0.488	-102.4	-102.4	-102.4	-102.4	-102.4
0.49	-102.4	-102.4	-102.4	-102.4	-102.4
0.492	-102.4	-102.4	-102.4	-102.4	-102.4
0.494	-102.4	-102.4	-102.4	-102.4	-102.4
0.496	-102.4	-102.4	-102.4	-102.4	-102.4
0.498	-102.4	-102.4	-102.4	-102.4	-102.4
0.5	-102.4	-102.4	-102.4	-102.4	-102.4
0.502	-102.4	-102.4	-102.4	-102.4	-102.4
0.504	-102.4	-102.4	-102.4	-102.4	-102.4
0.506	-102.4	-102.4	-102.4	-102.4	-102.4
0.508	-102.4	-102.4	-102.4	-102.4	-102.4
0.51	-102.4	-102.4	-102.4	-102.4	-102.4
0.512	-102.4	-102.4	-102.4	-102.4	-102.4
0.514	-102.4	-102.4	-102.4	-102.4	-102.4
0.516	-102.4	-102.4	-102.4	-102.4	-102.4
0.518	-102.4	-102.4	-102.4	-102.4	-102.4
0.52	-102.4	-102.4	-102.4	-102.4	-102.4
0.522	-102.4	-102.4	-102.4	-102.4	-102.4
0.524	-102.4	-102.4	-102.4	-102.4	-102.4
0.526	-102.4	-102.4	-102.4	-102.4	-102.4
0.528	-102.4	-102.4	-102.4	-102.4	-102.4
0.53	-102.4	-102.4	-102.4	-102.4	-102.4
0.532	-102.4	-102.4	-102.4	-102.4	-102.4
0.534	-102.4	-102.4	-102.4	-102.4	-102.4
0.536	-102.4	-102.4	-102.4	-102.4	-102.4
0.538	-102.4	-102.4	-102.4	-102.4	-102.4
0.54	-102.4	-102.4	-102.4	-102.4	-102.4
0.542	-102.4	-102.4	-102.4	-102.4	-102.4
0.544	-102.4	-102.4	-102.4	-102.4	-102.4
0.546	-102.4	-102.4	-102.4	-102.4	-102.4
0.548	-102.4	-102.4	-102.4	-102.4	-102.4
0.55	-102.4	-102.4	-102.4	-102.4	-102.4
0.552	-102.4	-102.4	-102.4	-102.4	-102.4
0.554	-102.4	-102.4	-102.4	-102.4	-102.4
0.556	-102.4	-102.4	-102.4	-102.4	-102.4
0.558	-102.4	-102.4	-102.4	-102.4	-102.4
0.56	-102.4	-102.4	-102.4	-102.4	-102.4
0.562	-102.4	-102.4	-102.4	-102.4	-102.4
0.564	-102.4	-102.4	-102.4	-102.4	-102.4
0.566	-102.4	-102.4	-102.4	-102.4	-102.4
0.568	-102.4	-102.4	-102.4	-102.4	-102.4
0.57	-102.4	-102.4	-102.4	-102.4	-102.4
0.572	-102.4	-102.4	-102.4	-102.4	-102.4
0.574	-102.4	-102.4	-102.4	-102.4	-102.4
0.576	-102.4	-102.4	-102.4	-102.4	-102.4
0.578	-102.4	-102.4	-102.4	-102.4	-102.4
0.58	-102.4	-102.4	-102.4	-102.4	-102.4
0.582	-102.4	2.4	-102.4	-102.4	-102.4
0.584	-102.4	2.4	-102.4	-102.4	-102.4
0.586	-102.4	2.4	-102.4	-102.4	-102.4
0.588	-102.4	3.2	-102.4	-102.4	-102.4
0.59	-102.4	3.2	-102.4	-102.4	-102.4
0.592	-102.4	3.2	-102.4	-102.4	-102.4
0.594	-102.4	2.4	-102.4	-102.4	-102.4
0.596	-102.4	3.2	-102.4	-102.4	-102.4
0.598	-102.4	3.2	-102.4	-102.4	-102.4
0.6	-102.4	2.4	-102.4	-102.4	-102.4
0.602	-102.4	3.2	-102.4	-102.4	-102.4
0.604	-102.4	2.4	-102.4	-102.4	-102.4
0.606	-102.4	2.4	-102.4	-102.4	-102.4
0.608	-102.4	2.4	-102.4	-102.4	-102.4
0.61	-102.4	3.2	-102.4	-102.4	-102.4
0.612	-102.4	2.4	-102.4	-102.4	-102.4
0.614	-102.4	2.4	-102.4	-102.4	-102.4
0.616	-102.4	2.4	-102.4	-102.4	-102.4
0.618	-102.4	3.2	-102.4	-102.4	-102.4
0.62	-102.4	3.2	-102.4	-102.4	-102.4
0.622	-102.4	3.2	-102.4	-102.4	-102.4
0.624	-102.4	3.2	-102.4	-102.4	-102.4
0.626	-102.4	3.2	-102.4	-102.4	-102.4
0.628	-102.4	3.2	-102.4	-102.4	-102.4
0.63	-102.4	3.2	-102.4	-102.4	-102.4
0.632	-102.4	4	-102.4	-102.4	-102.4
0.634	-102.4	3.2	-102.4	-102.4	-102.4
0.636	-102.4	3.2	-102.4	-102.4	-102.4
0.638	-102.4	4	-102.4	-102.4	-102.4
0.64	-102.4	3.2	-102.4	-102.4	-102.4
0.642	-102.4	3.2	-102.4	-102.4	-102.4
0.644	-102.4	2.4	-102.4	-102.4	-102.4
0.646	-102.4	2.4	-102.4	-102.4	-102.4
0.648	-102.4	2.4	-102.4	-102.4	-102.4
0.65	-102.4	3.2	-102.4	-102.4	-102.4
0.652	-102.4	3.2	-102.4	-102.4	-102.4
0.654	-102.4	3.2	-102.4	-102.4	-102.4
0.656	-102.4	2.4	-102.4	-102.4	-102.4
0.658	-102.4	3.2	-102.4	-102.4	-102.4
0.66	-102.4	3.2	-102.4	-102.4	-102.4
0.662	-102.4	3.2	-102.4	-102.4	-102.4
0.664	-102.4	2.4	-102.4	-102.4	-102.4
0.666	-102.4	3.2	-102.4	-102.4	-102.4
0.668	-102.4	3.2	-102.4	-102.4	-102.4
0.67	-102.4	3.2	-102.4	-102.4	-102.4
0.672	-102.4	3.2	-102.4	-102.4	-102.4
0.674	-102.4	4	-102.4	-102.4	-102.4
0.676	-102.4	3.2	-102.4	-102.4	-102.4
0.678	-102.4	3.2	-102.4	-102.4	-102.4
0.68	-102.4	3.2	-102.4	-102.4	-102.4
0.682	-102.4	3.2	-102.4	-102.4	-102.4
0.684	-102.4	3.2	-102.4	-102.4	-102.4
0.686	-102.4	3.2	-102.4	-102.4	-102.4
0.688	-102.4	3.2	-102.4	-102.4	-102.4
0.69	-102.4	3.2	-102.4	-102.4	-102.4
0.692	-102.4	2.4	-102.4	-102.4	-102.4
0.694	-102.4	3.2	-102.4	-102.4	-102.4
0.696	-102.4	3.2	-102.4	-102.4	-102.4
0.698	-102.4	3.2	-102.4	-102.4	-102.4
0.7	-102.4	3.2	-102.4	-102.4	-102.4
0.702	-102.4	3.2	-102.4	-102.4	-102.4
0.704	-102.4	3.2	-102.4	-102.4	-102.4
0.706	-102.4	4	-102.4	-102.4	-102.4
0.708	-102.4	3.2	-102.4	-102.4	-102.4
0.71	-102.4	3.2	-102.4	-102.4	-102.4
0.712	-102.4	2.4	-102.4	-102.4	-102.4
0.714	-102.4	3.2	-102.4	-102.4	-102.4
0.716	-102.4	3.2	-102.4	-102.4	-102.4
0.718	-102.4	3.2	-102.4	-102.4	-102.4
0.72	-102.4	3.2	-102.4	-102.4	-102.4
0.722	-102.4	2.4	-102.4	-102.4	-102.4
0.724	-102.4	3.2	-102.4	-102.4	-102.4
0.726	-102.4	4	-102.4	-102.4	-102.4
0.728	-102.4	4	-102.4	-102.4	-102.4
0.73	-102.4	3.2	-102.4	-102.4	-102.4
0.732	-102.4	2.4	-102.4	-102.4	-102.4
0.734	-102.4	3.2	-102.4	-102.4	-102.4
0.736	-102.4	2.4	-102.4	-102.4	-102.4
0.738	-102.4	4	-102.4	-102.4	-102.4
0.74	-102.4	3.2	-102.4	-102.4	-102.4
0.742	-102.4	3.2	-102.4	-102.4	-102.4
0.744	-102.4	3.2	-102.4	-102.4	-102.4
0.746	-102.4	3.2	-102.4	-102.4	-102.4
0.748	-102.4	3.2	-102.4	-102.4	-102.4
0.75	-102.4	3.2	-102.4	-102.4	-102.4
0.752	-102.4	3.2	-102.4	-102.4	-102.4
0.754	-102.4	2.4	-102.4	-102.4	-102.4
0.756	-102.4	3.2	-102.4	-102.4	-102.4
0.758	-102.4	3.2	-102.4	-102.4	-102.4
0.76	-102.4	2.4	-102.4	-102.4	-102.4
0.762	-102.4	2.4	-102.4	-102.4	-102.4
0.764	-102.4	3.2	-102.4	-102.4	-102.4
0.766	-102.4	2.4	-102.4	-102.4	-102.4
0.768	-102.4	3.2	-102.4	-102.4	-102.4
0.77	-102.4	3.2	-102.4	-102.4	-102.4
0.772	-102.4	4	-102.4	-102.4	-102.4
0.774	-102.4	3.2	-102.4	-102.4	-102.4
0.776	-102.4	3.2	-102.4	-102.4	-102.4
0.778	3.2	3.2	-102.4	-102.4	-102.4
0.78	2.4	3.2	-102.4	-102.4	-102.4
0.782	3.2	3.2	-102.4	-102.4	-102.4
0.784	4	3.2	-102.4	-102.4	-102.4
0.786	3.2	2.4	-102.4	-102.4	-102.4
0.788	3.2	3.2	-102.4	-102.4	-102.4
0.79	4	3.2	-102.4	-102.4	-102.4
0.792	3.2	2.4	-102.4	-102.4	-102.4
0.794	3.2	2.4	-102.4	-102.4	-102.4
0.796	4	2.4	-102.4	-102.4	-102.4
0.798	3.2	2.4	-102.4	-102.4	-102.4
0.8	4	3.2	-102.4	-102.4	-102.4
0.802	4	3.2	-102.4	-102.4	-102.4
0.804	4	2.4	-102.4	-102.4	-102.4
0.806	3.2	2.4	-102.4	-102.4	-102.4
0.808	3.2	3.2	-102.4	-102.4	-102.4
0.81	3.2	1.6	-102.4	-102.4	-102.4
0.812	3.2	2.4	-102.4	-102.4	-102.4
0.814	4	3.2	-102.4	3.2	-102.4
0.816	4	3.2	-102.4	3.2	-102.4
0.818	4	3.2	-102.4	3.2	-102.4
0.82	4	3.2	-102.4	3.2	-102.4
0.822	4	4	-102.4	2.4	-102.4
0.824	3.2	2.4	-102.4	4	-102.4
0.826	4	3.2	-102.4	3.2	-102.4
0.828	3.2	3.2	-102.4	3.2	-102.4
0.83	4	3.2	-102.4	3.2	-102.4
0.832	4	3.2	-102.4	2.4	-102.4
0.834	3.2	2.4	3.2	3.2	-102.4
0.836	3.2	3.2	3.2	3.2	-102.4
0.838	3.2	3.2	4	3.2	-102.4
0.84	4	4	2.4	2.4	-102.4
0.842	4	3.2	3.2	2.4	-102.4
0.844	3.2	2.4	3.2	3.2	-102.4
0.846	3.2	4	3.2	3.2	-102.4
0.848	3.2	3.2	4	3.2	-102.4
0.85	4	3.2	3.2	3.2	-102.4
0.852	3.2	3.2	2.4	3.2	-102.4
0.854	4	2.4	3.2	3.2	-102.4
0.856	3.2	3.2	3.2	3.2	-102.4
0.858	3.2	3.2	3.2	3.2	-102.4
0.86	3.2	4	2.4	2.4	-102.4
0.862	3.2	3.2	3.2	3.2	-102.4
0.864	4	2.4	4	3.2	-102.4
0.866	4	4	3.2	2.4	-102.4
0.868	3.2	3.2	3.2	3.2	-102.4
0.87	4	3.2	3.2	3.2	-102.4
0.872	4	3.2	3.2	3.2	-102.4
0.874	4	3.2	3.2	3.2	-102.4
0.876	4	2.4	2.4	3.2	-102.4
0.878	3.2	2.4	3.2	2.4	-102.4
0.88	3.2	3.2	3.2	3.2	-102.4
0.882	3.2	4	2.4	4	-102.4
0.884	4	3.2	3.2	3.2	-102.4
0.886	3.2	2.4	3.2	3.2	-102.4
0.888	4	3.2	3.2	2.4	-102.4
0.89	4	2.4	3.2	2.4	-102.4
0.892	3.2	3.2	3.2	2.4	-102.4
0.894	3.2	2.4	3.2	3.2	-102.4
0.896	4	3.2	3.2	3.2	-102.4
0.898	4	1.6	2.4	2.4	-102.4
0.9	4	3.2	3.2	3.2	-102.4
0.902	3.2	2.4	2.4	3.2	-102.4
0.904	4	2.4	3.2	3.2	-102.4
0.906	3.2	3.2	3.2	2.4	-102.4
0.908	4	4	3.2	3.2	-102.4
0.91	3.2	2.4	2.4	3.2	-102.4
0.912	3.2	3.2	3.2	3.2	-102.4
0.914	3.2	3.2	2.4	2.4	-102.4
0.916	4	2.4	2.4	3.2	-102.4
0.918	4	2.4	2.4	2.4	-102.4
0.92	4	2.4	2.4	3.2	-102.4
0.922	3.2	4	3.2	3.2	-102.4
0.924	4	3.2	2.4	3.2	-102.4
0.926	3.2	3.2	3.2	3.2	-102.4
0.928	3.2	2.4	3.2	3.2	-102.4
0.93	4	2.4	4	3.2	-102.4
0.932	4	3.2	2.4	2.4	-102.4
0.934	3.2	3.2	3.2	4	4
0.936	3.2	3.2	2.4	3.2	3.2
0.938	3.2	3.2	3.2	3.2	4
0.94	3.2	3.2	3.2	3.2	2.4
0.942	4	3.2	3.2	2.4	3.2
0.944	3.2	3.2	3.2	2.4	3.2
0.946	3.2	3.2	2.4	3.2	2.4
0.948	3.2	3.2	3.2	2.4	3.2
0.95	4	1.6	3.2	3.2	1.6
0.952	4	3.2	4	3.2	3.2
0.954	3.2	2.4	3.2	3.2	3.2
0.956	4	3.2	3.2	4	3.2
0.958	3.2	1.6	4	4	3.2
0.96	2.4	3.2	2.4	2.4	3.2
0.962	3.2	3.2	3.2	3.2	3.2
0.964	4	2.4	2.4	2.4	3.2
0.966	4	2.4	2.4	3.2	3.2
0.968	3.2	3.2	3.2	3.2	3.2
0.97	3.2	4	3.2	3.2	4
0.972	3.2	2.4	3.2	3.2	3.2
0.974	4	2.4	3.2	2.4	3.2
0.976	3.2	3.2	2.4	2.4	3.2
0.978	3.2	3.2	3.2	2.4	2.4
0.98	4	3.2	2.4	1.6	3.2
0.982	2.4	3.2	3.2	2.4	3.2
0.984	4	3.2	3.2	2.4	2.4
0.986	4	2.4	2.4	2.4	2.4
0.988	4	3.2	2.4	3.2	4
0.99	3.2	4	2.4	2.4	3.2
0.992	3.2	3.2	3.2	3.2	3.2
0.994	4	2.4	3.2	3.2	3.2
0.996	3.2	1.6	3.2	3.2	3.2
0.998	4	4	3.2	3.2	2.4
1	3.2	3.2	2.4	3.2	3.2
1.002	4	3.2	3.2	3.2	3.2
1.004	3.2	3.2	3.2	3.2	4
1.006	4	2.4	3.2	3.2	3.2
1.008	4	3.2	3.2	3.2	3.2
1.01	4	3.2	3.2	3.2	3.2
1.012	4	3.2	3.2	3.2	3.2
1.014	3.2	2.4	2.4	2.4	3.2
1.016	4	3.2	3.2	3.2	1.6
1.018	3.2	3.2	3.2	3.2	3.2
1.02	4	3.2	3.2	3.2	4
1.022	3.2	4	2.4	4	4
1.024	3.2	3.2	3.2	3.2	3.2
1.026	4	3.2	3.2	3.2	3.2
1.028	4	3.2	3.2	2.4	4
1.03	4	3.2	2.4	3.2	2.4
1.032	3.2	3.2	3.2	2.4	3.2
1.034	4	2.4	3.2	3.2	4
1.036	3.2	3.2	3.2	3.2	3.2
1.038	3.2	2.4	3.2	2.4	3.2
1.04	4	3.2	2.4	3.2	2.4
1.042	4	3.2	3.2	3.2	3.2
1.044	3.2	3.2	3.2	3.2	3.2
1.046	3.2	3.2	3.2	3.2	3.2
1.048	3.2	4	3.2	3.2	3.2
1.05	3.2	3.2	3.2	2.4	2.4
1.052	3.2	3.2	2.4	2.4	4
1.054	4	3.2	3.2	3.2	3.2
1.056	3.2	3.2	2.4	3.2	3.2
1.058	4	2.4	3.2	2.4	3.2
1.06	3.2	3.2	2.4	2.4	2.4
1.062	3.2	3.2	3.2	3.2	3.2
1.064	4	3.2	3.2	4	2.4
1.066	4	3.2	2.4	3.2	3.2
1.068	2.4	2.4	3.2	3.2	4
1.07	3.2	3.2	3.2	2.4	0.8
1.072	3.2	3.2	3.2	3.2	4
1.074	4	2.4	2.4	2.4	3.2
1.076	3.2	3.2	3.2	3.2	3.2
1.078	2.4	3.2	2.4	3.2	3.2
1.08	3.2	2.4	3.2	3.2	3.2
1.082	3.2	1.6	3.2	2.4	3.2
1.084	3.2	3.2	2.4	3.2	3.2
1.086	4	2.4	3.2	3.2	3.2
1.088	3.2	3.2	4	2.4	4
1.09	4	2.4	3.2	3.2	3.2
1.092	3.2	2.4	3.2	2.4	3.2
1.094	3.2	3.2	2.4	3.2	3.2
1.096	3.2	3.2	3.2	3.2	4
1.098	4	4	3.2	3.2	3.2
1.1	3.2	4	3.2	4	3.2
1.102	3.2	3.2	2.4	2.4	2.4
1.104	4	2.4	3.2	3.2	3.2
1.106	3.2	2.4	3.2	3.2	3.2
1.108	4	3.2	2.4	3.2	3.2
1.11	3.2	2.4	2.4	3.2	2.4
1.112	3.2	3.2	2.4	3.2	3.2
1.114	3.2	3.2	3.2	3.2	3.2
1.116	3.2	2.4	2.4	2.4	3.2
1.118	4	3.2	3.2	3.2	3.2
1.12	3.2	4	3.2	2.4	3.2
1.122	3.2	3.2	3.2	3.2	2.4
1.124	2.4	2.4	2.4	2.4	3.2
1.126	3.2	2.4	3.2	2.4	3.2
1.128	3.2	3.2	2.4	3.2	2.4
1.13	4	2.4	3.2	3.2	2.4
1.132	2.4	3.2	3.2	1.6	2.4
1.134	3.2	2.4	3.2	3.2	3.2
1.136	3.2	2.4	3.2	3.2	2.4
1.138	3.2	2.4	4	3.2	3.2
1.14	3.2	3.2	3.2	2.4	3.2
1.142	2.4	3.2	3.2	3.2	3.2
1.144	3.2	2.4	2.4	3.2	3.2
1.146	3.2	3.2	2.4	2.4	3.2
1.148	3.2	2.4	4	3.2	3.2
1.15	4	3.2	3.2	3.2	3.2
1.152	3.2	2.4	3.2	3.2	4
1.154	2.4	3.2	2.4	2.4	3.2
1.156	3.2	3.2	3.2	3.2	2.4
1.158	3.2	2.4	3.2	3.2	3.2
1.16	2.4	3.2	2.4	4	4
1.162	4	3.2	3.2	3.2	3.2
1.164	3.2	3.2	3.2	3.2	3.2
1.166	3.2	3.2	2.4	3.2	3.2
1.168	3.2	2.4	3.2	3.2	2.4
1.17	3.2	2.4	3.2	3.2	2.4
1.172	3.2	3.2	3.2	3.2	2.4
1.174	3.2	3.2	3.2	3.2	2.4
1.176	3.2	3.2	3.2	3.2	2.4
1.178	4	3.2	3.2	3.2	3.2
1.18	3.2	2.4	3.2	3.2	3.2
1.182	4	3.2	3.2	4	3.2
1.184	3.2	3.2	3.2	3.2	2.4
1.186	4	2.4	2.4	2.4	4
1.188	2.4	3.2	2.4	3.2	2.4
1.19	3.2	4	3.2	3.2	3.2
1.192	3.2	3.2	3.2	2.4	3.2
1.194	4	3.2	4	3.2	3.2
1.196	4	4	3.2	3.2	3.2
1.198	3.2	2.4	2.4	3.2	2.4
1.2	3.2	2.4	3.2	3.2	3.2
1.202	3.2	2.4	3.2	3.2	3.2
1.204	3.2	3.2	3.2	3.2	3.2
1.206	4	4	3.2	2.4	3.2
1.208	3.2	3.2	3.2	2.4	3.2
1.21	3.2	2.4	3.2	3.2	3.2
1.212	2.4	3.2	4	3.2	3.2
1.214	3.2	3.2	3.2	3.2	2.4
1.216	3.2	2.4	3.2	3.2	3.2
1.218	3.2	4	3.2	3.2	3.2
1.22	4	2.4	2.4	3.2	3.2
1.222	2.4	3.2	3.2	3.2	3.2
1.224	3.2	2.4	2.4	3.2	3.2
1.226	3.2	3.2	3.2	2.4	2.4
1.228	3.2	2.4	3.2	3.2	3.2
1.23	3.2	3.2	3.2	2.4	1.6
1.232	3.2	3.2	3.2	3.2	2.4
1.234	3.2	3.2	3.2	1.6	3.2
1.236	4	4	2.4	2.4	3.2
1.238	3.2	3.2	3.2	3.2	2.4
1.24	3.2	3.2	2.4	2.4	3.2
1.242	3.2	3.2	2.4	4	2.4
1.244	3.2	3.2	3.2	3.2	3.2
1.246	3.2	2.4	3.2	2.4	3.2
1.248	3.2	3.2	3.2	3.2	3.2
1.25	4	3.2	3.2	2.4	2.4
1.252	4	3.2	3.2	3.2	2.4
1.254	3.2	3.2	4	2.4	2.4
1.256	3.2	3.2	3.2	4	3.2
1.258	3.2	3.2	3.2	3.2	3.2
1.26	3.2	4	4	2.4	3.2
1.262	3.2	3.2	2.4	2.4	2.4
1.264	3.2	3.2	3.2	3.2	2.4
1.266	2.4	3.2	3.2	3.2	3.2
1.268	3.2	2.4	3.2	3.2	3.2
1.27	4	3.2	3.2	3.2	2.4
1.272	3.2	2.4	3.2	3.2	3.2
1.274	3.2	3.2	2.4	2.4	3.2
1.276	2.4	3.2	3.2	2.4	4
1.278	2.4	2.4	3.2	3.2	3.2
1.28	3.2	2.4	3.2	3.2	3.2
1.282	3.2	2.4	2.4	2.4	2.4
1.284	3.2	3.2	3.2	2.4	3.2
1.286	3.2	2.4	2.4	3.2	2.4
1.288	3.2	3.2	3.2	3.2	3.2
1.29	3.2	3.2	4	3.2	2.4
1.292	3.2	3.2	3.2	3.2	3.2
1.294	3.2	3.2	3.2	3.2	3.2
1.296	3.2	3.2	2.4	3.2	3.2
1.298	3.2	2.4	4	3.2	3.2
1.3	3.2	4	2.4	3.2	3.2
1.302	4	3.2	2.4	2.4	3.2
1.304	3.2	3.2	2.4	2.4	3.2
1.306	3.2	3.2	2.4	4	3.2
1.308	2.4	3.2	3.2	4	2.4
1.31	3.2	2.4	3.2	3.2	4
1.312	3.2	2.4	3.2	3.2	2.4
1.314	3.2	4	2.4	3.2	2.4
1.316	3.2	2.4	2.4	3.2	2.4
1.318	3.2	4	2.4	2.4	4
1.32	3.2	3.2	2.4	3.2	4
1.322	2.4	2.4	3.2	3.2	3.2
1.324	3.2	3.2	3.2	2.4	3.2
1.326	4	2.4	3.2	3.2	3.2
1.328	3.2	2.4	3.2	2.4	4
1.33	3.2	3.2	2.4	3.2	3.2
1.332	3.2	3.2	3.2	3.2	3.2
1.334	3.2	2.4	3.2	4	3.2
1.336	3.2	3.2	3.2	3.2	2.4
1.338	3.2	3.2	3.2	2.4	2.4
1.34	3.2	3.2	3.2	4	2.4
1.342	3.2	2.4	3.2	3.2	3.2
1.344	3.2	2.4	2.4	3.2	3.2
1.346	2.4	2.4	3.2	3.2	3.2
1.348	3.2	3.2	2.4	2.4	4
1.35	3.2	2.4	3.2	3.2	3.2
1.352	2.4	3.2	2.4	3.2	2.4
1.354	2.4	3.2	4	3.2	3.2
1.356	3.2	2.4	3.2	3.2	4
1.358	4	2.4	3.2	2.4	3.2
1.36	3.2	3.2	2.4	2.4	3.2
1.362	3.2	3.2	2.4	3.2	3.2
1.364	2.4	3.2	3.2	2.4	2.4
1.366	3.2	2.4	2.4	4	2.4
1.368	4	2.4	3.2	3.2	3.2
1.37	3.2	3.2	3.2	4	3.2
1.372	3.2	3.2	2.4	2.4	2.4
1.374	2.4	3.2	3.2	2.4	2.4
1.376	3.2	3.2	2.4	2.4	3.2
1.378	3.2	3.2	3.2	3.2	2.4
1.38	3.2	2.4	3.2	4	3.2
1.382	3.2	3.2	3.2	3.2	4
1.384	3.2	3.2	3.2	3.2	3.2
1.386	2.4	3.2	3.2	3.2	3.2
1.388	3.2	3.2	3.2	3.2	2.4
1.39	3.2	3.2	3.2	3.2	3.2
1.392	3.2	3.2	2.4	3.2	2.4
1.394	3.2	3.2	3.2	3.2	3.2
1.396	2.4	3.2	4	3.2	4
1.398	3.2	2.4	3.2	2.4	3.2
1.4	3.2	2.4	3.2	2.4	3.2
1.402	3.2	2.4	3.2	2.4	3.2
1.404	2.4	2.4	3.2	3.2	4
1.406	3.2	2.4	3.2	2.4	2.4
1.408	3.2	3.2	3.2	3.2	3.2
1.41	4	3.2	3.2	2.4	3.2
1.412	3.2	2.4	3.2	3.2	3.2
1.414	3.2	2.4	2.4	3.2	1.6
1.416	2.4	3.2	2.4	3.2	3.2
1.418	2.4	3.2	3.2	2.4	3.2
1.42	3.2	3.2	3.2	3.2	3.2
1.422	4	3.2	2.4	3.2	2.4
1.424	3.2	3.2	2.4	3.2	3.2
1.426	3.2	2.4	3.2	3.2	2.4
1.428	3.2	2.4	3.2	3.2	3.2
1.43	2.4	3.2	3.2	3.2	3.2
1.432	2.4	2.4	3.2	3.2	3.2
1.434	2.4	2.4	3.2	3.2	3.2
1.436	3.2	3.2	2.4	3.2	3.2
1.438	3.2	3.2	3.2	2.4	3.2
1.44	3.2	3.2	3.2	2.4	2.4
1.442	3.2	3.2	4	2.4	3.2
1.444	4	3.2	3.2	2.4	3.2
1.446	2.4	2.4	3.2	3.2	2.4
1.448	3.2	4	2.4	2.4	3.2
1.45	3.2	2.4	3.2	3.2	3.2
1.452	2.4	3.2	3.2	3.2	2.4
1.454	2.4	3.2	2.4	3.2	3.2
1.456	2.4	3.2	3.2	2.4	2.4
1.458	3.2	3.2	4	3.2	3.2
1.46	3.2	3.2	3.2	3.2	3.2
1.462	3.2	3.2	3.2	2.4	3.2
1.464	3.2	2.4	2.4	3.2	3.2
1.466	3.2	3.2	3.2	3.2	3.2
1.468	3.2	2.4	3.2	1.6	3.2
1.47	2.4	2.4	3.2	3.2	4
1.472	2.4	2.4	3.2	3.2	3.2
1.474	3.2	2.4	2.4	3.2	3.2
1.476	2.4	2.4	3.2	2.4	3.2
1.478	4	3.2	2.4	3.2	3.2
1.48	3.2	3.2	4	2.4	2.4
1.482	3.2	3.2	3.2	3.2	3.2
1.484	2.4	2.4	3.2	1.6	3.2
1.486	3.2	3.2	2.4	2.4	3.2
1.488	4	3.2	3.2	4	2.4
1.49	3.2	2.4	2.4	2.4	3.2
1.492	3.2	3.2	3.2	3.2	3.2
1.494	2.4	3.2	3.2	2.4	3.2
1.496	3.2	3.2	3.2	3.2	3.2
1.498	3.2	3.2	2.4	3.2	4
1.5	3.2	3.2	3.2	4	3.2
1.502	2.4	1.6	2.4	3.2	3.2
1.504	2.4	3.2	3.2	2.4	3.2
1.506	3.2	3.2	3.2	2.4	2.4
1.508	3.2	3.2	3.2	2.4	3.2
1.51	4	2.4	3.2	2.4	2.4
1.512	3.2	3.2	2.4	3.2	2.4
1.514	2.4	3.2	4	3.2	3.2
1.516	3.2	3.2	3.2	3.2	3.2
1.518	3.2	4	3.2	2.4	3.2
1.52	3.2	2.4	3.2	2.4	3.2
1.522	2.4	3.2	2.4	3.2	3.2
1.524	3.2	2.4	3.2	3.2	2.4
1.526	2.4	3.2	2.4	3.2	3.2
1.528	4	3.2	3.2	3.2	3.2
1.53	2.4	3.2	3.2	3.2	3.2
1.532	4	3.2	3.2	3.2	3.2
1.534	3.2	2.4	2.4	3.2	3.2
1.536	3.2	2.4	3.2	4	3.2
1.538	4	4.8	3.2	2.4	3.2
1.54	2.4	3.2	3.2	3.2	3.2
1.542	3.2	2.4	3.2	2.4	3.2
1.544	2.4	3.2	2.4	4	3.2
1.546	2.4	3.2	2.4	4	2.4
1.548	3.2	4	2.4	3.2	2.4
1.55	3.2	3.2	2.4	3.2	4
1.552	3.2	4	3.2	2.4	3.2
1.554	3.2	3.2	3.2	3.2	3.2
1.556	3.2	3.2	3.2	2.4	2.4
1.558	3.2	3.2	3.2	3.2	3.2
1.56	3.2	3.2	3.2	3.2	3.2
1.562	3.2	2.4	2.4	2.4	2.4
1.564	3.2	2.4	3.2	2.4	2.4
1.566	3.2	2.4	3.2	2.4	3.2
1.568	3.2	2.4	3.2	3.2	3.2
1.57	3.2	3.2	3.2	3.2	3.2
1.572	3.2	2.4	3.2	3.2	3.2
1.574	3.2	3.2	2.4	2.4	3.2
1.576	3.2	3.2	3.2	2.4	3.2
1.578	2.4	2.4	2.4	3.2	2.4
1.58	2.4	2.4	2.4	3.2	4
1.582	3.2	3.2	3.2	3.2	2.4
1.584	3.2	3.2	2.4	3.2	3.2
1.586	3.2	4	2.4	3.2	4
1.588	3.2	2.4	3.2	3.2	2.4
1.59	2.4	3.2	3.2	3.2	3.2
1.592	3.2	3.2	3.2	3.2	3.2
1.594	3.2	2.4	3.2	2.4	3.2
1.596	3.2	2.4	3.2	3.2	3.2
1.598	3.2	3.2	2.4	2.4	4
1.6	2.4	3.2	3.2	2.4	4
1.602	2.4	3.2	2.4	3.2	3.2
1.604	3.2	3.2	3.2	2.4	2.4
1.606	2.4	3.2	3.2	3.2	4
1.608	3.2	2.4	4	2.4	3.2
1.61	3.2	3.2	2.4	2.4	2.4
1.612	2.4	3.2	3.2	3.2	3.2
1.614	4	3.2	3.2	3.2	3.2
1.616	2.4	3.2	3.2	3.2	3.2
1.618	3.2	2.4	3.2	2.4	2.4
1.62	3.2	2.4	3.2	3.2	3.2
1.622	3.2	3.2	3.2	3.2	3.2
1.624	2.4	3.2	3.2	3.2	3.2
1.626	3.2	2.4	3.2	3.2	3.2
1.628	4	2.4	3.2	3.2	3.2
1.63	2.4	3.2	3.2	3.2	3.2
1.632	3.2	2.4	2.4	3.2	2.4
1.634	2.4	3.2	3.2	2.4	3.2
1.636	2.4	3.2	3.2	3.2	2.4
1.638	3.2	3.2	3.2	4	3.2
1.64	2.4	3.2	4	2.4	3.2
1.642	2.4	3.2	2.4	3.2	3.2
1.644	2.4	3.2	2.4	3.2	3.2
1.646	3.2	2.4	3.2	2.4	3.2
1.648	3.2	3.2	4	2.4	3.2
1.65	3.2	3.2	3.2	3.2	2.4
1.652	3.2	3.2	3.2	3.2	3.2
1.654	3.2	3.2	3.2	3.2	3.2
1.656	3.2	3.2	3.2	4	3.2
1.658	3.2	4	2.4	3.2	3.2
1.66	3.2	2.4	2.4	2.4	3.2
1.662	4	2.4	2.4	1.6	3.2
1.664	4	3.2	2.4	3.2	3.2
1.666	3.2	3.2	3.2	3.2	2.4
1.668	0.8	3.2	3.2	2.4	2.4
1.67	3.2	3.2	4	2.4	2.4
1.672	2.4	2.4	3.2	3.2	3.2
1.674	3.2	3.2	3.2	3.2	2.4
1.676	2.4	3.2	2.4	2.4	2.4
1.678	3.2	2.4	2.4	3.2	4
1.68	4	2.4	3.2	3.2	4
1.682	3.2	3.2	3.2	3.2	3.2
1.684	2.4	3.2	3.2	2.4	3.2
1.686	2.4	2.4	3.2	2.4	4
1.688	2.4	3.2	4	3.2	4
1.69	3.2	3.2	3.2	3.2	2.4
1.692	3.2	3.2	2.4	4	3.2
1.694	3.2	3.2	3.2	2.4	3.2
1.696	3.2	3.2	2.4	3.2	2.4
1.698	3.2	3.2	4	2.4	3.2
1.7	3.2	4	3.2	3.2	3.2
1.702	2.4	2.4	3.2	3.2	3.2
1.704	2.4	3.2	3.2	3.2	2.4
1.706	2.4	2.4	3.2	3.2	2.4
1.708	3.2	3.2	3.2	2.4	4
1.71	3.2	3.2	3.2	3.2	3.2
1.712	4	2.4	2.4	3.2	2.4
1.714	2.4	3.2	3.2	2.4	3.2
1.716	3.2	3.2	3.2	4	3.2
1.718	3.2	3.2	3.2	3.2	3.2
1.72	3.2	3.2	3.2	1.6	2.4
1.722	3.2	2.4	3.2	3.2	2.4
1.724	3.2	2.4	3.2	3.2	3.2
1.726	3.2	3.2	3.2	3.2	3.2
1.728	2.4	3.2	2.4	3.2	3.2
1.73	3.2	3.2	3.2	3.2	3.2
1.732	3.2	3.2	3.2	3.2	3.2
1.734	3.2	2.4	3.2	3.2	3.2
1.736	3.2	3.2	3.2	3.2	2.4
1.738	2.4	3.2	2.4	3.2	3.2
1.74	2.4	3.2	2.4	2.4	3.2
1.742	3.2	3.2	3.2	3.2	3.2
1.744	3.2	3.2	3.2	2.4	4
1.746	2.4	3.2	2.4	3.2	2.4
1.748	3.2	3.2	2.4	3.2	3.2
1.75	3.2	3.2	2.4	2.4	3.2
1.752	3.2	3.2	3.2	2.4	2.4
1.754	2.4	3.2	3.2	3.2	2.4
1.756	3.2	3.2	3.2	3.2	3.2
1.758	3.2	2.4	3.2	3.2	3.2
1.76	3.2	3.2	3.2	3.2	2.4
1.762	2.4	2.4	3.2	3.2	1.6
1.764	3.2	3.2	2.4	2.4	2.4
1.766	2.4	3.2	2.4	3.2	3.2
1.768	2.4	2.4	2.4	3.2	3.2
1.77	3.2	3.2	3.2	3.2	3.2
1.772	3.2	3.2	3.2	3.2	3.2
1.774	2.4	3.2	3.2	2.4	3.2
1.776	2.4	4	3.2	3.2	3.2
1.778	3.2	2.4	2.4	2.4	2.4
1.78	3.2	2.4	3.2	3.2	2.4
1.782	3.2	1.6	3.2	3.2	2.4
1.784	3.2	2.4	3.2	2.4	2.4
1.786	3.2	2.4	3.2	4	3.2
1.788	3.2	3.2	2.4	2.4	2.4
1.79	3.2	3.2	2.4	4	3.2
1.792	3.2	2.4	3.2	3.2	3.2
1.794	2.4	3.2	3.2	3.2	2.4
1.796	3.2	3.2	1.6	3.2	2.4
1.798	3.2	2.4	2.4	2.4	3.2
1.8	2.4	3.2	3.2	3.2	3.2
1.802	3.2	2.4	3.2	2.4	3.2
1.804	2.4	3.2	2.4	3.2	2.4
1.806	3.2	3.2	4	2.4	3.2
1.808	3.2	3.2	2.4	3.2	3.2
1.81	4	3.2	2.4	3.2	3.2
1.812	4	2.4	3.2	3.2	3.2
1.814	3.2	3.2	3.2	3.2	2.4
1.816	3.2	3.2	3.2	3.2	3.2
1.818	3.2	3.2	3.2	3.2	3.2
1.82	3.2	3.2	4	3.2	3.2
1.822	3.2	4	2.4	3.2	2.4
1.824	2.4	3.2	3.2	3.2	3.2
1.826	2.4	3.2	2.4	3.2	3.2
1.828	3.2	3.2	3.2	3.2	4
1.83	3.2	3.2	3.2	2.4	3.2
1.832	3.2	2.4	4	2.4	3.2
1.834	3.2	2.4	3.2	3.2	2.4
1.836	2.4	3.2	2.4	3.2	3.2
1.838	3.2	4	3.2	3.2	3.2
1.84	3.2	3.2	2.4	2.4	3.2
1.842	3.2	2.4	2.4	3.2	3.2
1.844	3.2	2.4	2.4	3.2	3.2
1.846	2.4	3.2	3.2	3.2	3.2
1.848	3.2	3.2	3.2	4	2.4
1.85	3.2	3.2	3.2	3.2	3.2
1.852	3.2	3.2	3.2	4	3.2
1.854	2.4	4	3.2	2.4	3.2
1.856	3.2	3.2	2.4	3.2	2.4
1.858	3.2	3.2	3.2	3.2	3.2
1.86	2.4	3.2	3.2	2.4	3.2
1.862	2.4	3.2	2.4	3.2	3.2
1.864	3.2	2.4	2.4	2.4	3.2
1.866	3.2	3.2	2.4	2.4	2.4
1.868	3.2	2.4	2.4	2.4	2.4
1.87	3.2	2.4	3.2	3.2	3.2
1.872	3.2	2.4	4	3.2	3.2
1.874	4	2.4	2.4	2.4	3.2
1.876	3.2	3.2	3.2	3.2	3.2
1.878	3.2	3.2	2.4	3.2	3.2
1.88	3.2	3.2	4	3.2	3.2
1.882	3.2	3.2	3.2	3.2	3.2
1.884	3.2	4	2.4	4	3.2
1.886	2.4	2.4	2.4	3.2	3.2
1.888	3.2	3.2	3.2	2.4	2.4
1.89	3.2	2.4	4	3.2	2.4
1.892	3.2	3.2	2.4	3.2	2.4
1.894	2.4	2.4	2.4	3.2	4
1.896	3.2	2.4	3.2	2.4	3.2
1.898	2.4	2.4	2.4	2.4	3.2
1.9	2.4	3.2	3.2	3.2	2.4
1.902	3.2	3.2	2.4	3.2	3.2
1.904	3.2	2.4	2.4	2.4	3.2
1.906	2.4	3.2	3.2	3.2	3.2
1.908	3.2	3.2	3.2	3.2	3.2
1.91	2.4	3.2	2.4	4	3.2
1.912	2.4	3.2	2.4	3.2	2.4
1.914	2.4	3.2	3.2	2.4	4
1.916	4	4	3.2	2.4	3.2
1.918	2.4	2.4	3.2	3.2	3.2
1.92	3.2	3.2	3.2	2.4	1.6
1.922	2.4	3.2	3.2	3.2	2.4
1.924	3.2	2.4	2.4	3.2	2.4
1.926	2.4	3.2	2.4	3.2	2.4
1.928	3.2	3.2	3.2	3.2	2.4
1.93	3.2	2.4	3.2	3.2	3.2
1.932	3.2	3.2	3.2	4	2.4
1.934	1.6	3.2	3.2	4	3.2
1.936	2.4	3.2	3.2	4	2.4
1.938	3.2	3.2	2.4	3.2	3.2
1.94	3.2	3.2	4	2.4	3.2
1.942	2.4	3.2	3.2	3.2	3.2
1.944	3.2	3.2	2.4	3.2	3.2
1.946	2.4	2.4	2.4	3.2	3.2
1.948	2.4	3.2	3.2	2.4	3.2
1.95	3.2	4	4	2.4	2.4
1.952	4	3.2	3.2	2.4	3.2
1.954	3.2	3.2	3.2	3.2	2.4
1.956	3.2	3.2	3.2	2.4	3.2
1.958	2.4	2.4	3.2	3.2	3.2
1.96	3.2	3.2	3.2	3.2	2.4
1.962	3.2	3.2	3.2	3.2	3.2
1.964	4	2.4	2.4	3.2	2.4
1.966	3.2	3.2	3.2	3.2	2.4
1.968	2.4	2.4	2.4	3.2	2.4
1.97	3.2	3.2	2.4	3.2	3.2
1.972	3.2	2.4	3.2	3.2	3.2
1.974	3.2	3.2	3.2	3.2	2.4
1.976	2.4	2.4	2.4	3.2	2.4
1.978	2.4	3.2	3.2	3.2	2.4
1.98	3.2	2.4	3.2	2.4	3.2
1.982	2.4	3.2	4	3.2	3.2
1.984	3.2	2.4	3.2	3.2	2.4
1.986	2.4	3.2	2.4	2.4	2.4
1.988	3.2	3.2	3.2	3.2	2.4
1.99	3.2	3.2	3.2	3.2	3.2
1.992	2.4	3.2	3.2	3.2	3.2
1.994	4	3.2	3.2	1.6	3.2
1.996	4	3.2	2.4	3.2	3.2
1.998	2.4	3.2	2.4	3.2	2.4
2	2.4	3.2	3.2	4	2.4
2.002	3.2	3.2	3.2	3.2	2.4
2.004	3.2	4	3.2	2.4	3.2
2.006	3.2	3.2	2.4	2.4	3.2
2.008	3.2	2.4	3.2	2.4	2.4
2.01	2.4	2.4	2.4	3.2	3.2
2.012	3.2	3.2	2.4	3.2	3.2
2.014	3.2	3.2	2.4	2.4	3.2
2.016	3.2	2.4	3.2	2.4	2.4
2.018	3.2	3.2	2.4	2.4	2.4
2.02	2.4	2.4	3.2	3.2	2.4
2.022	3.2	2.4	3.2	3.2	3.2
2.024	2.4	4	3.2	3.2	4
2.026	4	3.2	3.2	3.2	2.4
2.028	3.2	3.2	3.2	2.4	3.2
2.03	3.2	2.4	3.2	3.2	3.2
2.032	3.2	2.4	3.2	3.2	4
2.034	2.4	2.4	4	3.2	3.2
2.036	3.2	3.2	3.2	3.2	3.2
2.038	4	3.2	3.2	2.4	2.4
2.04	3.2	3.2	2.4	4	3.2
2.042	3.2	3.2	3.2	3.2	4
2.044	4	2.4	3.2	3.2	3.2
2.046	3.2	3.2	3.2	2.4	3.2
2.048	3.2	2.4	2.4	3.2	2.4
2.05	2.4	3.2	2.4	3.2	3.2
2.052	2.4	3.2	3.2	3.2	3.2
2.054	4	2.4	3.2	3.2	2.4
2.056	3.2	3.2	3.2	2.4	3.2
2.058	3.2	4	2.4	3.2	2.4
2.06	3.2	2.4	2.4	3.2	3.2
2.062	4	3.2	3.2	3.2	3.2
2.064	2.4	3.2	2.4	3.2	2.4
2.066	2.4	3.2	2.4	3.2	3.2
2.068	3.2	3.2	2.4	3.2	3.2
2.07	3.2	3.2	2.4	2.4	2.4
2.072	3.2	3.2	3.2	3.2	3.2
2.074	2.4	3.2	3.2	3.2	3.2
2.076	3.2	3.2	2.4	3.2	3.2
2.078	3.2	2.4	3.2	3.2	3.2
2.08	3.2	4	3.2	3.2	2.4
2.082	4	3.2	3.2	2.4	3.2
2.084	1.6	2.4	4	3.2	2.4
2.086	2.4	2.4	4	3.2	2.4
2.088	2.4	2.4	3.2	2.4	3.2
2.09	2.4	3.2	2.4	2.4	2.4
2.092	3.2	3.2	2.4	2.4	3.2
2.094	3.2	3.2	3.2	4	3.2
2.096	3.2	3.2	3.2	3.2	3.2
2.098	2.4	2.4	4	3.2	3.2
2.1	4	3.2	2.4	3.2	3.2
2.102	3.2	2.4	2.4	2.4	3.2
2.104	2.4	3.2	4	3.2	3.2
2.106	3.2	3.2	3.2	3.2	3.2
2.108	3.2	2.4	3.2	2.4	4
2.11	3.2	2.4	3.2	3.2	2.4
2.112	3.2	2.4	3.2	3.2	3.2
2.114	4	3.2	3.2	2.4	3.2
2.116	3.2	3.2	3.2	3.2	2.4
2.118	4	3.2	3.2	3.2	2.4
2.12	3.2	3.2	3.2	2.4	4
2.122	3.2	3.2	3.2	3.2	4
2.124	4	4	4	3.2	2.4
2.126	3.2	3.2	4	3.2	4
2.128	3.2	4	3.2	4	3.2
2.13	2.4	3.2	3.2	2.4	4
2.132	2.4	3.2	3.2	2.4	2.4
2.134	3.2	3.2	2.4	3.2	2.4
2.136	4	2.4	2.4	3.2	3.2
2.138	3.2	3.2	2.4	2.4	2.4
2.14	2.4	3.2	3.2	4	3.2
2.142	3.2	3.2	2.4	2.4	3.2
2.144	3.2	3.2	2.4	3.2	4
2.146	3.2	2.4	3.2	3.2	2.4
2.148	4	4	2.4	3.2	4
2.15	2.4	3.2	2.4	3.2	3.2
2.152	3.2	3.2	2.4	3.2	3.2
2.154	2.4	3.2	3.2	3.2	3.2
2.156	3.2	3.2	2.4	3.2	3.2
2.158	4	3.2	3.2	3.2	3.2
2.16	2.4	3.2	2.4	3.2	3.2
2.162	3.2	3.2	2.4	3.2	3.2
2.164	3.2	3.2	3.2	3.2	3.2
2.166	2.4	3.2	2.4	2.4	3.2
2.168	3.2	2.4	3.2	2.4	3.2
2.17	4	3.2	3.2	3.2	3.2
2.172	2.4	3.2	4	3.2	3.2
2.174	3.2	3.2	3.2	2.4	3.2
2.176	4	3.2	2.4	3.2	2.4
2.178	4	2.4	3.2	3.2	2.4
2.18	3.2	3.2	2.4	3.2	3.2
2.182	3.2	2.4	4	3.2	3.2
2.184	2.4	3.2	3.2	2.4	3.2
2.186	3.2	3.2	3.2	3.2	3.2
2.188	3.2	3.2	3.2	3.2	3.2
2.19	2.4	3.2	3.2	3.2	3.2
2.192	3.2	2.4	3.2	3.2	3.2
2.194	2.4	3.2	3.2	4	2.4
2.196	3.2	3.2	4	2.4	2.4
2.198	2.4	2.4	3.2	3.2	2.4
2.2	3.2	3.2	3.2	3.2	3.2
2.202	3.2	2.4	3.2	3.2	3.2
2.204	2.4	3.2	3.2	2.4	3.2
2.206	2.4	3.2	3.2	2.4	3.2
2.208	3.2	3.2	3.2	3.2	3.2
2.21	2.4	2.4	3.2	3.2	4
2.212	3.2	3.2	2.4	3.2	2.4
2.214	3.2	2.4	3.2	3.2	3.2
2.216	2.4	3.2	3.2	3.2	4
2.218	3.2	3.2	3.2	3.2	2.4
2.22	3.2	3.2	2.4	3.2	2.4
2.222	2.4	2.4	2.4	2.4	3.2
2.224	3.2	3.2	2.4	3.2	3.2
2.226	3.2	2.4	4	3.2	3.2
2.228	4	3.2	3.2	3.2	3.2
2.23	2.4	3.2	3.2	3.2	3.2
2.232	3.2	3.2	2.4	2.4	3.2
2.234	3.2	3.2	3.2	3.2	3.2
2.236	3.2	2.4	3.2	3.2	3.2
2.238	3.2	3.2	3.2	3.2	3.2
2.24	2.4	3.2	3.2	2.4	4
2.242	3.2	3.2	2.4	3.2	2.4
2.244	2.4	2.4	3.2	3.2	3.2
2.246	3.2	3.2	2.4	2.4	4
2.248	3.2	2.4	3.2	3.2	2.4
2.25	2.4	3.2	4	3.2	4
2.252	3.2	2.4	3.2	2.4	4
2.254	3.2	2.4	3.2	3.2	3.2
2.256	3.2	3.2	3.2	2.4	3.2
2.258	3.2	3.2	3.2	3.2	3.2
2.26	3.2	2.4	4	2.4	4
2.262	2.4	3.2	4	3.2	3.2
2.264	2.4	3.2	2.4	2.4	3.2
2.266	3.2	3.2	2.4	2.4	3.2
2.268	3.2	3.2	2.4	3.2	3.2
2.27	4	3.2	3.2	2.4	2.4
2.272	3.2	3.2	2.4	3.2	3.2
2.274	3.2	3.2	2.4	2.4	3.2
2.276	4	2.4	2.4	3.2	4
2.278	1.6	2.4	1.6	4	3.2
2.28	3.2	3.2	3.2	2.4	2.4
2.282	2.4	3.2	2.4	3.2	3.2
2.284	3.2	3.2	2.4	3.2	3.2
2.286	3.2	2.4	2.4	3.2	2.4
2.288	4	2.4	3.2	3.2	3.2
2.29	3.2	3.2	3.2	3.2	3.2
2.292	3.2	3.2	3.2	3.2	3.2
2.294	3.2	3.2	3.2	3.2	2.4
2.296	2.4	2.4	2.4	3.2	1.6
2.298	3.2	3.2	3.2	3.2	4
2.3	2.4	4	2.4	3.2	3.2
2.302	3.2	3.2	2.4	3.2	3.2
2.304	3.2	3.2	3.2	3.2	3.2
2.306	3.2	3.2	2.4	2.4	2.4
2.308	2.4	4	4	2.4	2.4
2.31	2.4	3.2	3.2	2.4	3.2
2.312	3.2	2.4	3.2	3.2	3.2
2.314	3.2	2.4	3.2	3.2	3.2
2.316	3.2	2.4	2.4	3.2	3.2
2.318	2.4	3.2	2.4	3.2	2.4
2.32	2.4	3.2	3.2	2.4	3.2
2.322	2.4	3.2	4	2.4	3.2
2.324	3.2	2.4	3.2	3.2	3.2
2.326	3.2	3.2	2.4	3.2	3.2
2.328	2.4	4	2.4	4	2.4
2.33	3.2	3.2	3.2	3.2	2.4
2.332	1.6	3.2	4	3.2	3.2
2.334	2.4	2.4	2.4	3.2	4
2.336	3.2	3.2	3.2	3.2	2.4
2.338	3.2	3.2	2.4	3.2	3.2
2.34	3.2	2.4	2.4	4	3.2
2.342	3.2	2.4	3.2	3.2	3.2
2.344	2.4	2.4	3.2	3.2	3.2
2.346	3.2	2.4	3.2	3.2	3.2
2.348	3.2	4	3.2	3.2	2.4
2.35	3.2	3.2	3.2	3.2	3.2
2.352	2.4	3.2	3.2	3.2	3.2
2.354	3.2	2.4	3.2	2.4	2.4
2.356	2.4	3.2	4	1.6	4
2.358	2.4	3.2	2.4	3.2	3.2
2.36	3.2	3.2	2.4	3.2	2.4
2.362	3.2	2.4	2.4	2.4	3.2
2.364	3.2	2.4	2.4	3.2	3.2
2.366	3.2	2.4	3.2	3.2	1.6
2.368	3.2	3.2	3.2	2.4	3.2
2.37	2.4	2.4	2.4	3.2	2.4
2.372	2.4	2.4	2.4	3.2	3.2
2.374	2.4	2.4	3.2	2.4	3.2
2.376	3.2	2.4	2.4	2.4	4
2.378	3.2	4	4	2.4	3.2
2.38	3.2	3.2	3.2	2.4	2.4
2.382	2.4	4	3.2	2.4	3.2
2.384	3.2	2.4	2.4	4	4
2.386	3.2	3.2	2.4	3.2	2.4
2.388	2.4	3.2	3.2	3.2	4
2.39	3.2	3.2	3.2	16	2.4
2.392	3.2	2.4	3.2	16.8	2.4
2.394	3.2	2.4	3.2	16.8	3.2
2.396	2.4	3.2	3.2	16	3.2
2.398	2.4	3.2	4	16	3.2
2.4	3.2	3.2	3.2	16	3.2
2.402	2.4	3.2	3.2	16.8	2.4
2.404	3.2	3.2	2.4	16	2.4
2.406	3.2	3.2	3.2	16.8	3.2
2.408	3.2	2.4	3.2	16.8	4
2.41	4	3.2	3.2	16.8	4
2.412	3.2	3.2	2.4	16.8	4
2.414	3.2	3.2	3.2	16.8	4
2.416	2.4	3.2	2.4	16.8	4
2.418	3.2	2.4	3.2	15.2	3.2
2.42	3.2	3.2	3.2	16.8	2.4
2.422	2.4	3.2	16	16.8	1.6
2.424	3.2	2.4	16.8	16.8	3.2
2.426	3.2	3.2	17.6	16.8	3.2
2.428	3.2	3.2	16	16	2.4
2.43	2.4	3.2	17.6	16	3.2
2.432	3.2	3.2	16.8	16.8	3.2
2.434	3.2	3.2	16.8	16	3.2
2.436	3.2	3.2	16.8	16.8	3.2
2.438	3.2	2.4	16.8	16.8	3.2
2.44	3.2	3.2	16.8	16	3.2
2.442	3.2	2.4	16.8	16	2.4
2.444	3.2	3.2	18.4	16	3.2
2.446	3.2	3.2	16.8	16	3.2
2.448	3.2	4	17.6	16.8	2.4
2.45	3.2	3.2	16.8	16.8	3.2
2.452	3.2	3.2	17.6	16	3.2
2.454	2.4	3.2	16.8	16.8	2.4
2.456	3.2	2.4	16	16.8	3.2
2.458	3.2	3.2	16.8	16.8	3.2
2.46	2.4	3.2	16.8	16	3.2
2.462	4	2.4	16.8	15.2	2.4
2.464	3.2	3.2	16.8	16.8	2.4
2.466	4	2.4	17.6	16	3.2
2.468	2.4	4	17.6	16.8	16
2.47	2.4	2.4	16	17.6	16.8
2.472	3.2	4	16.8	16	17.6
2.474	3.2	2.4	16.8	16.8	16.8
2.476	3.2	3.2	16.8	17.6	16.8
2.478	2.4	2.4	16.8	16	16.8
2.48	3.2	3.2	16.8	16	16.8
2.482	2.4	4	16.8	16	16.8
2.484	3.2	2.4	17.6	16.8	16
2.486	4	3.2	16.8	16	16.8
2.488	3.2	3.2	16.8	16.8	16.8
2.49	2.4	2.4	17.6	16	16.8
2.492	2.4	2.4	16.8	16.8	17.6
2.494	3.2	3.2	17.6	16	16.8
2.496	16.8	3.2	16.8	16	16.8
2.498	17.6	2.4	16.8	16	16.8
2.5	16.8	2.4	16.8	16	16
2.502	16.8	3.2	16.8	16	16.8
2.504	16	3.2	16.8	15.2	16.8
2.506	16.8	2.4	16.8	16	16.8
2.508	16.8	3.2	16.8	15.2	16.8
2.51	16.8	2.4	16.8	16	16.8
2.512	16.8	4	16.8	16	16.8
2.514	16.8	2.4	16.8	15.2	16.8
2.516	16.8	3.2	16.8	16	16.8
2.518	16.8	1.6	16	15.2	16
2.52	16.8	3.2	16	16.8	16.8
2.522	16.8	3.2	16.8	16	16.8
2.524	16.8	3.2	16.8	16	16.8
2.526	16.8	3.2	16.8	15.2	16.8
2.528	16.8	2.4	16.8	15.2	16
2.53	16.8	3.2	16.8	16	16.8
2.532	16	3.2	16.8	16	16
2.534	16.8	3.2	16.8	16.8	16.8
2.536	16	3.2	16.8	16	16.8
2.538	16.8	3.2	17.6	16	16.8
2.54	16.8	2.4	16.8	16	16
2.542	16	2.4	17.6	16	16
2.544	15.2	3.2	17.6	16.8	16
2.546	16	3.2	16.8	15.2	16
2.548	16	3.2	16.8	16	14.4
2.55	16.8	3.2	16.8	16	16
2.552	16	3.2	16.8	15.2	16.8
2.554	15.2	3.2	16	16	16
2.556	16	2.4	16.8	16	16
2.558	16	3.2	16.8	16	15.2
2.56	16	4	17.6	16	16
2.562	16.8	3.2	16.8	16	16.8
2.564	16	3.2	17.6	16.8	16.8
2.566	16.8	2.4	16.8	15.2	15.2
2.568	16.8	3.2	16.8	15.2	16.8
2.57	16	3.2	16.8	16	16
2.572	16	3.2	16.8	16	16.8
2.574	16.8	2.4	16.8	16	16
2.576	16	3.2	16.8	16	16.8
2.578	16	3.2	16.8	15.2	16.8
2.58	16	3.2	16.8	16	16.8
2.582	15.2	3.2	16.8	15.2	16
2.584	16.8	3.2	16.8	16	16.8
2.586	16.8	1.6	16.8	15.2	16.8
2.588	16	16.8	16.8	16.8	16.8
2.59	16	16.8	16.8	16.8	16
2.592	16	17.6	16.8	15.2	16
2.594	16	16	16.8	16	16.8
2.596	16	16.8	17.6	16	16.8
2.598	16.8	16.8	16.8	16.8	16
2.6	16	16.8	17.6	16	16.8
2.602	16	17.6	16.8	15.2	16.8
2.604	16.8	16	16.8	16	16
2.606	16.8	16.8	16.8	16	16.8
2.608	16	16.8	16.8	16	16.8
2.61	16.8	16.8	16.8	16	16
2.612	16	16.8	16.8	16.8	16
2.614	16.8	16.8	16.8	16	16.8
2.616	16	16.8	16	16	16
2.618	16.8	16.8	16.8	16.8	15.2
2.62	16.8	16.8	17.6	16.8	16.8
2.622	16.8	16.8	16.8	16.8	16.8
2.624	15.2	17.6	16.8	16.8	16.8
2.626	16.8	16.8	16.8	16	16
2.628	16.8	16	17.6	16	16
2.63	16.8	16.8	16.8	16.8	16.8
2.632	16.8	16.8	16.8	16	16.8
2.634	16.8	17.6	16.8	16	16
2.636	16.8	16.8	16.8	16	16
2.638	16.8	16.8	16.8	16	16
2.64	16.8	16	16.8	16	16.8
2.642	16.8	15.2	16.8	16	16.8
2.644	16	16	17.6	16.8	16
2.646	16	16.8	16.8	16.8	16
2.648	16	16.8	16.8	15.2	16
2.65	16.8	16.8	16.8	15.2	16.8
2.652	16.8	16	16.8	16	16.8
2.654	16.8	16	16.8	16	16.8
2.656	16.8	16.8	16.8	16	16.8
2.658	16.8	16.8	16	16	16.8
2.66	16	16.8	16.8	16	16
2.662	17.6	16	16.8	16.8	16
2.664	16.8	16	17.6	16	16.8
2.666	16	16.8	17.6	16	15.2
2.668	16.8	16.8	16.8	15.2	16.8
2.67	16.8	16.8	16.8	16	15.2
2.672	16.8	15.2	16.8	16.8	16.8
2.674	16	16.8	16.8	16.8	16.8
2.676	16	16.8	16.8	16.8	16
2.678	16.8	16.8	16.8	16	16.8
2.68	16.8	16.8	16.8	16.8	16.8
2.682	16.8	16.8	16.8	16	16.8
2.684	16.8	16.8	17.6	16.8	16.8
2.686	16.8	16	16.8	16	16
2.688	16.8	16.8	16.8	13.6	16.8
2.69	16.8	16	16.8	16	16.8
2.692	16.8	16	16.8	15.2	16.8
2.694	16.8	16	15.2	16.8	16.8
2.696	16	16.8	16.8	16.8	15.2
2.698	16.8	16.8	16.8	16	16
2.7	16.8	16.8	16	16	16.8
2.702	16.8	16	16.8	16	16.8
2.704	16.8	16	16	16	16
2.706	16	16.8	16.8	16	16.8
2.708	16	16	16.8	16	16
2.71	16.8	16.8	17.6	16.8	16.8
2.712	16.8	16	16.8	16	16.8
2.714	16.8	16.8	16.8	16.8	16.8
2.716	16.8	15.2	18.4	16	16.8
2.718	16.8	16.8	16.8	16.8	16.8
2.72	16.8	16.8	17.6	16	15.2
2.722	16.8	16.8	17.6	16.8	16.8
2.724	16.8	16.8	16.8	16.8	16.8
2.726	16.8	16.8	16.8	16	16.8
2.728	16.8	16	16.8	16.8	16.8
2.73	16.8	16	17.6	16.8	16.8
2.732	16.8	16	16.8	16	16.8
2.734	16.8	16	16.8	16.8	16
2.736	16.8	16.8	16	16.8	16
2.738	16	16.8	16.8	16	16.8
2.74	16	15.2	16.8	16	16
2.742	16.8	16.8	16.8	16.8	16.8
2.744	16.8	16.8	17.6	16	16.8
2.746	16.8	16.8	16.8	16	16.8
2.748	16.8	16	17.6	16.8	16
2.75	16.8	15.2	16.8	16	16.8
2.752	16.8	16	16.8	16.8	16.8
2.754	16.8	16.8	17.6	16	16.8
2.756	16.8	16.8	16.8	16.8	16
2.758	16.8	16.8	17.6	16	16
2.76	16.8	16	16.8	16	16.8
2.762	16.8	16	16.8	16.8	16
2.764	16.8	16.8	17.6	16.8	16.8
2.766	16.8	16.8	16.8	16.8	16.8
2.768	16.8	16.8	16.8	16	16.8
2.77	16	16.8	17.6	15.2	16.8
2.772	16.8	16.8	16.8	16	16.8
2.774	16.8	16.8	16.8	16	16.8
2.776	17.6	16.8	17.6	16	16.8
2.778	16.8	16	16.8	15.2	16
2.78	16.8	15.2	16.8	16	16.8
2.782	16.8	16	16.8	16	16.8
2.784	16	16	16.8	16.8	16.8
2.786	16.8	16	16.8	16.8	16.8
2.788	16.8	16.8	16.8	16	16.8
2.79	16.8	16	16.8	16	16
2.792	16.8	16.8	16.8	15.2	16.8
2.794	16.8	16	17.6	16	16.8
2.796	16.8	16	18.4	16	16.8
2.798	16.8	16.8	16.8	16.8	16.8
2.8	17.6	16.8	16.8	16	16.8
2.802	16.8	16.8	16.8	16.8	16
2.804	16.8	16.8	16.8	16.8	16.8
2.806	16.8	16	17.6	16.8	16.8
2.808	16.8	16.8	16.8	17.6	16.8
2.81	16.8	16.8	16.8	16.8	15.2
2.812	16	16.8	16.8	16	16.8
2.814	16.8	16	16.8	16.8	16
2.816	16.8	16.8	16.8	16	16.8
2.818	16.8	16	17.6	16.8	16.8
2.82	16.8	16	16.8	16.8	16.8
2.822	16.8	16.8	16.8	16.8	16.8
2.824	16.8	16.8	17.6	16.8	16.8
2.826	16.8	15.2	16.8	16	16.8
2.828	16.8	16	16.8	16.8	16.8
2.83	16.8	16	16.8	16	16.8
2.832	16.8	16.8	16.8	16.8	16.8
2.834	16	16.8	17.6	16.8	16.8
2.836	16	16	16.8	16	16.8
2.838	16.8	16	17.6	16.8	16
2.84	16.8	16	16.8	16.8	16.8
2.842	16.8	16.8	16.8	16.8	16.8
2.844	16	16.8	16	15.2	16.8
2.846	16.8	16.8	16.8	16.8	16.8
2.848	16.8	16	18.4	16.8	16.8
2.85	16.8	16.8	16.8	16.8	17.6
2.852	17.6	16.8	16.8	16.8	16.8
2.854	16.8	16	16.8	16	16.8
2.856	16.8	16.8	17.6	16	16.8
2.858	16	16.8	17.6	16.8	16.8
2.86	16.8	16	17.6	16.8	16.8
2.862	17.6	16	16.8	15.2	16
2.864	16.8	16.8	16.8	16.8	16.8
2.866	16.8	17.6	16.8	16.8	16.8
2.868	16.8	16.8	16.8	16	16.8
2.87	16	16.8	17.6	16.8	16.8
2.872	16.8	16.8	16.8	16.8	16.8
2.874	16.8	16.8	16.8	16.8	16.8
2.876	16.8	16	16.8	16.8	16
2.878	16.8	16.8	16.8	16	16.8
2.88	16.8	16	16.8	16	16
2.882	16.8	16	16.8	16	16.8
2.884	17.6	16.8	17.6	16.8	16.8
2.886	16.8	15.2	16.8	15.2	16.8
2.888	16.8	16.8	16.8	16	16.8
2.89	16.8	16.8	18.4	16.8	16.8
2.892	16.8	16	18.4	16.8	16.8
2.894	16.8	16.8	17.6	16.8	16.8
2.896	17.6	16	16.8	16.8	16.8
2.898	16.8	15.2	17.6	16.8	16.8
2.9	16.8	16.8	16.8	16	16.8
2.902	16.8	16.8	17.6	16.8	16
2.904	16.8	16.8	3.2	16.8	16
2.906	16.8	17.6	3.2	16.8	16.8
2.908	16.8	16.8	3.2	16.8	16.8
2.91	16.8	16.8	3.2	16	16.8
2.912	16.8	16.8	3.2	16	16.8
2.914	16.8	16.8	3.2	15.2	16.8
2.916	16.8	16.8	3.2	16.8	16.8
2.918	17.6	16.8	3.2	16.8	16.8
2.92	16.8	16.8	3.2	16	16.8
2.922	16	16.8	3.2	16.8	16
2.924	16.8	16.8	2.4	16.8	16.8
2.926	16.8	16	3.2	16.8	16.8
2.928	16.8	16.8	2.4	16	16.8
2.93	16.8	16.8	3.2	16.8	16.8
2.932	16.8	16.8	2.4	16.8	16.8
2.934	16.8	15.2	3.2	16	16.8
2.936	16.8	16	3.2	16.8	16.8
2.938	16.8	16.8	3.2	16.8	16.8
2.94	16.8	16	3.2	17.6	16.8
2.942	16	16.8	3.2	16.8	16.8
2.944	16.8	16.8	2.4	3.2	17.6
2.946	16.8	16	4	2.4	16.8
2.948	16.8	16.8	2.4	2.4	16.8
2.95	16.8	16.8	2.4	3.2	16.8
2.952	16.8	16.8	3.2	3.2	16.8
2.954	16.8	15.2	2.4	4	16
2.956	16.8	16.8	3.2	3.2	16.8
2.958	16.8	16.8	3.2	2.4	16.8
2.96	16	16.8	3.2	3.2	16.8
2.962	16.8	16.8	3.2	2.4	16
2.964	16	16.8	3.2	2.4	16.8
2.966	16.8	16.8	3.2	2.4	16.8
2.968	16.8	16.8	3.2	2.4	16.8
2.97	16.8	16.8	3.2	3.2	16.8
2.972	16.8	16.8	2.4	3.2	16.8
2.974	16.8	16	2.4	2.4	16.8
2.976	16.8	16	3.2	3.2	16.8
2.978	16.8	16	3.2	3.2	16.8
2.98	16.8	16	2.4	3.2	16.8
2.982	16.8	16	3.2	3.2	16.8
2.984	17.6	16.8	3.2	3.2	16.8
2.986	8	16.8	3.2	3.2	16.8
2.988	2.4	17.6	4	2.4	16.8
2.99	3.2	16.8	3.2	3.2	16.8
2.992	3.2	16	3.2	2.4	16.8
2.994	3.2	16.8	2.4	3.2	16.8
2.996	3.2	16.8	3.2	4	16.8
2.998	3.2	16.8	3.2	2.4	16.8
3	3.2	15.2	4	2.4	15.2
3.002	2.4	16	2.4	2.4	3.2
3.004	3.2	16.8	2.4	3.2	3.2
3.006	3.2	16.8	3.2	3.2	3.2
3.008	3.2	16	3.2	3.2	2.4
3.01	2.4	16	3.2	3.2	2.4
3.012	3.2	16	3.2	2.4	3.2
3.014	2.4	16.8	3.2	2.4	3.2
3.016	3.2	16.8	3.2	3.2	3.2
3.018	3.2	16.8	1.6	3.2	2.4
3.02	2.4	16.8	2.4	2.4	3.2
3.022	2.4	16.8	3.2	3.2	3.2
3.024	3.2	16.8	2.4	4	3.2
3.026	3.2	16.8	3.2	3.2	3.2
3.028	2.4	16.8	2.4	3.2	3.2
3.03	2.4	16.8	3.2	2.4	2.4
3.032	2.4	16.8	3.2	2.4	3.2
3.034	2.4	16.8	3.2	2.4	3.2
3.036	2.4	16.8	3.2	3.2	3.2
3.038	3.2	16.8	3.2	4	3.2
3.04	3.2	17.6	3.2	3.2	3.2
3.042	3.2	16.8	3.2	4	2.4
3.044	2.4	3.2	3.2	2.4	3.2
3.046	4	3.2	4	3.2	3.2
3.048	3.2	3.2	2.4	3.2	3.2
3.05	3.2	3.2	3.2	3.2	4
3.052	3.2	2.4	3.2	2.4	3.2
3.054	2.4	2.4	3.2	3.2	3.2
3.056	3.2	3.2	2.4	3.2	3.2
3.058	2.4	3.2	3.2	3.2	3.2
3.06	3.2	2.4	2.4	3.2	3.2
3.062	3.2	4	3.2	3.2	2.4
3.064	3.2	2.4	3.2	3.2	2.4
3.066	2.4	3.2	3.2	2.4	2.4
3.068	3.2	2.4	4	3.2	2.4
3.07	3.2	2.4	2.4	4	2.4
3.072	2.4	3.2	3.2	3.2	2.4
3.074	4	3.2	3.2	3.2	2.4
3.076	3.2	3.2	3.2	3.2	3.2
3.078	3.2	2.4	3.2	2.4	3.2
3.08	3.2	2.4	4	3.2	3.2
3.082	3.2	3.2	3.2	3.2	2.4
3.084	4	4	3.2	2.4	3.2
3.086	3.2	4	3.2	3.2	3.2
3.088	3.2	2.4	3.2	2.4	3.2
3.09	3.2	3.2	2.4	3.2	4
3.092	3.2	2.4	3.2	3.2	3.2
3.094	3.2	3.2	3.2	3.2	3.2
3.096	2.4	2.4	3.2	3.2	3.2
3.098	3.2	3.2	3.2	3.2	3.2
3.1	3.2	3.2	3.2	2.4	3.2
3.102	2.4	3.2	3.2	3.2	2.4
3.104	2.4	4	3.2	3.2	2.4
3.106	3.2	1.6	3.2	3.2	3.2
3.108	3.2	3.2	2.4	3.2	2.4
3.11	2.4	3.2	2.4	2.4	2.4
3.112	2.4	3.2	3.2	3.2	4
3.114	2.4	3.2	2.4	3.2	3.2
3.116	3.2	3.2	2.4	3.2	2.4
3.118	3.2	2.4	3.2	2.4	3.2
3.12	2.4	2.4	2.4	2.4	2.4
3.122	3.2	2.4	3.2	3.2	4
3.124	3.2	3.2	3.2	3.2	3.2
3.126	3.2	4	3.2	3.2	3.2
3.128	3.2	2.4	3.2	3.2	3.2
3.13	3.2	3.2	3.2	2.4	4
3.132	2.4	2.4	2.4	2.4	3.2
3.134	3.2	3.2	4	2.4	3.2
3.136	3.2	3.2	3.2	4	2.4
3.138	3.2	3.2	3.2	3.2	3.2
3.14	3.2	2.4	3.2	2.4	3.2
3.142	3.2	2.4	2.4	3.2	3.2
3.144	3.2	2.4	3.2	2.4	2.4
3.146	4	3.2	3.2	3.2	1.6
3.148	3.2	4	3.2	3.2	3.2
3.15	2.4	2.4	3.2	2.4	4
3.152	2.4	2.4	3.2	3.2	2.4
3.154	3.2	2.4	3.2	3.2	3.2
3.156	3.2	3.2	1.6	3.2	2.4
3.158	3.2	3.2	3.2	3.2	3.2
3.16	2.4	2.4	3.2	3.2	2.4
3.162	3.2	3.2	3.2	2.4	3.2
3.164	3.2	3.2	3.2	3.2	3.2
3.166	3.2	3.2	2.4	3.2	3.2
3.168	3.2	3.2	3.2	3.2	3.2
3.17	3.2	3.2	4	3.2	3.2
3.172	3.2	2.4	2.4	3.2	3.2
3.174	3.2	2.4	2.4	1.6	3.2
3.176	3.2	3.2	2.4	3.2	3.2
3.178	3.2	2.4	3.2	3.2	3.2
3.18	3.2	3.2	3.2	2.4	2.4
3.182	3.2	2.4	3.2	2.4	3.2
3.184	3.2	3.2	3.2	2.4	2.4
3.186	2.4	2.4	3.2	3.2	3.2
3.188	3.2	2.4	3.2	2.4	3.2
3.19	3.2	4	2.4	3.2	3.2
3.192	3.2	2.4	3.2	2.4	3.2
3.194	3.2	3.2	3.2	3.2	2.4
3.196	3.2	3.2	3.2	4	3.2
3.198	3.2	3.2	3.2	2.4	3.2
3.2	3.2	4	2.4	2.4	3.2
3.202	3.2	3.2	4	2.4	3.2
3.204	3.2	2.4	3.2	3.2	3.2
3.206	3.2	3.2	3.2	3.2	3.2
3.208	2.4	3.2	3.2	2.4	3.2
3.21	3.2	3.2	3.2	3.2	3.2
3.212	4	2.4	2.4	3.2	3.2
3.214	3.2	2.4	4	2.4	4
3.216	3.2	3.2	3.2	3.2	2.4
3.218	3.2	2.4	2.4	3.2	2.4
3.22	3.2	2.4	3.2	3.2	2.4
3.222	3.2	3.2	3.2	2.4	3.2
3.224	2.4	3.2	4	2.4	4
3.226	3.2	2.4	3.2	3.2	2.4
3.228	3.2	3.2	2.4	3.2	4
3.23	3.2	3.2	2.4	3.2	3.2
3.232	2.4	3.2	3.2	2.4	3.2
3.234	2.4	2.4	3.2	2.4	2.4
3.236	3.2	3.2	2.4	2.4	3.2
3.238	3.2	2.4	3.2	3.2	3.2
3.24	4	2.4	3.2	2.4	3.2
3.242	3.2	3.2	4	3.2	3.2
3.244	3.2	3.2	2.4	3.2	3.2
3.246	3.2	3.2	4	3.2	3.2
3.248	3.2	2.4	3.2	3.2	3.2
3.25	3.2	2.4	3.2	3.2	2.4
3.252	3.2	3.2	3.2	3.2	3.2
3.254	3.2	3.2	3.2	4	3.2
3.256	3.2	4	2.4	3.2	3.2
3.258	3.2	2.4	3.2	2.4	3.2
3.26	3.2	3.2	2.4	2.4	3.2
3.262	3.2	2.4	3.2	3.2	3.2
3.264	3.2	2.4	3.2	4	3.2
3.266	2.4	3.2	2.4	3.2	4
3.268	3.2	2.4	3.2	2.4	3.2
3.27	3.2	2.4	3.2	2.4	3.2
3.272	4	2.4	3.2	3.2	2.4
3.274	3.2	2.4	2.4	3.2	4
3.276	3.2	3.2	3.2	2.4	4
3.278	2.4	3.2	2.4	4	2.4
3.28	3.2	3.2	3.2	3.2	2.4
3.282	3.2	2.4	3.2	3.2	3.2
3.284	3.2	2.4	3.2	3.2	4
3.286	2.4	3.2	3.2	2.4	2.4
3.288	1.6	2.4	3.2	2.4	2.4
3.29	3.2	3.2	3.2	2.4	2.4
3.292	3.2	2.4	2.4	3.2	3.2
3.294	3.2	2.4	3.2	3.2	2.4
3.296	3.2	3.2	3.2	3.2	3.2
3.298	3.2	3.2	2.4	3.2	2.4
3.3	3.2	3.2	3.2	3.2	2.4
3.302	2.4	3.2	2.4	2.4	3.2
3.304	3.2	3.2	3.2	3.2	3.2
3.306	3.2	3.2	2.4	4	3.2
3.308	2.4	2.4	2.4	2.4	3.2
3.31	3.2	3.2	3.2	4	2.4
3.312	3.2	3.2	3.2	3.2	3.2
3.314	3.2	3.2	3.2	3.2	3.2
3.316	4	3.2	4	3.2	3.2
3.318	3.2	3.2	2.4	3.2	3.2
3.32	2.4	4	2.4	3.2	2.4
3.322	3.2	2.4	3.2	3.2	3.2
3.324	2.4	3.2	3.2	2.4	3.2
3.326	2.4	2.4	2.4	3.2	3.2
3.328	3.2	3.2	3.2	3.2	4
3.33	3.2	2.4	3.2	4	3.2
3.332	3.2	2.4	3.2	3.2	3.2
3.334	3.2	3.2	3.2	2.4	4
3.336	3.2	3.2	3.2	2.4	2.4
3.338	4	3.2	3.2	2.4	3.2
3.34	4	3.2	3.2	3.2	3.2
3.342	3.2	2.4	3.2	3.2	3.2
3.344	2.4	3.2	3.2	3.2	3.2
3.346	3.2	3.2	2.4	2.4	2.4
3.348	3.2	3.2	2.4	2.4	4
3.35	3.2	3.2	2.4	3.2	3.2
3.352	3.2	3.2	4	3.2	2.4
3.354	3.2	3.2	2.4	3.2	3.2
3.356	2.4	3.2	3.2	3.2	2.4
3.358	3.2	3.2	4	3.2	3.2
3.36	2.4	3.2	3.2	3.2	3.2
3.362	3.2	2.4	4	4	3.2
3.364	1.6	4	2.4	4	2.4
3.366	2.4	3.2	4	2.4	4
3.368	2.4	2.4	2.4	3.2	3.2
3.37	3.2	2.4	1.6	2.4	2.4
3.372	3.2	3.2	2.4	3.2	2.4
3.374	3.2	4	3.2	3.2	2.4
3.376	3.2	2.4	3.2	3.2	3.2
3.378	2.4	2.4	4	4	2.4
3.38	2.4	2.4	3.2	2.4	3.2
3.382	3.2	3.2	3.2	2.4	2.4
3.384	3.2	2.4	3.2	1.6	3.2
3.386	3.2	3.2	3.2	3.2	3.2
3.388	3.2	2.4	3.2	3.2	3.2
3.39	3.2	3.2	3.2	3.2	4
3.392	3.2	4	4	3.2	3.2
3.394	3.2	2.4	2.4	3.2	3.2
3.396	3.2	3.2	3.2	3.2	2.4
3.398	3.2	3.2	3.2	2.4	3.2
3.4	2.4	3.2	3.2	3.2	3.2
3.402	3.2	3.2	3.2	3.2	3.2
3.404	3.2	2.4	3.2	3.2	3.2
3.406	2.4	3.2	4	3.2	2.4
3.408	3.2	2.4	3.2	3.2	3.2
3.41	3.2	3.2	3.2	3.2	3.2
3.412	2.4	3.2	3.2	3.2	3.2
3.414	3.2	2.4	3.2	2.4	3.2
3.416	3.2	4	3.2	3.2	2.4
3.418	3.2	3.2	2.4	3.2	3.2
3.42	3.2	4	2.4	3.2	3.2
3.422	2.4	3.2	2.4	3.2	3.2
3.424	3.2	3.2	3.2	3.2	3.2
3.426	3.2	2.4	3.2	3.2	3.2
3.428	3.2	3.2	3.2	2.4	3.2
3.43	3.2	4	3.2	2.4	4
3.432	2.4	3.2	3.2	3.2	4
3.434	3.2	2.4	2.4	2.4	2.4
3.436	3.2	2.4	3.2	3.2	3.2
3.438	2.4	3.2	2.4	3.2	3.2
3.44	3.2	3.2	2.4	2.4	3.2
3.442	3.2	3.2	3.2	2.4	3.2
3.444	3.2	3.2	3.2	3.2	4
3.446	2.4	2.4	2.4	3.2	2.4
3.448	2.4	3.2	3.2	3.2	2.4
3.45	4	4	3.2	3.2	2.4
3.452	3.2	3.2	3.2	3.2	3.2
3.454	3.2	3.2	3.2	2.4	3.2
3.456	3.2	3.2	4	3.2	3.2
3.458	3.2	3.2	3.2	2.4	2.4
3.46	2.4	3.2	2.4	2.4	2.4
3.462	3.2	2.4	2.4	2.4	3.2
3.464	3.2	3.2	4	3.2	2.4
3.466	3.2	2.4	2.4	2.4	3.2
3.468	4	3.2	3.2	2.4	4
3.47	2.4	3.2	3.2	2.4	3.2
3.472	3.2	4	3.2	3.2	4
3.474	4	3.2	3.2	4	3.2
3.476	4	2.4	2.4	3.2	1.6
3.478	2.4	3.2	2.4	3.2	2.4
3.48	3.2	3.2	2.4	2.4	3.2
3.482	1.6	3.2	3.2	3.2	3.2
3.484	3.2	4	2.4	3.2	2.4
3.486	3.2	2.4	3.2	3.2	2.4
3.488	2.4	2.4	3.2	3.2	2.4
3.49	3.2	3.2	3.2	2.4	3.2
3.492	3.2	3.2	3.2	3.2	3.2
3.494	3.2	2.4	2.4	2.4	3.2
3.496	2.4	3.2	3.2	4	3.2
3.498	2.4	3.2	2.4	2.4	3.2
3.5	3.2	2.4	3.2	2.4	2.4
3.502	2.4	3.2	3.2	3.2	3.2
3.504	3.2	4	2.4	2.4	3.2
3.506	3.2	3.2	3.2	3.2	4
3.508	2.4	2.4	3.2	2.4	2.4
3.51	4	2.4	3.2	1.6	3.2
3.512	3.2	3.2	2.4	3.2	4
3.514	3.2	3.2	2.4	2.4	3.2
3.516	3.2	3.2	3.2	3.2	3.2
3.518	3.2	3.2	3.2	1.6	1.6
3.52	3.2	2.4	3.2	3.2	4
3.522	3.2	2.4	3.2	2.4	2.4
3.524	2.4	3.2	3.2	3.2	4
3.526	3.2	2.4	2.4	3.2	3.2
3.528	3.2	4	3.2	3.2	3.2
3.53	3.2	3.2	3.2	2.4	3.2
3.532	4	3.2	3.2	2.4	2.4
3.534	3.2	3.2	3.2	2.4	3.2
3.536	2.4	3.2	2.4	2.4	2.4
3.538	3.2	2.4	2.4	3.2	3.2
3.54	3.2	2.4	3.2	3.2	3.2
3.542	3.2	3.2	3.2	3.2	3.2
3.544	3.2	3.2	3.2	3.2	3.2
3.546	2.4	3.2	2.4	1.6	3.2
3.548	3.2	3.2	3.2	3.2	3.2
3.55	3.2	3.2	3.2	3.2	3.2
3.552	3.2	2.4	2.4	3.2	3.2
3.554	2.4	3.2	3.2	2.4	3.2
3.556	3.2	3.2	2.4	3.2	3.2
3.558	2.4	3.2	3.2	3.2	3.2
3.56	3.2	3.2	2.4	3.2	3.2
3.562	4	3.2	3.2	3.2	2.4
3.564	3.2	3.2	3.2	2.4	3.2
3.566	3.2	4	3.2	2.4	2.4
3.568	2.4	3.2	2.4	3.2	3.2
3.57	2.4	3.2	3.2	3.2	1.6
3.572	2.4	3.2	2.4	2.4	3.2
3.574	2.4	3.2	3.2	3.2	3.2
3.576	2.4	2.4	3.2	4	3.2
3.578	2.4	3.2	2.4	4	3.2
3.58	2.4	2.4	3.2	2.4	3.2
3.582	3.2	2.4	3.2	3.2	2.4
3.584	3.2	3.2	3.2	4	3.2
3.586	4	2.4	3.2	4	3.2
3.588	3.2	3.2	3.2	2.4	3.2
3.59	3.2	3.2	2.4	3.2	3.2
3.592	2.4	3.2	3.2	3.2	3.2
3.594	3.2	2.4	3.2	3.2	2.4
3.596	2.4	3.2	3.2	3.2	3.2
3.598	3.2	3.2	3.2	2.4	3.2
3.6	2.4	2.4	3.2	2.4	2.4
3.602	3.2	3.2	3.2	3.2	3.2
3.604	2.4	3.2	3.2	4	2.4
3.606	3.2	2.4	2.4	3.2	3.2
3.608	3.2	2.4	3.2	3.2	3.2
3.61	4	4	3.2	3.2	3.2
3.612	2.4	3.2	3.2	2.4	3.2
3.614	3.2	2.4	4	3.2	3.2
3.616	3.2	3.2	2.4	3.2	2.4
3.618	3.2	3.2	3.2	3.2	3.2
3.62	3.2	3.2	2.4	2.4	3.2
3.622	3.2	3.2	2.4	4	4
3.624	2.4	3.2	2.4	2.4	3.2
3.626	2.4	2.4	2.4	2.4	4
3.628	3.2	3.2	3.2	3.2	2.4
3.63	3.2	3.2	3.2	3.2	3.2
3.632	3.2	2.4	2.4	2.4	3.2
3.634	2.4	3.2	2.4	2.4	2.4
3.636	3.2	3.2	2.4	3.2	3.2
3.638	2.4	2.4	3.2	3.2	2.4
3.64	3.2	3.2	3.2	3.2	3.2
3.642	3.2	2.4	3.2	3.2	2.4
3.644	3.2	3.2	2.4	3.2	3.2
3.646	2.4	3.2	4	3.2	3.2
3.648	2.4	3.2	2.4	2.4	4
3.65	4	3.2	3.2	3.2	2.4
3.652	4	3.2	3.2	3.2	2.4
3.654	1.6	4	2.4	3.2	3.2
3.656	2.4	2.4	2.4	3.2	3.2
3.658	2.4	2.4	2.4	4	3.2
3.66	3.2	3.2	3.2	3.2	3.2
3.662	3.2	2.4	3.2	2.4	3.2
3.664	2.4	3.2	3.2	3.2	3.2
3.666	2.4	2.4	3.2	4	3.2
3.668	2.4	3.2	4	2.4	3.2
3.67	2.4	3.2	3.2	2.4	3.2
3.672	3.2	3.2	3.2	2.4	3.2
3.674	3.2	3.2	3.2	3.2	3.2
3.676	3.2	3.2	4	2.4	3.2
3.678	3.2	3.2	3.2	3.2	4
3.68	3.2	3.2	4	3.2	3.2
3.682	3.2	3.2	2.4	2.4	3.2
3.684	2.4	3.2	3.2	3.2	3.2
3.686	3.2	2.4	3.2	3.2	3.2
3.688	3.2	3.2	3.2	4	4
3.69	2.4	2.4	3.2	3.2	3.2
3.692	4	3.2	3.2	4	3.2
3.694	2.4	2.4	3.2	3.2	2.4
3.696	3.2	3.2	2.4	4	3.2
3.698	4	2.4	4	4	3.2
3.7	3.2	3.2	3.2	4	3.2
3.702	3.2	4	3.2	3.2	3.2
3.704	3.2	3.2	3.2	4	3.2
3.706	2.4	3.2	3.2	2.4	3.2
3.708	3.2	4	2.4	3.2	3.2
3.71	3.2	3.2	3.2	2.4	3.2
3.712	3.2	3.2	3.2	3.2	2.4
3.714	3.2	2.4	2.4	2.4	2.4
3.716	3.2	1.6	2.4	3.2	2.4
3.718	3.2	2.4	3.2	3.2	3.2
3.72	2.4	3.2	3.2	3.2	3.2
3.722	2.4	3.2	2.4	3.2	2.4
3.724	3.2	3.2	3.2	3.2	2.4
3.726	3.2	2.4	3.2	4	3.2
3.728	3.2	3.2	3.2	3.2	2.4
3.73	3.2	2.4	2.4	2.4	4
3.732	2.4	3.2	4	3.2	3.2
3.734	2.4	4	3.2	3.2	3.2
3.736	3.2	3.2	3.2	2.4	2.4
3.738	3.2	3.2	2.4	3.2	3.2
3.74	3.2	3.2	3.2	2.4	3.2
3.742	3.2	3.2	3.2	3.2	4
3.744	3.2	3.2	3.2	3.2	3.2
3.746	3.2	3.2	3.2	3.2	3.2
3.748	2.4	3.2	2.4	2.4	2.4
3.75	3.2	3.2	3.2	3.2	3.2
3.752	3.2	2.4	2.4	3.2	3.2
3.754	2.4	3.2	4	3.2	3.2
3.756	4	3.2	4	3.2	3.2
3.758	3.2	3.2	4	3.2	3.2
3.76	2.4	2.4	4	3.2	2.4
3.762	3.2	3.2	2.4	3.2	3.2
3.764	3.2	3.2	2.4	3.2	3.2
3.766	3.2	3.2	3.2	3.2	3.2
3.768	3.2	3.2	3.2	1.6	3.2
3.77	3.2	2.4	2.4	3.2	3.2
3.772	2.4	2.4	2.4	3.2	3.2
3.774	2.4	3.2	4	3.2	2.4
3.776	3.2	3.2	3.2	2.4	3.2
3.778	2.4	3.2	2.4	3.2	3.2
3.78	3.2	2.4	2.4	3.2	2.4
3.782	3.2	3.2	3.2	2.4	3.2
3.784	2.4	2.4	3.2	4	2.4
3.786	3.2	3.2	3.2	2.4	3.2
3.788	3.2	3.2	3.2	3.2	3.2
3.79	3.2	2.4	2.4	3.2	3.2
3.792	2.4	3.2	3.2	2.4	2.4
3.794	3.2	2.4	3.2	2.4	2.4
3.796	2.4	3.2	3.2	3.2	2.4
3.798	2.4	3.2	3.2	3.2	3.2
3.8	4	3.2	3.2	3.2	2.4
3.802	3.2	2.4	2.4	3.2	2.4
3.804	3.2	3.2	3.2	2.4	3.2
3.806	3.2	2.4	2.4	3.2	3.2
3.808	3.2	3.2	3.2	3.2	3.2
3.81	3.2	2.4	3.2	3.2	4
3.812	2.4	3.2	3.2	2.4	3.2
3.814	2.4	3.2	3.2	2.4	3.2
3.816	2.4	2.4	3.2	4	3.2
3.818	3.2	3.2	3.2	3.2	3.2
3.82	4	3.2	3.2	2.4	3.2
3.822	4	2.4	3.2	2.4	2.4
3.824	4	2.4	3.2	3.2	2.4
3.826	2.4	3.2	3.2	2.4	2.4
3.828	2.4	3.2	3.2	3.2	2.4
3.83	3.2	2.4	3.2	3.2	3.2
3.832	3.2	3.2	2.4	3.2	3.2
3.834	2.4	3.2	3.2	3.2	3.2
3.836	3.2	3.2	3.2	4	3.2
3.838	2.4	3.2	3.2	3.2	2.4
3.84	3.2	2.4	3.2	3.2	3.2
3.842	2.4	3.2	3.2	2.4	3.2
3.844	3.2	4	3.2	3.2	3.2
3.846	3.2	3.2	3.2	2.4	3.2
3.848	3.2	3.2	3.2	2.4	1.6
3.85	3.2	3.2	2.4	3.2	4
3.852	3.2	2.4	4	3.2	3.2
3.854	4	3.2	3.2	3.2	3.2
3.856	3.2	2.4	4	3.2	3.2
3.858	3.2	3.2	3.2	2.4	3.2
3.86	2.4	2.4	3.2	3.2	3.2
3.862	3.2	3.2	2.4	3.2	3.2
3.864	3.2	3.2	3.2	3.2	3.2
3.866	3.2	3.2	3.2	4	3.2
3.868	3.2	2.4	4	3.2	3.2
3.87	3.2	3.2	2.4	2.4	2.4
3.872	2.4	2.4	3.2	3.2	3.2
3.874	3.2	3.2	3.2	2.4	3.2
3.876	4	2.4	3.2	2.4	3.2
3.878	4	3.2	2.4	3.2	3.2
3.88	3.2	2.4	3.2	2.4	3.2
3.882	3.2	4	4	3.2	2.4
3.884	2.4	2.4	3.2	3.2	3.2
3.886	3.2	3.2	2.4	3.2	3.2
3.888	2.4	3.2	3.2	2.4	2.4
3.89	3.2	3.2	3.2	3.2	3.2
3.892	3.2	3.2	3.2	2.4	3.2
3.894	3.2	4	1.6	2.4	3.2
3.896	3.2	4	3.2	3.2	3.2
3.898	3.2	2.4	3.2	2.4	3.2
3.9	3.2	2.4	3.2	2.4	3.2
3.902	3.2	1.6	2.4	4	3.2
3.904	3.2	4	3.2	2.4	3.2
3.906	3.2	2.4	3.2	3.2	2.4
3.908	3.2	3.2	2.4	3.2	2.4
3.91	4	2.4	3.2	2.4	2.4
3.912	3.2	3.2	3.2	3.2	2.4
3.914	3.2	4	3.2	4	3.2
3.916	3.2	3.2	2.4	3.2	3.2
3.918	3.2	2.4	2.4	1.6	2.4
3.92	3.2	3.2	3.2	3.2	3.2
3.922	3.2	3.2	3.2	2.4	2.4
3.924	3.2	4	3.2	3.2	2.4
3.926	3.2	3.2	3.2	3.2	2.4
3.928	2.4	4	2.4	2.4	3.2
3.93	3.2	2.4	2.4	2.4	2.4
3.932	3.2	4	3.2	3.2	4
3.934	3.2	3.2	2.4	4	3.2
3.936	3.2	3.2	3.2	3.2	2.4
3.938	3.2	3.2	2.4	3.2	3.2
3.94	3.2	3.2	2.4	2.4	2.4
3.942	3.2	2.4	3.2	3.2	3.2
3.944	3.2	3.2	2.4	3.2	3.2
3.946	3.2	3.2	3.2	3.2	3.2
3.948	2.4	2.4	2.4	3.2	2.4
3.95	3.2	3.2	4	4	2.4
3.952	3.2	3.2	3.2	3.2	3.2
3.954	3.2	3.2	3.2	3.2	3.2
3.956	3.2	3.2	3.2	3.2	3.2
3.958	3.2	3.2	3.2	3.2	2.4
3.96	3.2	3.2	3.2	3.2	2.4
3.962	2.4	2.4	2.4	2.4	3.2
3.964	3.2	2.4	3.2	2.4	3.2
3.966	3.2	3.2	3.2	4	4
3.968	3.2	3.2	3.2	3.2	2.4
3.97	2.4	2.4	3.2	3.2	3.2
3.972	2.4	3.2	2.4	2.4	3.2
3.974	2.4	2.4	3.2	3.2	2.4
3.976	3.2	2.4	3.2	3.2	3.2
3.978	3.2	2.4	3.2	3.2	4
3.98	2.4	4	3.2	2.4	1.6
3.982	2.4	2.4	3.2	3.2	2.4
3.984	2.4	3.2	3.2	3.2	2.4
3.986	4	2.4	2.4	2.4	3.2
3.988	3.2	2.4	3.2	3.2	3.2
3.99	3.2	3.2	3.2	3.2	3.2
3.992	3.2	4	1.6	3.2	2.4
3.994	3.2	2.4	3.2	3.2	2.4
3.996	2.4	3.2	3.2	3.2	3.2
3.998	3.2	3.2	2.4	3.2	3.2
4	3.2	3.2	3.2	3.2	3.2
4.002	3.2	2.4	4	2.4	3.2
4.004	3.2	3.2	2.4	3.2	3.2
4.006	2.4	3.2	2.4	2.4	2.4
4.008	2.4	3.2	3.2	2.4	2.4
4.01	3.2	3.2	2.4	3.2	3.2
4.012	2.4	3.2	3.2	3.2	2.4
4.014	3.2	4	2.4	4	3.2
4.016	3.2	3.2	1.6	2.4	3.2
4.018	3.2	2.4	3.2	3.2	4
4.02	2.4	2.4	2.4	3.2	3.2
4.022	3.2	3.2	3.2	2.4	2.4
4.024	2.4	2.4	3.2	3.2	3.2
4.026	3.2	2.4	2.4	2.4	2.4
4.028	3.2	2.4	3.2	2.4	2.4
4.03	4	3.2	3.2	2.4	3.2
4.032	2.4	2.4	1.6	2.4	4
4.034	3.2	3.2	3.2	3.2	2.4
4.036	3.2	2.4	2.4	3.2	2.4
4.038	3.2	3.2	4	3.2	3.2
4.04	3.2	3.2	3.2	2.4	3.2
4.042	2.4	3.2	3.2	3.2	3.2
4.044	3.2	3.2	3.2	3.2	2.4
4.046	3.2	2.4	4	3.2	3.2
4.048	3.2	3.2	3.2	2.4	3.2
4.05	3.2	3.2	3.2	2.4	3.2
4.052	3.2	2.4	3.2	2.4	3.2
4.054	4	3.2	2.4	3.2	2.4
4.056	2.4	3.2	1.6	3.2	3.2
4.058	3.2	3.2	4	3.2	3.2
4.06	3.2	2.4	3.2	3.2	2.4
4.062	3.2	2.4	2.4	3.2	2.4
4.064	4	3.2	3.2	2.4	3.2
4.066	3.2	3.2	2.4	3.2	3.2
4.068	2.4	3.2	2.4	2.4	3.2
4.07	3.2	2.4	3.2	2.4	3.2
4.072	3.2	3.2	3.2	3.2	3.2
4.074	3.2	3.2	2.4	3.2	3.2
4.076	2.4	3.2	2.4	3.2	2.4
4.078	2.4	3.2	2.4	2.4	2.4
4.08	3.2	3.2	3.2	0.8	2.4
4.082	3.2	2.4	2.4	3.2	4
4.084	3.2	3.2	4	3.2	3.2
4.086	3.2	3.2	2.4	2.4	3.2
4.088	3.2	2.4	3.2	3.2	3.2
4.09	3.2	2.4	3.2	2.4	2.4
4.092	3.2	3.2	3.2	3.2	2.4
4.094	2.4	3.2	2.4	3.2	3.2
4.096	3.2	3.2	3.2	3.2	3.2
4.098	3.2	2.4	3.2	3.2	2.4
4.1	2.4	3.2	3.2	4	3.2
4.102	3.2	3.2	4	3.2	3.2
4.104	3.2	3.2	3.2	3.2	2.4
4.106	2.4	4	2.4	3.2	3.2
4.108	4	3.2	2.4	4	1.6
4.11	4	3.2	3.2	4	3.2
4.112	3.2	1.6	3.2	2.4	3.2
4.114	3.2	3.2	2.4	3.2	2.4
4.116	3.2	3.2	2.4	2.4	2.4
4.118	3.2	2.4	2.4	4	2.4
4.12	3.2	3.2	3.2	3.2	3.2
4.122	3.2	2.4	4	3.2	3.2
4.124	3.2	2.4	3.2	3.2	3.2
4.126	3.2	3.2	3.2	2.4	3.2
4.128	2.4	2.4	2.4	3.2	3.2
4.13	3.2	3.2	4	3.2	2.4
4.132	2.4	2.4	3.2	3.2	3.2
4.134	2.4	3.2	3.2	3.2	4
4.136	3.2	3.2	3.2	3.2	3.2
4.138	3.2	3.2	3.2	3.2	2.4
4.14	2.4	3.2	3.2	3.2	3.2
4.142	3.2	2.4	2.4	4	3.2
4.144	3.2	2.4	3.2	3.2	3.2
4.146	2.4	2.4	3.2	2.4	3.2
4.148	3.2	3.2	3.2	2.4	2.4
4.15	2.4	4	3.2	3.2	2.4
4.152	2.4	1.6	3.2	3.2	2.4
4.154	2.4	3.2	2.4	3.2	4
4.156	2.4	3.2	3.2	3.2	2.4
4.158	3.2	3.2	3.2	2.4	2.4
4.16	3.2	3.2	3.2	2.4	3.2
4.162	3.2	3.2	2.4	3.2	2.4
4.164	3.2	3.2	3.2	3.2	2.4
4.166	3.2	3.2	2.4	3.2	2.4
4.168	3.2	2.4	2.4	2.4	3.2
4.17	2.4	4	3.2	3.2	3.2
4.172	2.4	2.4	4	3.2	2.4
4.174	3.2	3.2	3.2	3.2	4
4.176	4	3.2	4	2.4	3.2
4.178	3.2	3.2	2.4	2.4	3.2
4.18	4	2.4	3.2	2.4	3.2
4.182	2.4	3.2	2.4	3.2	2.4
4.184	3.2	2.4	2.4	2.4	4
4.186	2.4	3.2	3.2	3.2	2.4
4.188	2.4	2.4	3.2	3.2	4
4.19	2.4	4	3.2	2.4	2.4
4.192	3.2	2.4	2.4	3.2	4
4.194	3.2	2.4	3.2	3.2	3.2
4.196	2.4	2.4	3.2	3.2	3.2
4.198	4	3.2	3.2	1.6	3.2
4.2	3.2	3.2	2.4	3.2	1.6
4.202	2.4	3.2	3.2	3.2	3.2
4.204	2.4	2.4	4	3.2	3.2
4.206	2.4	3.2	3.2	4	4.8
4.208	3.2	2.4	1.6	3.2	3.2
4.21	3.2	3.2	3.2	3.2	2.4
4.212	2.4	3.2	4	3.2	3.2
4.214	3.2	3.2	3.2	3.2	3.2
4.216	3.2	3.2	2.4	4	3.2
4.218	3.2	3.2	3.2	2.4	4
4.22	3.2	3.2	3.2	2.4	3.2
4.222	2.4	3.2	2.4	2.4	3.2
4.224	3.2	3.2	4	3.2	4
4.226	2.4	2.4	3.2	2.4	3.2
4.228	3.2	3.2	3.2	3.2	3.2
4.23	3.2	3.2	3.2	2.4	2.4
4.232	2.4	3.2	2.4	2.4	3.2
4.234	4	3.2	3.2	3.2	3.2
4.236	3.2	3.2	2.4	2.4	2.4
4.238	3.2	3.2	3.2	4	3.2
4.24	3.2	3.2	3.2	3.2	1.6
4.242	3.2	4	3.2	2.4	3.2
4.244	3.2	3.2	3.2	2.4	3.2
4.246	3.2	2.4	3.2	3.2	3.2
4.248	3.2	2.4	2.4	3.2	3.2
4.25	2.4	3.2	3.2	3.2	2.4
4.252	3.2	4	3.2	2.4	3.2
4.254	3.2	3.2	2.4	3.2	3.2
4.256	3.2	3.2	3.2	3.2	3.2
4.258	3.2	3.2	3.2	3.2	3.2
4.26	3.2	3.2	2.4	3.2	2.4
4.262	4	3.2	3.2	3.2	3.2
4.264	3.2	3.2	2.4	3.2	3.2
4.266	2.4	1.6	2.4	2.4	3.2
4.268	3.2	2.4	3.2	2.4	3.2
4.27	3.2	3.2	3.2	3.2	2.4
4.272	4	3.2	2.4	3.2	3.2
4.274	2.4	3.2	3.2	2.4	2.4
4.276	3.2	3.2	2.4	3.2	2.4
4.278	3.2	3.2	3.2	3.2	2.4
4.28	2.4	3.2	3.2	2.4	2.4
4.282	3.2	3.2	3.2	3.2	3.2
4.284	3.2	4.8	3.2	3.2	3.2
4.286	3.2	3.2	2.4	3.2	2.4
4.288	3.2	3.2	3.2	2.4	3.2
4.29	2.4	3.2	3.2	3.2	3.2
4.292	2.4	2.4	3.2	3.2	3.2
4.294	2.4	2.4	2.4	4	3.2
4.296	2.4	3.2	2.4	3.2	2.4
4.298	3.2	3.2	3.2	3.2	2.4
4.3	2.4	3.2	4	3.2	3.2
4.302	2.4	2.4	3.2	3.2	2.4
4.304	3.2	3.2	3.2	2.4	3.2
4.306	4	3.2	3.2	3.2	4
4.308	2.4	3.2	3.2	2.4	3.2
4.31	3.2	4	3.2	3.2	3.2
4.312	2.4	3.2	3.2	3.2	3.2
4.314	3.2	2.4	3.2	3.2	3.2
4.316	3.2	4	2.4	4	3.2
4.318	3.2	4	2.4	2.4	3.2
4.32	3.2	3.2	3.2	2.4	3.2
4.322	2.4	3.2	3.2	3.2	3.2
4.324	3.2	4	3.2	3.2	3.2
4.326	3.2	3.2	3.2	3.2	1.6
4.328	3.2	4	2.4	3.2	3.2
4.33	2.4	3.2	2.4	2.4	2.4
4.332	4.8	3.2	3.2	2.4	3.2
4.334	1.6	3.2	3.2	3.2	2.4
4.336	2.4	3.2	3.2	3.2	3.2
4.338	3.2	2.4	2.4	3.2	3.2
4.34	3.2	2.4	3.2	3.2	4
4.342	3.2	3.2	3.2	3.2	2.4
4.344	3.2	3.2	4	3.2	4
4.346	3.2	3.2	3.2	1.6	4
4.348	4	2.4	3.2	3.2	3.2
4.35	2.4	3.2	3.2	2.4	2.4
4.352	2.4	2.4	2.4	3.2	2.4
4.354	3.2	2.4	3.2	3.2	2.4
4.356	2.4	3.2	3.2	2.4	3.2
4.358	3.2	2.4	3.2	2.4	3.2
4.36	2.4	3.2	3.2	3.2	3.2
4.362	3.2	3.2	3.2	3.2	3.2
4.364	4	4	4	3.2	3.2
4.366	3.2	3.2	3.2	2.4	2.4
4.368	3.2	3.2	3.2	3.2	2.4
4.37	3.2	3.2	3.2	3.2	2.4
4.372	4	3.2	2.4	4	3.2
4.374	2.4	3.2	2.4	3.2	3.2
4.376	2.4	3.2	4	3.2	3.2
4.378	3.2	2.4	3.2	2.4	3.2
4.38	2.4	3.2	3.2	3.2	3.2
4.382	2.4	2.4	3.2	3.2	3.2
4.384	3.2	3.2	2.4	3.2	3.2
4.386	3.2	2.4	3.2	2.4	3.2
4.388	2.4	3.2	2.4	3.2	3.2
4.39	3.2	2.4	2.4	3.2	2.4
4.392	2.4	3.2	3.2	2.4	2.4
4.394	3.2	2.4	3.2	2.4	2.4
4.396	4	2.4	3.2	3.2	3.2
4.398	3.2	3.2	2.4	2.4	3.2
4.4	3.2	2.4	2.4	3.2	2.4
4.402	4	2.4	3.2	2.4	3.2
4.404	3.2	3.2	3.2	3.2	3.2
4.406	3.2	3.2	3.2	2.4	3.2
4.408	3.2	4	2.4	2.4	2.4
4.41	2.4	3.2	3.2	2.4	3.2
4.412	3.2	3.2	3.2	3.2	4
4.414	2.4	3.2	3.2	3.2	3.2
4.416	4	3.2	2.4	3.2	3.2
4.418	2.4	3.2	2.4	2.4	3.2
4.42	3.2	2.4	3.2	3.2	3.2
4.422	3.2	3.2	2.4	4	3.2
4.424	2.4	2.4	3.2	3.2	2.4
4.426	4	2.4	2.4	3.2	3.2
4.428	3.2	2.4	3.2	3.2	4
4.43	3.2	3.2	3.2	3.2	2.4
4.432	2.4	2.4	2.4	3.2	3.2
4.434	3.2	3.2	2.4	3.2	2.4
4.436	3.2	4	2.4	3.2	3.2
4.438	3.2	2.4	3.2	3.2	2.4
4.44	3.2	3.2	2.4	2.4	3.2
4.442	3.2	3.2	3.2	3.2	3.2
4.444	3.2	2.4	3.2	2.4	3.2
4.446	4	2.4	3.2	2.4	3.2
4.448	3.2	2.4	3.2	2.4	3.2
4.45	4	4	3.2	3.2	3.2
4.452	2.4	3.2	2.4	3.2	3.2
4.454	2.4	3.2	2.4	2.4	3.2
4.456	3.2	3.2	2.4	4	3.2
4.458	3.2	3.2	3.2	3.2	3.2
4.46	3.2	3.2	3.2	4	3.2
4.462	2.4	3.2	3.2	2.4	3.2
4.464	3.2	3.2	3.2	3.2	3.2
4.466	2.4	3.2	4	2.4	3.2
4.468	3.2	3.2	2.4	3.2	3.2
4.47	3.2	3.2	3.2	3.2	3.2
4.472	3.2	3.2	2.4	2.4	3.2
4.474	3.2	3.2	2.4	2.4	3.2
4.476	3.2	2.4	2.4	3.2	2.4
4.478	2.4	3.2	3.2	3.2	3.2
4.48	2.4	3.2	3.2	2.4	3.2
4.482	3.2	2.4	3.2	4	2.4
4.484	3.2	3.2	3.2	3.2	3.2
4.486	3.2	2.4	2.4	3.2	2.4
4.488	3.2	2.4	3.2	2.4	2.4
4.49	3.2	3.2	2.4	2.4	4
4.492	3.2	3.2	3.2	3.2	3.2
4.494	2.4	3.2	4	3.2	3.2
4.496	3.2	3.2	4	3.2	2.4
4.498	3.2	3.2	3.2	1.6	2.4
4.5	2.4	2.4	3.2	2.4	3.2
4.502	3.2	4	3.2	2.4	2.4
4.504	3.2	2.4	2.4	3.2	2.4
4.506	2.4	3.2	3.2	3.2	3.2
4.508	2.4	4	3.2	3.2	3.2
4.51	3.2	4	4	2.4	3.2
4.512	3.2	3.2	4	3.2	2.4
4.514	3.2	3.2	3.2	3.2	3.2
4.516	3.2	1.6	3.2	2.4	2.4
4.518	3.2	3.2	1.6	3.2	2.4
4.52	3.2	2.4	3.2	2.4	3.2
4.522	3.2	3.2	3.2	2.4	4
4.524	3.2	2.4	2.4	3.2	3.2
4.526	3.2	1.6	3.2	4	3.2
4.528	3.2	2.4	3.2	3.2	3.2
4.53	3.2	3.2	3.2	3.2	3.2
4.532	2.4	4	2.4	3.2	3.2
4.534	4	2.4	2.4	2.4	4
4.536	3.2	4	2.4	3.2	3.2
4.538	3.2	3.2	3.2	3.2	3.2
4.54	2.4	2.4	3.2	4	3.2
4.542	3.2	3.2	2.4	3.2	3.2
4.544	3.2	3.2	2.4	3.2	4
4.546	2.4	3.2	3.2	2.4	2.4
4.548	3.2	3.2	3.2	3.2	1.6
4.55	3.2	3.2	3.2	2.4	2.4
4.552	3.2	3.2	3.2	3.2	3.2
4.554	3.2	3.2	2.4	3.2	3.2
4.556	3.2	3.2	3.2	3.2	2.4
4.558	4	3.2	4	3.2	3.2
4.56	2.4	2.4	2.4	3.2	2.4
4.562	3.2	1.6	2.4	4	3.2
4.564	3.2	3.2	3.2	3.2	3.2
4.566	2.4	3.2	3.2	2.4	3.2
4.568	3.2	2.4	3.2	3.2	3.2
4.57	3.2	3.2	3.2	2.4	3.2
4.572	3.2	2.4	3.2	3.2	3.2
4.574	3.2	3.2	3.2	3.2	1.6
4.576	2.4	3.2	3.2	3.2	2.4
4.578	3.2	2.4	3.2	3.2	3.2
4.58	3.2	2.4	3.2	3.2	2.4
4.582	3.2	3.2	2.4	3.2	3.2
4.584	2.4	4	3.2	2.4	3.2
4.586	2.4	3.2	3.2	2.4	3.2
4.588	2.4	2.4	3.2	3.2	3.2
4.59	3.2	2.4	3.2	2.4	3.2
4.592	3.2	2.4	3.2	3.2	2.4
4.594	2.4	2.4	3.2	3.2	2.4
4.596	3.2	3.2	3.2	3.2	4
4.598	3.2	2.4	3.2	3.2	2.4
4.6	3.2	3.2	4	3.2	4
4.602	3.2	3.2	3.2	2.4	4
4.604	3.2	2.4	3.2	3.2	4
4.606	3.2	3.2	3.2	3.2	3.2
4.608	2.4	2.4	3.2	3.2	3.2
4.61	3.2	3.2	4	3.2	2.4
4.612	2.4	3.2	3.2	2.4	3.2
4.614	2.4	3.2	3.2	2.4	3.2
4.616	2.4	3.2	2.4	3.2	3.2
4.618	3.2	4	2.4	3.2	3.2
4.62	3.2	3.2	3.2	2.4	2.4
4.622	4	2.4	4	3.2	3.2
4.624	3.2	2.4	3.2	3.2	4
4.626	3.2	2.4	2.4	3.2	3.2
4.628	3.2	4	2.4	3.2	2.4
4.63	3.2	2.4	3.2	3.2	3.2
4.632	2.4	3.2	3.2	2.4	2.4
4.634	4	2.4	3.2	4	3.2
4.636	2.4	3.2	3.2	4	2.4
4.638	2.4	4	2.4	3.2	3.2
4.64	3.2	3.2	3.2	4	2.4
4.642	2.4	3.2	3.2	3.2	3.2
4.644	3.2	2.4	2.4	4	3.2
4.646	2.4	3.2	3.2	3.2	2.4
4.648	3.2	4	2.4	3.2	2.4
4.65	3.2	3.2	2.4	3.2	2.4
4.652	3.2	3.2	2.4	4	2.4
4.654	3.2	2.4	3.2	2.4	3.2
4.656	2.4	3.2	3.2	2.4	4
4.658	2.4	4	2.4	3.2	2.4
4.66	2.4	3.2	3.2	2.4	2.4
4.662	3.2	3.2	2.4	3.2	2.4
4.664	2.4	2.4	2.4	2.4	3.2
4.666	4	3.2	3.2	3.2	3.2
4.668	3.2	2.4	2.4	3.2	2.4
4.67	2.4	3.2	2.4	3.2	4
4.672	2.4	3.2	2.4	2.4	3.2
4.674	2.4	3.2	2.4	2.4	4
4.676	4	2.4	3.2	3.2	3.2
4.678	3.2	3.2	3.2	2.4	4
4.68	3.2	3.2	1.6	3.2	3.2
4.682	2.4	3.2	2.4	4	3.2
4.684	3.2	3.2	3.2	2.4	3.2
4.686	2.4	3.2	3.2	2.4	3.2
4.688	3.2	3.2	3.2	3.2	2.4
4.69	2.4	4	2.4	2.4	3.2
4.692	3.2	4	2.4	4	3.2
4.694	2.4	4	3.2	3.2	3.2
4.696	2.4	3.2	3.2	3.2	3.2
4.698	2.4	3.2	3.2	3.2	3.2
4.7	3.2	4	3.2	3.2	3.2
4.702	3.2	3.2	2.4	3.2	2.4
4.704	2.4	3.2	3.2	2.4	2.4
4.706	3.2	2.4	3.2	3.2	4
4.708	3.2	2.4	3.2	3.2	3.2
4.71	3.2	3.2	3.2	3.2	3.2
4.712	2.4	3.2	3.2	3.2	2.4
4.714	1.6	3.2	2.4	3.2	3.2
4.716	3.2	3.2	3.2	2.4	3.2
4.718	3.2	3.2	3.2	2.4	3.2
4.72	3.2	2.4	3.2	1.6	3.2
4.722	2.4	3.2	3.2	2.4	3.2
4.724	2.4	3.2	3.2	2.4	3.2
4.726	3.2	4	3.2	3.2	3.2
4.728	3.2	2.4	3.2	3.2	3.2
4.73	3.2	3.2	2.4	3.2	3.2
4.732	3.2	3.2	4	2.4	3.2
4.734	2.4	2.4	3.2	4	3.2
4.736	2.4	3.2	2.4	3.2	3.2
4.738	3.2	2.4	3.2	3.2	4
4.74	3.2	2.4	3.2	3.2	3.2
4.742	3.2	3.2	3.2	3.2	2.4
4.744	3.2	3.2	3.2	3.2	3.2
4.746	3.2	3.2	3.2	3.2	2.4
4.748	1.6	3.2	2.4	2.4	2.4
4.75	2.4	3.2	3.2	3.2	3.2
4.752	3.2	3.2	2.4	3.2	3.2
4.754	3.2	2.4	2.4	3.2	3.2
4.756	3.2	3.2	2.4	2.4	3.2
4.758	2.4	2.4	3.2	3.2	3.2
4.76	3.2	3.2	3.2	3.2	3.2
4.762	3.2	3.2	3.2	3.2	3.2
4.764	3.2	2.4	3.2	3.2	2.4
4.766	3.2	4	2.4	3.2	2.4
4.768	3.2	3.2	3.2	3.2	3.2
4.77	2.4	2.4	3.2	3.2	3.2
4.772	4	2.4	2.4	2.4	3.2
4.774	4	2.4	3.2	2.4	4
4.776	3.2	3.2	3.2	3.2	3.2
4.778	2.4	4	2.4	3.2	2.4
4.78	2.4	3.2	3.2	3.2	3.2
4.782	3.2	3.2	2.4	2.4	3.2
4.784	3.2	3.2	3.2	2.4	2.4
4.786	3.2	3.2	2.4	2.4	2.4
4.788	2.4	3.2	2.4	4	3.2
4.79	3.2	2.4	3.2	3.2	4
4.792	3.2	3.2	3.2	3.2	2.4
4.794	3.2	3.2	3.2	3.2	3.2
4.796	2.4	3.2	2.4	3.2	3.2
4.798	4	3.2	3.2	3.2	3.2
4.8	1.6	3.2	3.2	2.4	2.4
4.802	3.2	2.4	3.2	3.2	3.2
4.804	2.4	3.2	3.2	2.4	3.2
4.806	3.2	1.6	2.4	3.2	3.2
4.808	2.4	3.2	3.2	2.4	2.4
4.81	2.4	3.2	4	3.2	2.4
4.812	3.2	3.2	3.2	3.2	3.2
4.814	4	3.2	3.2	3.2	3.2
4.816	3.2	3.2	3.2	2.4	2.4
4.818	2.4	3.2	2.4	3.2	3.2
4.82	3.2	3.2	2.4	4	4
4.822	3.2	3.2	3.2	4	4
4.824	3.2	3.2	1.6	3.2	3.2
4.826	3.2	3.2	2.4	3.2	3.2
4.828	3.2	2.4	3.2	2.4	3.2
4.83	3.2	2.4	3.2	3.2	3.2
4.832	2.4	3.2	4	3.2	2.4
4.834	3.2	2.4	2.4	2.4	3.2
4.836	3.2	3.2	3.2	2.4	4
4.838	3.2	3.2	2.4	3.2	3.2
4.84	2.4	3.2	3.2	4	2.4
4.842	2.4	2.4	3.2	3.2	3.2
4.844	3.2	2.4	2.4	3.2	3.2
4.846	3.2	2.4	3.2	3.2	3.2
4.848	3.2	2.4	4	2.4	2.4
4.85	2.4	3.2	3.2	3.2	2.4
4.852	2.4	3.2	2.4	3.2	3.2
4.854	2.4	4	3.2	3.2	2.4
4.856	3.2	3.2	2.4	3.2	4
4.858	3.2	3.2	2.4	3.2	3.2
4.86	2.4	2.4	3.2	2.4	2.4
4.862	3.2	3.2	2.4	3.2	3.2
4.864	2.4	3.2	3.2	3.2	4
4.866	3.2	2.4	2.4	3.2	3.2
4.868	3.2	3.2	3.2	2.4	3.2
4.87	3.2	3.2	4	4	3.2
4.872	3.2	4	4	3.2	3.2
4.874	1.6	3.2	3.2	2.4	2.4
4.876	3.2	2.4	3.2	3.2	3.2
4.878	3.2	3.2	3.2	2.4	1.6
4.88	3.2	2.4	3.2	2.4	2.4
4.882	3.2	3.2	2.4	2.4	3.2
4.884	3.2	2.4	3.2	3.2	3.2
4.886	3.2	2.4	3.2	3.2	4
4.888	3.2	3.2	3.2	2.4	3.2
4.89	4	3.2	3.2	3.2	2.4
4.892	2.4	3.2	3.2	3.2	2.4
4.894	2.4	3.2	3.2	2.4	3.2
4.896	2.4	3.2	2.4	3.2	3.2
4.898	2.4	2.4	3.2	4	3.2
4.9	3.2	3.2	3.2	3.2	3.2
4.902	3.2	3.2	3.2	3.2	2.4
4.904	2.4	3.2	3.2	3.2	2.4
4.906	2.4	3.2	3.2	2.4	2.4
4.908	3.2	2.4	3.2	4	3.2
4.91	3.2	3.2	3.2	2.4	3.2
4.912	3.2	2.4	3.2	3.2	3.2
4.914	3.2	3.2	2.4	4	2.4
4.916	3.2	3.2	3.2	3.2	3.2
4.918	2.4	1.6	3.2	3.2	3.2
4.92	3.2	2.4	2.4	3.2	4
4.922	3.2	2.4	2.4	3.2	3.2
4.924	2.4	3.2	3.2	2.4	2.4
4.926	2.4	2.4	3.2	3.2	3.2
4.928	3.2	2.4	2.4	3.2	2.4
4.93	3.2	2.4	3.2	3.2	3.2
4.932	3.2	3.2	3.2	3.2	1.6
4.934	3.2	3.2	4	3.2	3.2
4.936	3.2	3.2	3.2	2.4	3.2
4.938	3.2	3.2	2.4	3.2	3.2
4.94	2.4	1.6	2.4	2.4	2.4
4.942	3.2	3.2	2.4	3.2	2.4
4.944	2.4	2.4	2.4	3.2	3.2
4.946	2.4	3.2	4	3.2	3.2
4.948	3.2	3.2	3.2	3.2	3.2
4.95	2.4	2.4	4	2.4	3.2
4.952	3.2	3.2	2.4	3.2	3.2
4.954	3.2	3.2	2.4	2.4	3.2
4.956	2.4	3.2	3.2	2.4	3.2
4.958	3.2	4	3.2	4	3.2
4.96	3.2	3.2	3.2	3.2	2.4
4.962	2.4	3.2	4	3.2	2.4
4.964	3.2	3.2	3.2	2.4	3.2
4.966	2.4	2.4	3.2	2.4	2.4
4.968	3.2	4	2.4	3.2	3.2
4.97	3.2	3.2	3.2	2.4	2.4
4.972	3.2	3.2	2.4	2.4	4
4.974	3.2	3.2	3.2	3.2	2.4
4.976	4	3.2	3.2	3.2	2.4
4.978	4	3.2	3.2	2.4	3.2
4.98	3.2	3.2	2.4	3.2	3.2
4.982	2.4	2.4	3.2	3.2	3.2
4.984	3.2	3.2	2.4	4	3.2
4.986	4	2.4	3.2	3.2	2.4
4.988	4	3.2	3.2	3.2	4
4.99	2.4	3.2	3.2	2.4	2.4
4.992	2.4	3.2	2.4	2.4	3.2
4.994	3.2	3.2	3.2	2.4	2.4
4.996	3.2	3.2	3.2	3.2	2.4
4.998	3.2	3.2	3.2	2.4	3.2
